#Res            first
   1.000      20.4532
   2.000      19.1573
   3.000      19.0640
   4.000      20.1520
   5.000      18.7488
   6.000      16.9022
   7.000      14.6639
   8.000      12.8986
   9.000      11.3001
  10.000       9.2839
  11.000       7.6827
  12.000       6.2970
  13.000       5.3417
  14.000       4.1796
  15.000       4.7130
  16.000       5.0233
  17.000       4.1839
  18.000       3.5851
  19.000       3.6250
  20.000       3.0697
  21.000       3.2534
  22.000       3.1521
  23.000       3.5169
  24.000       3.4610
  25.000       2.8248
  26.000       2.7503
  27.000       3.0978
  28.000       2.9160
  29.000       2.4003
  30.000       2.6403
  31.000       2.4991
  32.000       2.1017
  33.000       1.5159
  34.000       1.5942
  35.000       1.9593
  36.000       1.7799
  37.000       2.2638
  38.000       2.5121
  39.000       3.0293
  40.000       2.4711
  41.000       2.1719
  42.000       2.1145
  43.000       1.9865
  44.000       2.7578
  45.000       2.9189
  46.000       2.5860
  47.000       2.0378
  48.000       1.8750
  49.000       1.5975
  50.000       1.3771
  51.000       1.2059
  52.000       1.4365
  53.000       1.7209
  54.000       1.9201
  55.000       2.6113
  56.000       2.2430
  57.000       1.8921
  58.000       2.0213
  59.000       2.0281
  60.000       2.1424
  61.000       2.4242
  62.000       2.8556
  63.000       3.6680
  64.000       3.7334
  65.000       3.7999
  66.000       3.7926
  67.000       3.6647
  68.000       3.4444
  69.000       3.4372
  70.000       2.8387
  71.000       3.0943
  72.000       3.2857
  73.000       3.9879
  74.000       4.6831
  75.000       4.3998
  76.000       3.5940
  77.000       3.3312
  78.000       2.4708
  79.000       2.6135
  80.000       2.2713
  81.000       2.8081
  82.000       2.0503
  83.000       2.2198
  84.000       3.1839
  85.000       3.4646
  86.000       3.5973
  87.000       3.8979
  88.000       3.7036
  89.000       3.1391
  90.000       3.0763
  91.000       3.3295
  92.000       2.8765
  93.000       3.3089
  94.000       3.3455
  95.000       3.9231
  96.000       4.0641
  97.000       3.3669
  98.000       3.0657
  99.000       2.6326
 100.000       2.7741
 101.000       2.6192
 102.000       3.3410
 103.000       3.4815
 104.000       3.7760
 105.000       4.0029
 106.000       3.7469
 107.000       3.3834
 108.000       3.4077
 109.000       2.8664
 110.000       2.2940
 111.000       2.0184
 112.000       1.8542
 113.000       1.8177
 114.000       2.1847
 115.000       2.5702
 116.000       2.7705
 117.000       2.7000
 118.000       2.5545
 119.000       2.8600
 120.000       2.5452
 121.000       2.5115
 122.000       1.8878
 123.000       1.6132
 124.000       1.4920
 125.000       1.3185
 126.000       1.0732
 127.000       1.0368
 128.000       1.3856
 129.000       1.6987
 130.000       2.1149
 131.000       2.5499
 132.000       2.3498
 133.000       1.7943
 134.000       1.4016
 135.000       1.2433
 136.000       0.9746
 137.000       1.1277
 138.000       1.3831
 139.000       1.9353
 140.000       2.7890
 141.000       5.1325
 142.000       6.8860
 143.000       8.3139
