#Res            first
   1.000       6.3989
   2.000       5.2074
   3.000       3.8471
   4.000       2.5107
   5.000       2.4060
   6.000       1.6635
   7.000       1.3607
   8.000       1.2614
   9.000       1.4644
  10.000       1.7239
  11.000       1.4522
  12.000       1.2460
  13.000       1.5651
  14.000       1.2108
  15.000       1.6938
  16.000       2.1761
  17.000       2.5129
  18.000       4.2946
  19.000       4.2925
  20.000       2.9806
  21.000       1.5768
  22.000       1.1739
  23.000       1.2624
  24.000       1.4048
  25.000       1.3748
  26.000       1.2973
  27.000       1.4694
  28.000       1.7583
  29.000       2.0801
  30.000       2.2603
  31.000       3.1386
  32.000       3.3722
  33.000       3.5744
  34.000       3.8709
  35.000       4.8067
  36.000       4.0188
  37.000       3.0504
  38.000       2.8880
  39.000       2.3591
  40.000       2.9767
  41.000       2.8258
  42.000       2.4686
  43.000       2.3262
  44.000       2.7160
  45.000       2.3730
  46.000       1.5649
  47.000       1.0861
  48.000       0.9864
  49.000       0.9276
  50.000       0.9570
  51.000       0.9709
  52.000       1.2045
  53.000       2.0785
  54.000       2.3477
  55.000       2.3519
  56.000       1.8054
  57.000       1.9543
  58.000       1.5394
  59.000       1.2373
  60.000       1.1371
  61.000       1.0901
  62.000       1.1312
  63.000       0.9954
  64.000       1.3987
  65.000       1.2689
  66.000       1.4830
  67.000       1.1846
  68.000       1.0984
  69.000       0.9092
  70.000       0.8264
  71.000       0.9747
  72.000       1.3908
  73.000       1.7549
  74.000       1.6683
  75.000       1.5699
  76.000       0.9653
  77.000       1.0882
  78.000       1.2648
  79.000       1.1639
  80.000       1.0461
  81.000       1.1691
  82.000       1.0580
  83.000       1.1728
  84.000       0.9610
  85.000       0.9645
  86.000       0.7903
  87.000       0.9654
  88.000       0.7529
  89.000       0.7529
  90.000       0.7495
  91.000       0.9029
  92.000       0.8387
  93.000       0.9089
  94.000       0.8766
  95.000       2.1465
  96.000       2.5029
  97.000       1.9231
  98.000       1.1034
  99.000       0.7415
 100.000       0.6443
 101.000       0.7200
 102.000       0.7695
 103.000       0.7305
 104.000       0.8603
 105.000       0.8527
 106.000       1.0284
 107.000       0.9846
 108.000       1.4023
 109.000       1.4724
 110.000       1.1979
 111.000       0.8149
 112.000       1.2273
 113.000       1.7634
 114.000       1.7222
 115.000       1.2446
 116.000       0.9858
 117.000       0.8340
 118.000       0.8506
 119.000       0.8126
 120.000       0.7839
 121.000       0.7561
 122.000       0.8404
 123.000       0.8949
 124.000       1.0619
 125.000       1.2308
 126.000       1.1874
 127.000       1.0676
 128.000       0.9619
 129.000       0.8902
 130.000       1.7157
 131.000       2.4787
 132.000       2.1520
 133.000       1.1290
 134.000       0.8637
 135.000       0.8148
 136.000       0.9244
 137.000       0.9094
 138.000       1.0948
 139.000       1.5074
 140.000       2.2049
 141.000       3.2091
 142.000       5.0989
 143.000       6.1956
