#Residue         Para         Anti         3-10        Alpha           Pi         Turn         Bend
       1       0.0000       0.0000       0.0000       0.0000       0.0000       0.0000       0.0000
       2       0.0002       0.9979       0.0000       0.0000       0.0000       0.0000       0.0000
       3       0.0001       0.9996       0.0000       0.0000       0.0000       0.0000       0.0000
       4       0.0003       0.9997       0.0000       0.0000       0.0000       0.0000       0.0000
       5       0.0002       0.9998       0.0000       0.0000       0.0000       0.0000       0.0000
       6       0.0180       0.9819       0.0000       0.0000       0.0000       0.0000       0.0000
       7       0.0050       0.0026       0.0000       0.0000       0.0000       0.0000       0.0000
       8       0.0000       0.0000       0.0000       0.0000       0.0000       0.8110       0.1890
       9       0.0000       0.0000       0.0000       0.0000       0.0000       0.8110       0.1890
      10       0.0000       0.0000       0.0000       0.0000       0.0000       0.0026       0.8790
      11       0.0000       0.0025       0.0000       0.0000       0.0000       0.0000       0.0070
      12       0.0000       0.9819       0.0000       0.0000       0.0000       0.0000       0.0000
      13       0.0000       0.9998       0.0000       0.0000       0.0000       0.0000       0.0000
      14       0.0000       0.9997       0.0000       0.0000       0.0000       0.0000       0.0000
      15       0.0000       0.9996       0.0000       0.0000       0.0000       0.0000       0.0000
      16       0.0000       0.9979       0.0000       0.0000       0.0000       0.0000       0.0001
      17       0.0000       0.0000       0.0000       0.0000       0.0000       0.0000       0.0000
      18       0.0000       0.0000       0.0000       0.0000       0.0000       0.0000       0.0000
      19       0.0000       0.0000       0.0000       0.0000       0.0000       0.7628       0.1851
      20       0.0000       0.0000       0.0000       0.0000       0.0000       0.7630       0.1830
      21       0.0000       0.0000       0.0000       0.0000       0.0000       0.0006       0.8744
      22       0.0000       0.7634       0.0000       0.0000       0.0000       0.0000       0.0267
      23       0.0000       0.0000       0.0007       0.3934       0.0000       0.4798       0.1260
      24       0.0000       0.0000       0.0007       0.9603       0.0000       0.0052       0.0218
      25       0.0000       0.0000       0.0007       0.9991       0.0000       0.0002       0.0000
      26       0.0000       0.0000       0.0001       0.9997       0.0000       0.0002       0.0000
      27       0.0000       0.0000       0.0000       0.9998       0.0000       0.0002       0.0000
      28       0.0000       0.0000       0.0000       1.0000       0.0000       0.0000       0.0000
      29       0.0000       0.0000       0.0000       0.9997       0.0000       0.0003       0.0000
      30       0.0000       0.0000       0.0000       0.9994       0.0000       0.0006       0.0000
      31       0.0000       0.0000       0.0000       0.9989       0.0000       0.0011       0.0000
      32       0.0000       0.0000       0.0000       0.9339       0.0000       0.0661       0.0000
      33       0.0000       0.0000       0.0000       0.9334       0.0000       0.0666       0.0000
      34       0.0000       0.0000       0.0000       0.8285       0.0000       0.1624       0.0090
      35       0.0000       0.0000       0.0000       0.0000       0.0000       0.0018       0.0126
      36       0.0000       0.0000       0.0000       0.0000       0.0000       0.0000       0.0030
      37       0.0000       0.0000       0.0000       0.0000       0.0000       0.0000       0.0000
      38       0.0000       0.0000       0.6739       0.0000       0.0000       0.3192       0.0069
      39       0.0000       0.0000       0.6739       0.0000       0.0000       0.3244       0.0017
      40       0.0000       0.0000       0.6739       0.0000       0.0000       0.2720       0.0542
      41       0.0000       0.8776       0.0000       0.0000       0.0000       0.0000       0.0001
      42       0.0000       0.9970       0.0000       0.0000       0.0000       0.0000       0.0000
      43       0.0000       0.9968       0.0000       0.0000       0.0000       0.0000       0.0000
      44       0.0000       0.9998       0.0000       0.0000       0.0000       0.0000       0.0000
      45       0.0000       0.9476       0.0000       0.0000       0.0000       0.0000       0.0425
      46       0.0000       0.0000       0.0000       0.0000       0.0000       0.9398       0.0602
      47       0.0000       0.0000       0.0000       0.0000       0.0000       0.9397       0.0603
      48       0.0000       0.9392       0.0000       0.0000       0.0000       0.0000       0.0204
      49       0.0000       0.8261       0.0000       0.0000       0.0000       0.0000       0.0000
      50       0.0000       0.0644       0.0000       0.0000       0.0000       0.0008       0.0128
      51       0.0000       0.0000       0.0000       0.0000       0.0000       0.0009       0.0004
      52       0.0000       0.0000       0.0000       0.0000       0.0000       0.6762       0.2757
      53       0.0000       0.0000       0.0000       0.0000       0.0000       0.6762       0.2823
      54       0.0000       0.0000       0.0000       0.0000       0.0000       0.0000       0.3048
      55       0.0000       0.7634       0.0000       0.0000       0.0000       0.0000       0.0000
      56       0.0000       0.0000       0.2588       0.2903       0.0000       0.1840       0.2628
      57       0.0000       0.0000       0.2962       0.3228       0.0000       0.3452       0.0315
      58       0.0000       0.0000       0.3014       0.3424       0.0000       0.3090       0.0466
      59       0.0000       0.0000       0.0922       0.3424       0.0000       0.3848       0.1417
      60       0.0000       0.0002       0.0096       0.0921       0.0000       0.1216       0.1892
      61       0.0000       0.0000       0.0020       0.0427       0.0000       0.0514       0.1626
      62       0.0000       0.0054       0.0002       0.0014       0.0000       0.0182       0.3766
      63       0.0000       0.0002       0.0000       0.0000       0.0000       0.0813       0.6433
      64       0.0000       0.0000       0.0000       0.0000       0.0000       0.0745       0.6984
      65       0.0000       0.0053       0.0000       0.0000       0.0000       0.0156       0.8084
      66       0.1599       0.0001       0.0000       0.0000       0.0000       0.0023       0.1668
      67       0.4387       0.0000       0.0000       0.0000       0.0000       0.0000       0.0180
      68       0.9365       0.0000       0.0000       0.0000       0.0000       0.0000       0.0000
      69       0.9589       0.0071       0.0000       0.0000       0.0000       0.0000       0.0000
      70       0.9940       0.0060       0.0000       0.0000       0.0000       0.0000       0.0000
      71       0.0055       0.9912       0.0000       0.0000       0.0000       0.0000       0.0000
      72       0.0000       0.9970       0.0000       0.0000       0.0000       0.0000       0.0000
      73       0.0000       0.8782       0.0000       0.0000       0.0000       0.0000       0.0561
      74       0.0000       0.0000       0.0000       0.0000       0.0000       0.1073       0.4597
      75       0.0000       0.0000       0.0000       0.0000       0.0000       0.1073       0.0000
      76       0.0000       0.0152       0.0000       0.0000       0.0000       0.0000       0.0000
