#Residue         Para         Anti         3-10        Alpha           Pi         Turn         Bend
       1       0.0000       0.0000       0.0000       0.0000       0.0000       0.0000       0.0000
       2       0.0000       0.9997       0.0000       0.0000       0.0000       0.0000       0.0000
       3       0.0001       0.9994       0.0000       0.0000       0.0000       0.0000       0.0000
       4       0.0004       0.9993       0.0000       0.0000       0.0000       0.0000       0.0000
       5       0.0010       0.9988       0.0000       0.0000       0.0000       0.0000       0.0000
       6       0.0903       0.9092       0.0000       0.0000       0.0000       0.0000       0.0000
       7       0.0976       0.0045       0.0000       0.0000       0.0000       0.0000       0.0000
       8       0.0000       0.0000       0.0000       0.0000       0.0000       0.7619       0.2381
       9       0.0000       0.0000       0.0000       0.0000       0.0000       0.7619       0.2381
      10       0.0000       0.0002       0.0000       0.0000       0.0000       0.0044       0.8378
      11       0.0000       0.0042       0.0000       0.0000       0.0000       0.0001       0.0208
      12       0.0000       0.9092       0.0000       0.0000       0.0000       0.0000       0.0000
      13       0.0000       0.9988       0.0000       0.0000       0.0000       0.0000       0.0000
      14       0.0000       0.9993       0.0000       0.0000       0.0000       0.0000       0.0000
      15       0.0000       0.9994       0.0000       0.0000       0.0000       0.0000       0.0000
      16       0.0000       0.9997       0.0000       0.0000       0.0000       0.0000       0.0000
      17       0.0000       0.0000       0.0000       0.0000       0.0000       0.0000       0.0000
      18       0.0000       0.0000       0.0000       0.0000       0.0000       0.0000       0.0000
      19       0.0000       0.0000       0.0000       0.0000       0.0000       0.7318       0.1356
      20       0.0000       0.0000       0.0000       0.0000       0.0000       0.7318       0.1422
      21       0.0000       0.0000       0.0000       0.0000       0.0000       0.0100       0.7368
      22       0.0000       0.5009       0.0000       0.0000       0.0000       0.0000       0.0598
      23       0.0000       0.0000       0.0005       0.4354       0.0000       0.3302       0.2197
      24       0.0000       0.0000       0.0006       0.9834       0.0000       0.0118       0.0040
      25       0.0000       0.0000       0.0007       0.9986       0.0000       0.0008       0.0000
      26       0.0000       0.0000       0.0002       0.9997       0.0000       0.0002       0.0000
      27       0.0000       0.0000       0.0000       0.9998       0.0000       0.0001       0.0000
      28       0.0000       0.0000       0.0000       0.9999       0.0000       0.0000       0.0000
      29       0.0000       0.0000       0.0000       0.9996       0.0000       0.0003       0.0000
      30       0.0000       0.0000       0.0000       0.9991       0.0000       0.0008       0.0000
      31       0.0000       0.0000       0.0000       0.9987       0.0001       0.0012       0.0000
      32       0.0000       0.0000       0.0000       0.9370       0.0001       0.0630       0.0000
      33       0.0000       0.0000       0.0000       0.9366       0.0001       0.0634       0.0000
      34       0.0000       0.0000       0.0000       0.8290       0.0001       0.1623       0.0087
      35       0.0000       0.0000       0.0000       0.0000       0.0001       0.0024       0.0132
      36       0.0000       0.0000       0.0000       0.0000       0.0000       0.0000       0.0030
      37       0.0000       0.0000       0.0000       0.0000       0.0000       0.0000       0.0000
      38       0.0000       0.0000       0.6260       0.0000       0.0000       0.3664       0.0077
      39       0.0000       0.0000       0.6260       0.0000       0.0000       0.3723       0.0017
      40       0.0000       0.0000       0.6260       0.0000       0.0000       0.3264       0.0476
      41       0.0000       0.9119       0.0000       0.0000       0.0000       0.0000       0.0000
      42       0.0000       0.9950       0.0000       0.0000       0.0000       0.0000       0.0000
      43       0.0000       0.9962       0.0000       0.0000       0.0000       0.0000       0.0000
      44       0.0000       0.9939       0.0000       0.0000       0.0000       0.0000       0.0000
      45       0.0000       0.8725       0.0000       0.0000       0.0000       0.0000       0.0324
      46       0.0000       0.0000       0.0000       0.0000       0.0000       0.8657       0.1343
      47       0.0000       0.0000       0.0000       0.0000       0.0000       0.8656       0.1344
      48       0.0000       0.8140       0.0000       0.0000       0.0000       0.0000       0.1027
      49       0.0000       0.7793       0.0000       0.0000       0.0000       0.0000       0.0003
      50       0.0000       0.0463       0.0000       0.0000       0.0000       0.0000       0.0004
      51       0.0000       0.0001       0.0000       0.0000       0.0000       0.0000       0.0154
      52       0.0000       0.0000       0.0000       0.0000       0.0000       0.6561       0.3288
      53       0.0000       0.0000       0.0000       0.0000       0.0000       0.6561       0.3356
      54       0.0000       0.0001       0.0000       0.0000       0.0000       0.0000       0.2468
      55       0.0000       0.5009       0.0000       0.0000       0.0000       0.0000       0.0000
      56       0.0000       0.0000       0.2263       0.1997       0.0000       0.2364       0.3262
      57       0.0034       0.0000       0.2794       0.2328       0.0000       0.4008       0.0805
      58       0.0000       0.0000       0.2824       0.2408       0.0000       0.3680       0.1078
      59       0.0000       0.0000       0.0970       0.2413       0.0000       0.2748       0.3187
      60       0.0034       0.0000       0.0065       0.0572       0.0000       0.0530       0.2466
      61       0.0002       0.0072       0.0023       0.0347       0.0000       0.0456       0.1843
      62       0.0000       0.0035       0.0020       0.0016       0.0000       0.0840       0.4091
      63       0.0000       0.0000       0.0000       0.0000       0.0000       0.1147       0.5352
      64       0.0002       0.0072       0.0000       0.0000       0.0000       0.0507       0.7334
      65       0.0000       0.0035       0.0000       0.0000       0.0000       0.0006       0.6468
      66       0.0537       0.0000       0.0000       0.0000       0.0000       0.0005       0.0993
      67       0.2392       0.0000       0.0000       0.0000       0.0000       0.0000       0.0819
      68       0.6923       0.0000       0.0000       0.0000       0.0000       0.0000       0.0210
      69       0.8232       0.0914       0.0000       0.0000       0.0000       0.0000       0.0000
      70       0.9780       0.0176       0.0000       0.0000       0.0000       0.0000       0.0000
      71       0.0987       0.8975       0.0000       0.0000       0.0000       0.0000       0.0000
      72       0.0000       0.9950       0.0000       0.0000       0.0000       0.0000       0.0000
      73       0.0000       0.9122       0.0000       0.0000       0.0000       0.0000       0.0006
      74       0.0000       0.0000       0.0000       0.0000       0.0000       0.0777       0.4637
      75       0.0000       0.0000       0.0000       0.0000       0.0000       0.0777       0.0000
      76       0.0000       0.0061       0.0000       0.0000       0.0000       0.0000       0.0000
