#Residue         Para         Anti         3-10        Alpha           Pi         Turn         Bend
       1       0.0000       0.0000       0.0000       0.0000       0.0000       0.0000       0.0000
       2       0.0000       0.9991       0.0000       0.0000       0.0000       0.0000       0.0000
       3       0.0000       0.9994       0.0000       0.0000       0.0000       0.0000       0.0000
       4       0.0003       0.9996       0.0000       0.0000       0.0000       0.0000       0.0000
       5       0.0071       0.9905       0.0000       0.0000       0.0000       0.0000       0.0000
       6       0.0155       0.9844       0.0000       0.0000       0.0000       0.0000       0.0000
       7       0.0234       0.0026       0.0000       0.0000       0.0000       0.0000       0.0000
       8       0.0000       0.0000       0.0000       0.0000       0.0000       0.7599       0.2401
       9       0.0000       0.0000       0.0000       0.0000       0.0000       0.7599       0.2401
      10       0.0000       0.0001       0.0000       0.0000       0.0000       0.0026       0.8376
      11       0.0000       0.0025       0.0000       0.0000       0.0000       0.0000       0.0082
      12       0.0000       0.9844       0.0000       0.0000       0.0000       0.0000       0.0000
      13       0.0000       0.9905       0.0000       0.0000       0.0000       0.0000       0.0000
      14       0.0000       0.9996       0.0000       0.0000       0.0000       0.0000       0.0000
      15       0.0000       0.9994       0.0000       0.0000       0.0000       0.0000       0.0000
      16       0.0000       0.9991       0.0000       0.0000       0.0000       0.0000       0.0000
      17       0.0000       0.0000       0.0000       0.0000       0.0000       0.0000       0.0000
      18       0.0000       0.0000       0.0000       0.0000       0.0000       0.0000       0.0000
      19       0.0000       0.0000       0.0000       0.0000       0.0000       0.9122       0.0876
      20       0.0000       0.0000       0.0000       0.0000       0.0000       0.9122       0.0877
      21       0.0000       0.0000       0.0000       0.0000       0.0000       0.0000       0.8294
      22       0.0000       0.7829       0.0000       0.0000       0.0000       0.0000       0.0000
      23       0.0000       0.0000       0.0106       0.4476       0.0000       0.5029       0.0389
      24       0.0000       0.0000       0.0107       0.9631       0.0000       0.0260       0.0002
      25       0.0000       0.0000       0.0107       0.9799       0.0000       0.0094       0.0000
      26       0.0000       0.0000       0.0016       0.9962       0.0000       0.0019       0.0003
      27       0.0000       0.0000       0.0000       0.9996       0.0000       0.0004       0.0000
      28       0.0000       0.0000       0.0000       0.9999       0.0000       0.0001       0.0000
      29       0.0000       0.0000       0.0000       0.9995       0.0000       0.0005       0.0000
      30       0.0000       0.0000       0.0002       0.9929       0.0000       0.0069       0.0000
      31       0.0000       0.0000       0.0002       0.9970       0.0000       0.0028       0.0000
      32       0.0000       0.0000       0.0002       0.9491       0.0000       0.0507       0.0000
      33       0.0000       0.0000       0.0000       0.9489       0.0000       0.0510       0.0000
      34       0.0000       0.0000       0.0000       0.8791       0.0000       0.1038       0.0170
      35       0.0000       0.0000       0.0000       0.0000       0.0000       0.0004       0.0338
      36       0.0000       0.0000       0.0000       0.0000       0.0000       0.0000       0.0404
      37       0.0000       0.0000       0.0000       0.0000       0.0000       0.0000       0.0000
      38       0.0000       0.0000       0.6663       0.0000       0.0000       0.3234       0.0102
      39       0.0000       0.0000       0.6663       0.0000       0.0000       0.3326       0.0010
      40       0.0000       0.0000       0.6663       0.0000       0.0000       0.3150       0.0187
      41       0.0000       0.8804       0.0000       0.0000       0.0000       0.0000       0.0000
      42       0.0000       0.9984       0.0000       0.0000       0.0000       0.0000       0.0000
      43       0.0000       0.9982       0.0000       0.0000       0.0000       0.0000       0.0000
      44       0.0000       0.9997       0.0000       0.0000       0.0000       0.0000       0.0000
      45       0.0000       0.6654       0.0000       0.0000       0.0000       0.0000       0.1358
      46       0.0000       0.0000       0.0000       0.0000       0.0000       0.6416       0.3584
      47       0.0000       0.0000       0.0000       0.0000       0.0000       0.6416       0.3584
      48       0.0000       0.6394       0.0000       0.0000       0.0000       0.0000       0.2994
      49       0.0000       0.7903       0.0000       0.0000       0.0000       0.0000       0.0007
      50       0.0000       0.0476       0.0000       0.0000       0.0000       0.0000       0.0000
      51       0.0000       0.0000       0.0000       0.0000       0.0000       0.0000       0.0013
      52       0.0000       0.0000       0.0000       0.0000       0.0000       0.7114       0.2882
      53       0.0000       0.0000       0.0000       0.0000       0.0000       0.7114       0.2884
      54       0.0000       0.0000       0.0000       0.0000       0.0000       0.0000       0.8806
      55       0.0000       0.7829       0.0000       0.0000       0.0000       0.0000       0.0000
      56       0.0000       0.0000       0.2169       0.2421       0.0000       0.3630       0.1778
      57       0.0000       0.0000       0.2226       0.6256       0.0000       0.1465       0.0054
      58       0.0000       0.0000       0.2266       0.6296       0.0000       0.1314       0.0123
      59       0.0000       0.0000       0.0658       0.6387       0.0000       0.2264       0.0647
      60       0.0000       0.0000       0.1847       0.5020       0.0000       0.1175       0.0175
      61       0.0000       0.0000       0.1883       0.0822       0.0000       0.5269       0.0491
      62       0.0000       0.0017       0.1752       0.0548       0.0000       0.4767       0.1666
      63       0.0000       0.0000       0.0188       0.0001       0.0000       0.1901       0.0892
      64       0.0000       0.0000       0.0165       0.0000       0.0000       0.2461       0.6510
      65       0.0000       0.0017       0.0097       0.0000       0.0000       0.0714       0.8286
      66       0.0025       0.0000       0.0000       0.0000       0.0000       0.0000       0.4141
      67       0.1541       0.0000       0.0000       0.0000       0.0000       0.0000       0.0726
      68       0.7797       0.0000       0.0000       0.0000       0.0000       0.0000       0.0777
      69       0.9582       0.0042       0.0000       0.0000       0.0000       0.0000       0.0000
      70       0.9795       0.0204       0.0000       0.0000       0.0000       0.0000       0.0000
      71       0.0239       0.9742       0.0000       0.0000       0.0000       0.0000       0.0000
      72       0.0000       0.9984       0.0000       0.0000       0.0000       0.0000       0.0000
      73       0.0000       0.8806       0.0000       0.0000       0.0000       0.0000       0.0039
      74       0.0000       0.0000       0.0000       0.0000       0.0000       0.0722       0.4424
      75       0.0000       0.0000       0.0000       0.0000       0.0000       0.0722       0.0000
      76       0.0000       0.0149       0.0000       0.0000       0.0000       0.0000       0.0000
