#Residue         Para         Anti         3-10        Alpha           Pi         Turn         Bend
       1       0.0000       0.0000       0.0000       0.0000       0.0000       0.0000       0.0000
       2       0.0004       0.9982       0.0000       0.0000       0.0000       0.0000       0.0000
       3       0.0002       0.9994       0.0000       0.0000       0.0000       0.0000       0.0000
       4       0.0001       0.9999       0.0000       0.0000       0.0000       0.0000       0.0000
       5       0.0008       0.9992       0.0000       0.0000       0.0000       0.0000       0.0000
       6       0.0038       0.9962       0.0000       0.0000       0.0000       0.0000       0.0000
       7       0.0141       0.0046       0.0000       0.0000       0.0000       0.0000       0.0000
       8       0.0000       0.0000       0.0000       0.0000       0.0000       0.7768       0.2232
       9       0.0000       0.0000       0.0000       0.0000       0.0000       0.7768       0.2232
      10       0.0000       0.0000       0.0000       0.0000       0.0000       0.0046       0.8564
      11       0.0000       0.0046       0.0000       0.0000       0.0000       0.0000       0.0082
      12       0.0000       0.9962       0.0000       0.0000       0.0000       0.0000       0.0000
      13       0.0000       0.9992       0.0000       0.0000       0.0000       0.0000       0.0000
      14       0.0000       0.9999       0.0000       0.0000       0.0000       0.0000       0.0000
      15       0.0000       0.9994       0.0000       0.0000       0.0000       0.0000       0.0000
      16       0.0000       0.9982       0.0000       0.0000       0.0000       0.0000       0.0000
      17       0.0000       0.0000       0.0000       0.0000       0.0000       0.0000       0.0000
      18       0.0000       0.0007       0.0000       0.0000       0.0000       0.0000       0.0000
      19       0.0000       0.0000       0.0280       0.0000       0.0000       0.8229       0.1460
      20       0.0000       0.0000       0.0280       0.0000       0.0000       0.8274       0.1446
      21       0.0000       0.0000       0.0280       0.0000       0.0000       0.0405       0.7362
      22       0.0000       0.6490       0.0000       0.0148       0.0000       0.0082       0.0000
      23       0.0000       0.0000       0.0693       0.5330       0.0000       0.3400       0.0575
      24       0.0000       0.0000       0.0721       0.8458       0.0000       0.0821       0.0000
      25       0.0000       0.0000       0.0721       0.9140       0.0000       0.0139       0.0000
      26       0.0000       0.0000       0.0181       0.9788       0.0000       0.0021       0.0010
      27       0.0000       0.0000       0.0003       0.9981       0.0000       0.0013       0.0003
      28       0.0000       0.0000       0.0000       0.9998       0.0000       0.0002       0.0000
      29       0.0000       0.0000       0.0000       0.9993       0.0000       0.0006       0.0000
      30       0.0000       0.0000       0.0002       0.9956       0.0000       0.0041       0.0000
      31       0.0000       0.0000       0.0002       0.9969       0.0000       0.0029       0.0000
      32       0.0000       0.0000       0.0002       0.9521       0.0000       0.0477       0.0000
      33       0.0000       0.0000       0.0000       0.9516       0.0000       0.0484       0.0000
      34       0.0000       0.0000       0.0000       0.8844       0.0000       0.0995       0.0161
      35       0.0000       0.0000       0.0000       0.0000       0.0000       0.0002       0.0308
      36       0.0000       0.0000       0.0000       0.0000       0.0000       0.0000       0.0349
      37       0.0000       0.0000       0.0000       0.0000       0.0000       0.0000       0.0000
      38       0.0000       0.0000       0.6796       0.0000       0.0000       0.3056       0.0147
      39       0.0000       0.0000       0.6796       0.0000       0.0000       0.3191       0.0013
      40       0.0000       0.0000       0.6796       0.0000       0.0000       0.3034       0.0170
      41       0.0000       0.8567       0.0000       0.0000       0.0000       0.0000       0.0001
      42       0.0000       0.9973       0.0000       0.0000       0.0000       0.0000       0.0000
      43       0.0000       0.9974       0.0000       0.0000       0.0000       0.0000       0.0000
      44       0.0000       0.9998       0.0000       0.0000       0.0000       0.0000       0.0000
      45       0.0000       0.6326       0.0000       0.0000       0.0000       0.0000       0.1324
      46       0.0000       0.0003       0.0000       0.0000       0.0000       0.6171       0.3826
      47       0.0000       0.0000       0.0000       0.0000       0.0000       0.6174       0.3826
      48       0.0000       0.6036       0.0000       0.0000       0.0000       0.0001       0.2693
      49       0.0000       0.6625       0.0000       0.0000       0.0000       0.0000       0.0001
      50       0.0000       0.0956       0.0000       0.0000       0.0000       0.0021       0.0235
      51       0.0000       0.0002       0.0000       0.0000       0.0000       0.0033       0.0466
      52       0.0000       0.0000       0.0000       0.0000       0.0000       0.5514       0.4458
      53       0.0000       0.0000       0.0000       0.0000       0.0000       0.5514       0.4470
      54       0.0000       0.0002       0.0000       0.0000       0.0000       0.0000       0.7630
      55       0.0000       0.6483       0.0000       0.0000       0.0000       0.0000       0.0000
      56       0.0000       0.0000       0.1903       0.3912       0.0000       0.3271       0.0914
      57       0.0000       0.0000       0.2032       0.5306       0.0000       0.2583       0.0079
      58       0.0000       0.0000       0.2061       0.5336       0.0000       0.2370       0.0232
      59       0.0000       0.0000       0.0779       0.5343       0.0000       0.2237       0.1575
      60       0.0000       0.0000       0.0809       0.2640       0.0000       0.0678       0.0296
      61       0.0000       0.0000       0.0784       0.0420       0.0000       0.2650       0.1897
      62       0.0000       0.0001       0.0757       0.0054       0.0000       0.2177       0.3651
      63       0.0000       0.0000       0.0001       0.0000       0.0000       0.0604       0.2976
      64       0.0000       0.0000       0.0001       0.0000       0.0000       0.0604       0.6276
      65       0.0000       0.0003       0.0000       0.0000       0.0000       0.0001       0.8268
      66       0.0095       0.0001       0.0000       0.0000       0.0000       0.0001       0.1711
      67       0.2636       0.0000       0.0000       0.0000       0.0000       0.0000       0.1192
      68       0.7845       0.0000       0.0000       0.0000       0.0000       0.0000       0.0743
      69       0.9697       0.0018       0.0000       0.0000       0.0000       0.0000       0.0000
      70       0.9864       0.0136       0.0000       0.0000       0.0000       0.0000       0.0000
      71       0.0156       0.9816       0.0000       0.0000       0.0000       0.0000       0.0000
      72       0.0000       0.9973       0.0000       0.0000       0.0000       0.0000       0.0000
      73       0.0000       0.8568       0.0000       0.0000       0.0000       0.0001       0.0052
      74       0.0000       0.0000       0.0000       0.0000       0.0000       0.0274       0.5565
      75       0.0001       0.0000       0.0000       0.0000       0.0000       0.0264       0.0000
      76       0.0000       0.0022       0.0000       0.0000       0.0000       0.0000       0.0000
