-118.242640 136.615880
-43.362346 -54.024351
-92.437843 78.378744
-50.852703 -53.805859
-50.425398 -51.666236
-118.529293 161.433280
-76.099184 75.048966
-80.536750 143.696175
-95.460753 0.947825
179.035422 81.965625
-108.304372 128.881609
-114.570186 134.781847
-97.284236 124.660151
-134.562486 129.876998
-59.640482 -38.880157
-90.075612 137.766400
-127.682331 117.289649
-63.939453 132.276472
-149.134330 164.492535
-111.883849 -26.963858
-129.854417 166.882066
-122.336961 130.079221
-102.871244 145.349313
-100.718021 139.170840
-116.131815 -15.138776
-139.982695 118.944276
-146.346122 129.775773
-119.005812 -140.082311
-101.807085 145.831287
-98.533029 162.228959
-112.309193 128.813439
-119.317564 129.651527
-100.783765 -173.419382
49.673858 54.354773
-128.499212 133.253764
-110.817924 -25.943844
-80.035569 94.419430
-63.840154 -24.433895
-79.273608 135.446302
-79.423788 136.764470
-127.589837 137.018595
-136.323542 137.333024
-94.047787 102.405606
-130.890034 171.406455
-120.324180 64.167398
-118.953136 122.118950
-117.227627 128.649154
-117.562125 126.584136
-140.861176 172.674376
-102.727007 -44.240092
-69.854024 170.336644
-103.253564 135.370626
-58.415873 133.761773
-118.532646 117.508464
-154.728136 171.952899
-116.338776 123.351180
-110.443535 133.574409
-109.486958 128.770757
-109.436425 130.098182
-104.168950 129.257493
-105.119858 127.659836
-97.504627 139.296162
-107.736203 127.601048
-107.000187 126.767416
-109.395071 113.360419
-107.715146 134.975367
-109.573498 130.473618
-77.290946 91.895199
-83.942980 79.095777
-117.420023 134.183108
-121.412098 134.787937
-101.329616 120.327834
-131.060299 153.710989
-165.192727 136.378258
-108.827800 -27.655337
-114.802308 138.097659
-107.711912 136.684561
-99.387990 112.045701
-138.436567 159.198220
-138.358599 155.876129
-144.710438 157.181794
-132.419621 30.433268
-147.324298 162.839995
-148.206179 161.222862
-53.736229 120.095070
-85.286345 79.683064
-84.977557 83.080988
-131.717017 160.937157
-85.092588 173.546909
-91.004305 73.674391
175.261570 158.897555
-130.071201 175.111865
-137.991619 161.404977
-137.433131 164.996696
-138.761967 156.836671
-119.459939 130.978263
-141.754422 160.345462
-102.367177 137.205801
-113.575556 -5.301516
-86.112158 6.110870
-142.499279 163.278739
-143.769550 173.863483
-145.116136 157.523389
-128.254237 154.431417
-112.214645 134.464570
-102.342356 148.974640
-134.765147 173.106422
-131.314102 141.083462
-125.982625 139.861246
-138.938238 167.030484
-164.728101 167.379039
-171.865383 179.320553
-146.377583 160.248592
-81.964092 80.228426
-150.225975 156.553786
-148.302171 166.896117
-145.270221 165.974118
-78.846994 -21.488163
-101.457727 164.090446
-104.746732 159.124255
-111.407089 159.471982
-100.631803 139.366369
-111.049599 122.048776
-112.807947 163.647846
-99.535692 163.043870
-122.228512 125.573149
-111.873464 173.379905
-124.224000 107.684488
-125.699510 146.638799
-146.058978 165.255626
-90.858811 87.946604
-155.143637 153.701987
-110.172233 116.277439
-159.078986 171.317071
-75.849967 85.829106
-76.365783 87.072924
-70.636989 86.735964
-82.875060 85.359565
-141.808813 159.708838
-139.444175 173.432608
-142.389489 162.369877
-53.368774 -46.620865
-116.708947 130.950384
-140.736398 160.024434
-139.816182 160.508106
-145.259716 159.375946
-96.004094 -5.212185
-99.004293 0.458409
-100.787317 -14.322735
-98.501658 -4.678029
-154.857845 163.050332
-144.816213 151.296929
-152.464646 165.226667
-151.215437 166.904877
-143.076761 160.550436
-149.359806 166.507027
-151.516130 162.282269
-152.419450 169.258996
-130.398918 136.981032
-133.027956 164.192480
-145.441303 157.060202
-156.220271 172.139128
-130.230465 146.961742
-147.266394 161.297627
-147.661387 155.028253
-108.165304 8.635543
-104.574221 6.376644
-140.178672 164.659117
-148.313703 167.171837
-152.913594 166.923342
-144.560338 168.131522
-83.579759 79.230619
-73.489085 79.854973
-132.916521 169.166167
-143.508755 162.024235
-130.285155 138.983353
-154.372592 176.219413
-149.063430 163.393976
-118.827678 126.862279
-116.365516 132.963959
61.764299 55.340373
-82.341624 107.654082
-85.390050 92.680603
-137.407912 164.778937
-143.223472 173.831252
-118.736683 142.953480
-148.693041 154.968691
-55.814681 -53.835868
-82.491235 146.986649
-141.355687 156.404627
-144.293184 157.010518
-145.686405 156.610178
-142.311000 156.208083
-141.744288 153.966133
-94.534389 98.943510
-105.185808 110.471573
-104.681278 111.560132
-141.991976 159.704528
-141.084768 156.324313
-143.043519 157.716680
-142.020544 156.904606
-90.045120 102.093510
-145.338845 155.012551
-131.172188 173.593474
-84.801966 87.631949
-82.750886 68.612543
-86.804019 64.483865
-93.553384 87.233369
-90.262463 86.189742
-86.766484 83.430609
-141.392548 158.060190
-92.029420 88.219889
-64.975635 -47.033732
-100.088316 -12.077233
-93.483038 -14.867978
-97.046378 -13.753705
-93.933853 -15.107763
-96.928023 -25.493657
-90.444070 -15.848603
-92.531821 -13.037840
-101.987373 -7.989685
-101.015392 -19.008265
-148.866360 159.829649
-145.990022 166.692378
-100.923059 -23.832301
-90.799457 -3.192753
-99.027195 21.164684
-105.590368 -13.865991
-128.421311 161.269910
-139.649768 159.783941
-137.345312 164.885366
-144.306412 160.099791
-146.845946 167.994689
-127.514617 136.900672
-74.566104 0.259474
-83.718414 4.086696
-113.222947 154.558565
-115.745077 154.786879
-114.420094 160.246798
-112.417007 155.660401
-121.356347 153.326168
-136.573769 167.093217
-104.271099 126.573698
-101.302752 91.519248
-77.196787 77.267266
-143.887332 175.347178
68.731452 140.449969
-65.923322 147.776248
-72.927375 154.757359
-78.110553 142.740473
-82.059105 80.451737
-155.953424 169.478899
-84.582098 84.922676
-91.336171 81.319176
-81.535764 87.801730
-140.727258 156.398790
-144.375616 155.566958
-98.129596 87.197652
-96.253829 94.882994
-82.247008 142.605933
-83.823414 139.883801
62.286509 46.461689
-82.706136 83.382997
-85.121910 85.178237
-135.291388 168.836320
-148.176504 158.713414
-147.467405 155.405559
-147.855499 148.818269
-139.269788 159.962492
-129.358721 170.660146
-142.424761 159.074892
-148.996365 167.337688
-81.250700 90.264034
-145.675486 169.476928
-54.408500 -50.442002
-93.489590 6.380950
-93.915450 6.487663
-132.728866 -174.667928
-144.192562 163.318033
-179.160810 148.642777
-151.668835 123.791212
-119.076938 114.943885
-130.652349 130.073747
-127.945269 129.666814
-60.297039 123.662524
-143.412970 -166.042827
-169.586306 149.558262
-85.777647 91.307027
-119.426212 134.034709
-61.665345 128.880877
-121.984907 165.901553
-170.245616 159.330966
-34.491947 107.941810
-129.876674 135.800594
-59.529130 131.368170
-125.840876 157.456519
-176.240114 150.490940
-101.191394 146.461480
-96.115903 149.016960
-122.755038 139.211695
-76.824223 90.651588
-97.912440 -35.362017
-159.913731 159.939565
-69.663419 96.973991
-153.948455 164.319131
-159.340392 164.273930
-104.284944 114.957278
-115.231909 -8.433128
-155.383055 162.087125
-80.856629 -67.750298
-64.744012 43.237603
-101.312888 -28.680216
-126.162195 -26.715670
-111.602136 -27.897022
-101.315009 -175.121446
-90.715701 129.058354
-134.721090 137.920191
-109.675905 3.306765
-137.915395 124.498159
-127.364449 135.738890
-118.284832 143.766464
-111.502801 142.197552
-105.427900 149.981404
-112.766811 10.829800
-125.454404 -157.690415
-129.605685 125.053095
-124.716367 150.148677
-108.988980 135.847747
-118.461285 164.567573
49.957938 58.838203
-111.628810 3.719702
-80.279184 94.203964
-171.648977 126.345163
-139.653904 114.129403
-130.426242 120.883788
-94.033991 82.788595
-118.925134 118.486874
-140.578870 130.434309
-98.912061 -45.569390
-168.631208 -125.466490
-140.344478 163.696091
-177.614542 65.771637
-172.680640 67.286969
-69.893655 69.992640
-101.245838 131.500369
-129.196174 118.955056
-113.188612 124.457823
-98.641587 113.371835
-118.086338 130.600224
-111.425162 132.835735
-115.109746 131.691407
-139.307893 32.903023
-109.253558 138.234059
-111.008911 138.903740
-164.659620 162.624977
-84.817092 73.843013
-134.038314 119.574411
-128.981747 135.344006
-134.041903 135.598504
-120.200476 126.599652
-126.789131 128.499400
-116.386873 128.099991
-121.869616 128.649168
-117.478449 101.716475
-134.021759 127.347498
-117.911606 128.418210
-134.173315 169.175359
-136.658279 126.788592
-142.642474 129.071266
-153.213071 123.958374
-117.116058 138.511293
-131.075954 136.969371
-124.686043 138.274200
-129.418267 137.831395
-138.640118 131.366681
-135.133198 132.074317
-108.690067 167.502749
-102.671597 159.830616
-111.999629 151.053829
-98.510402 170.041860
-118.326222 145.724456
-104.708508 172.443192
-105.049953 161.564990
-95.943598 142.462691
-96.744084 175.236172
-96.601864 150.130318
-146.615342 125.577071
-124.882510 123.360810
-138.437152 145.919203
-76.320876 83.413880
-79.531811 82.164123
-75.086741 80.411413
-80.573441 84.350752
-131.685813 125.967329
-106.759766 87.711502
-57.055691 103.771112
-136.555868 145.572919
-119.558165 133.254768
-119.588508 126.212963
-120.977499 130.307429
-117.835175 126.554234
-119.242212 130.044809
-107.299394 128.027793
-117.314023 122.604945
-115.283350 137.173573
-107.961078 135.777579
-128.958255 126.382232
-124.247701 110.386543
-111.344198 133.773696
-118.561778 133.172002
-130.028616 134.127641
-128.610315 127.085866
-124.045837 120.004167
-110.391037 127.050810
-134.424657 128.405396
-96.864264 134.822808
-108.564212 11.370685
-108.575182 9.290378
-131.177614 123.469297
-113.284628 133.661870
-118.165864 129.091395
-116.036588 138.045616
-162.466986 165.290531
-83.343198 96.049581
-83.496362 81.745703
-138.520679 128.289192
-123.811068 116.413696
-113.786638 123.165332
-108.804526 133.776496
-119.757021 150.269440
-93.023480 86.432735
-133.935982 129.787190
-128.827887 129.092231
-150.477124 160.205659
-105.959309 155.398947
-101.336305 129.689623
-101.894659 130.296738
-102.825811 127.532927
-103.681386 128.765028
-102.714733 128.592929
-94.299529 93.662942
-124.113978 126.950512
-118.692994 124.626568
-118.560227 124.731804
-117.882146 124.371170
-87.790924 98.156732
-129.056987 135.584121
-147.913008 123.701917
-86.332774 88.525341
-81.158888 82.214812
-80.599029 82.286047
-83.229716 75.326655
-80.929914 81.871507
-77.955412 65.797109
-117.914818 126.927924
-92.183850 87.607961
-110.901658 137.626850
-98.185743 -11.952173
-89.926584 -25.459840
-96.412884 -13.488465
-90.780377 -22.474911
-92.983042 -20.615476
-93.000243 -20.169177
-92.290241 -14.447164
-97.467133 -8.466429
-93.533336 -27.513051
-106.434263 127.640597
-108.562831 127.018636
-92.838260 -10.271999
-94.206919 -6.857806
-91.314882 -2.793767
-93.855667 178.289339
-134.285223 127.679749
-134.435971 128.079274
-135.602684 122.284960
-129.235635 131.598584
-114.931096 132.038444
-134.950672 111.484682
-139.114363 102.036628
-130.922224 115.815754
-75.514757 96.339581
-119.892348 138.412281
-76.880419 74.339988
-113.256516 136.436192
-84.399460 82.250189
-88.713213 86.595131
-82.803751 93.150603
-150.732268 156.938634
-101.096595 94.234757
-93.996018 95.802911
-111.204111 118.997611
-108.301518 121.500797
-81.540575 99.444266
-81.748127 83.274371
-95.994123 72.526234
-135.229814 130.936879
-124.489250 134.423579
-124.173458 132.466261
-113.975104 126.484971
-139.882260 157.574315
62.729688 42.707422
60.676841 48.134005
59.308815 46.768721
-150.155510 126.667000
-122.899541 116.278421
-116.285781 130.631004
-98.090723 92.909625
-66.197828 124.467437
-114.220716 137.450783
-125.383131 131.250572
-96.091128 10.156234
-132.591348 115.862686
-119.089864 142.046851
-64.350197 129.628307
-152.608998 -174.888169
-165.324230 160.232911
-56.629305 113.495620
-129.537483 135.696591
-66.824483 126.957813
-115.489156 -165.201576
-160.153773 169.166568
41.404382 -164.958834
-143.045248 132.771583
-61.000273 127.500465
-125.640707 -174.225375
-170.848138 157.401695
-132.243918 127.736180
-131.027487 126.140995
-132.840683 122.847768
-131.509163 126.846606
-134.692212 128.603202
-111.321627 -14.707407
-130.697022 135.803845
-144.168213 167.456808
-105.729352 105.247725
49.529237 56.597979
-95.302742 130.106194
-93.926353 84.667563
-138.503309 174.684228
-143.339383 165.642619
139.597182 147.889053
-128.260595 123.178895
-103.465964 68.263653
-100.285135 70.321449
-112.559608 112.869264
-130.500927 133.680222
-85.722561 91.653307
-131.097599 166.024159
-128.940006 162.612290
-143.059514 165.586604
-142.157231 167.625320
-85.519653 85.017490
-166.443101 153.337305
-160.669100 160.351068
-150.168354 169.036689
-155.319496 160.341904
-137.380870 158.922950
-140.105511 159.314554
-152.484830 164.488653
-137.784101 155.189397
-153.646195 156.192219
-132.588661 161.620925
-154.089505 169.654054
-149.722676 167.394907
-146.475670 171.915793
-146.947969 164.770533
-156.058459 172.136027
-148.282209 167.211375
-152.603108 170.672527
-150.628288 167.714505
-142.091740 171.150255
-142.174574 168.741359
-142.411113 120.737306
-80.110568 90.441129
-137.427350 165.734380
-157.837605 164.868521
-111.503829 114.245400
44.744131 57.241850
34.061951 60.161385
-137.540961 172.822593
-139.218448 170.517582
-125.269284 128.405925
-93.181490 95.433707
-89.251936 100.945705
-145.256149 152.351647
-137.735057 168.707663
-94.894059 94.236181
-94.366757 66.506349
-90.484373 75.387305
-94.237553 84.922884
-88.152914 69.236516
-98.549965 76.025434
-92.061511 87.484362
-104.394064 118.446644
-92.403556 -3.883421
-90.169995 -16.100250
-134.917673 168.579936
-144.010407 160.588555
-135.784999 159.334139
-143.958337 160.153452
-147.216956 168.216586
-136.927498 166.769302
-84.507250 82.345740
-144.409240 171.306385
-81.844260 144.140462
-83.813431 141.073208
-137.353328 168.450773
-149.443400 153.360218
-151.389411 164.625718
-130.457057 170.749076
-147.754115 165.769857
-83.381073 -24.539876
-51.838541 119.427711
-142.409332 176.413358
-161.028111 168.705221
-121.695368 -173.240882
-138.206574 129.244141
-57.757795 129.306151
-138.196635 -56.356006
-160.618392 158.633408
-99.967002 77.587712
-124.806717 128.662281
-64.015546 126.461077
-161.662841 -161.581964
-165.872415 161.062977
-108.304123 -167.524033
-135.625034 127.814205
-66.655220 128.980952
-88.747350 160.332912
-90.971458 170.936060
-76.784842 90.611492
-59.754910 -40.838499
-140.395570 128.125865
49.744268 58.196838
-132.601284 126.545797
-122.315577 125.001584
-62.734267 -7.562885
-96.395113 88.920688
-100.354152 88.106299
0.549580 -89.065824
-114.948752 113.060490
-60.289006 134.559713
-123.717954 125.601243
-131.723496 125.762078
-144.663275 118.759383
-121.802948 141.629250
-125.542027 147.750148
-146.285421 163.186180
-154.824753 118.876870
-148.321032 152.679946
-129.846685 124.401847
-107.993807 84.003736
-116.908537 125.662179
-118.015927 130.467064
-112.015761 132.341897
-121.091569 120.012374
-106.013259 134.119279
-150.232920 166.695322
-123.685752 129.983892
-126.567928 124.033789
-110.234133 146.762027
-115.878451 124.732613
-132.606963 128.565818
-110.357002 127.160112
-132.341004 127.450344
-123.309138 136.261435
-110.507010 133.582639
-116.704073 129.994167
-113.738983 131.924350
-86.028569 92.248694
-130.471183 125.679754
-107.741138 132.932722
-91.503760 92.824019
-141.795357 124.845768
-133.792432 134.611714
-93.650762 95.396228
-88.678565 100.748100
-127.860976 135.273543
-142.174267 124.071029
-98.625977 91.997790
-83.545996 94.598266
-81.148892 95.405473
-94.004297 87.804022
-86.783950 96.313636
-91.875305 90.141245
-92.452282 87.152905
-88.215192 -3.162531
-94.180458 -23.212916
-140.335010 125.564521
-134.233728 121.798706
-131.047288 120.720681
-129.359408 130.753917
-114.287562 131.923697
-112.739288 121.004137
-122.675940 111.961124
-130.814011 122.190140
-112.305125 135.018443
-110.582137 118.980796
-107.118146 120.781290
-96.022881 113.805923
-136.083679 132.883030
-128.917836 128.859727
-132.205318 127.726463
-152.168201 126.598529
-115.266868 130.521647
-64.219077 125.937101
-99.370251 10.787891
-161.662841 -161.581964
-157.855579 165.501861
-108.304123 -167.524033
-126.912438 136.845650
-62.184882 135.372646
-121.044316 151.421590
-174.106404 143.414355
-54.983694 163.242322
-118.792240 132.908525
-48.780018 124.213282
-119.761579 172.674969
-164.319321 169.758570
-153.964236 116.033847
-138.542625 126.419228
-151.214167 162.653127
-153.243636 179.475006
50.744746 55.683385
-100.609274 98.336939
-136.440637 168.368408
-108.621226 -7.729264
-175.231650 162.833928
-144.912478 121.196510
-148.729820 163.670018
-109.182617 134.497275
-151.594894 170.329458
-134.106234 154.330089
-107.528428 135.840665
-161.912825 153.747108
-128.990457 110.104366
-102.532959 86.960096
-97.781842 95.051009
-146.500392 156.379122
-109.815971 17.072867
-136.738484 167.091441
-69.825214 -36.868615
-130.605286 171.026933
-129.112214 132.489611
-117.510546 -179.023254
51.902282 52.220166
-131.306395 126.628647
-140.494163 131.611662
-146.948220 127.408802
-107.683789 85.527311
-114.914231 137.280522
-118.928849 120.840091
-101.414867 144.575073
-130.867382 133.633986
-98.440440 14.442805
-131.497541 122.091291
-85.183000 110.891002
-152.420402 126.321677
-93.837424 137.334734
48.952891 58.379476
-92.362358 86.409943
-41.893100 -61.291844
-59.674011 125.821714
-145.684349 164.640822
-156.992526 156.112442
-151.551412 165.278169
-132.721122 158.739696
-155.347185 161.461816
58.493257 56.939231
-109.200266 86.055856
-145.595080 149.077732
-136.903061 166.837140
-128.831898 170.505004
-136.525055 -159.187698
48.927360 58.429166
-146.550818 159.251843
-161.103614 158.725091
-141.998215 128.384203
-122.218876 134.051743
-112.980716 134.712631
-125.006386 123.867026
-106.501422 139.445946
-122.288537 132.261898
-130.953360 122.268834
-77.554226 109.766978
-150.794953 127.457374
-115.839238 112.700473
50.278260 54.692592
-121.805639 127.354042
-125.969561 138.692182
59.088580 48.858827
52.353287 61.663247
-72.258766 137.663127
-53.550233 119.649865
-149.916867 170.746699
