-59.80116165673811 134.70228055077627
-75.25589749323828 126.36558784103612
-69.86156404002242 137.91108507125034
-70.52962457822314 126.0853048512336
-63.919420080740174 136.6694892139223
-67.02471035129406 137.06370310269267
-58.864369389223704 145.47792215491825
-58.382399105311954 130.94248504797332
-67.12685293185048 141.12852210009802
-53.8178657264902 136.7933446376666
-57.90131698219733 147.4816298451875
-56.23692809906266 136.04188299914108
-50.279053585604856 132.6980618362966
-135.55574279726534 165.25569955042653
-49.80553894071115 127.29934423783328
-70.34338965501405 139.0108707556841
-66.3032711871836 127.8331992142964
-65.57490252280985 126.06009970336517
-135.86348536621537 168.75539301318935
-49.36180624198131 135.7842760342119
-58.49113292586304 129.65376817852365
-51.0042691644725 129.24104022045
-51.84370307764036 125.49913223748159
-55.952498198488954 133.61617066743366
-47.45475719802936 128.09102301116096
-58.661924698173955 129.26960763573365
-65.35276454922801 133.9064697919872
-58.646646668234766 128.07041386134512
-66.92156802090445 134.07857248465862
-69.96704491347617 131.82970130710802
-74.98959801686698 144.14449630903235
-68.97095793705518 139.02281779402824
-62.734967031151264 131.3697626880903
-42.51726003280955 152.23365004091218
-68.20764061767022 132.13274732845437
-52.09531757135099 134.22782622392253
-94.61839275840381 139.9717308999255
-60.06104970521035 130.96001186252408
-67.05424500343088 127.0273055691034
-70.10597028554653 143.09551410565737
-68.3412627350862 132.15757007263664
-56.95915704247455 131.2486389479409
-76.16548534304457 129.00477787408212
-62.6558614894553 139.618136076724
-61.21567642971564 139.00748643802973
-60.405544109380656 136.40564856661808
-100.42753694609928 169.45488787485905
-68.08645642392094 111.58833771365596
-62.571186960067514 133.2657354706896
-67.14916456217549 130.43188293899965
-65.07680370998092 132.17344575998663
-68.11183246405986 131.7509775496161
-59.15272865265496 139.98916032030226
-58.46171678477456 142.90227570159138
-56.421889746343844 132.67403739083946
-46.68364587228179 133.17096144791788
-67.3509808103335 133.5440370311287
-64.45656867993809 137.54712523596987
-67.25845835389177 135.09189158335332
-57.45501229128694 136.32414631289112
-70.14671702713768 131.33779836449463
-63.28108399312408 134.66823095210324
-53.05294416439076 127.50013933420581
-52.38994712634812 128.60122081665602
-51.69260096713852 129.78166789773695
-72.44047338168284 134.28840342333115
-67.90424654034732 126.31449577017027
-61.14620459906481 130.48394817556954
-66.06744182716248 131.4674341359707
-68.63961526989081 -37.384338491840694
-141.35248829692688 68.55487621156465
-87.52804681451525 119.5981561334896
-83.42865705624486 139.15315826184352
-146.12896665723017 144.5760848744588
-167.09260815411963 153.7806951861426
-58.11401947069062 138.77856052850817
-86.98571595532727 17.6937743445435
-56.72616178686893 147.9588041151639
-61.79394259711584 129.19355011520224
-77.785318939258 -0.0
-63.9375553647034 130.74825521340455
-66.2365446974648 131.698334796466
-59.1243148103882 129.60410355516447
-72.66792742584745 139.10248751529772
-60.517632311403695 127.56280126013931
-75.53334336579152 140.6284016209466
-57.76978354496211 132.91478534607475
-55.03068239613712 132.9000956641789
-70.26103359343844 123.78092017065418
-67.75575975758112 125.76077898414486
-67.76557909716793 136.04878367888915
-71.29356394737813 122.14504679820881
39.89716115994731 -102.53615881031945
-74.80517120817542 161.67352922713826
-70.99631184767549 128.7118126536661
-60.50042507760842 125.63470295900088
-63.29706673368017 135.30401799772648
-78.38494280936543 20.232759292195514
-56.05035950137829 -35.26447518854041
-68.1120501381673 138.62483731293878
-60.82030636131765 126.38156295131726
-62.143361675521184 131.2428503991126
-115.43082778389076 164.11437685414936
-53.92665512874269 -26.953041498390558
-47.872877841809924 127.70863724221618
-48.354672903792746 128.59738356950865
-52.17591833159564 129.76252050976396
-69.7711327361466 139.39657450295164
-64.71484212377581 152.604862875611
-80.5521089000131 145.99236569252355
-55.97632663113881 133.1468593512298
-55.09165776666093 129.91549647977823
-61.62729527988104 128.0672088698808
-64.21474479191838 126.97267711356571
-54.61985725258741 142.3386848415001
-56.11375866372609 132.14990780387586
-59.316385270826274 134.04642659025367
-61.15215260390905 132.92781288409972
-50.68845400694621 123.98157053125833
-175.21197175103427 57.63951497837554
-85.21235565889809 112.61410261626847
-131.26027215072838 168.4598255608945
-67.96667967144114 123.45991979483762
-72.6500489952642 125.81899632123546
-78.59701641318382 122.70508394096345
-66.82035815945983 152.5447207994306
-70.40913027738043 132.09531580718152
-67.63927838131866 131.333822387662
-62.173367209648084 130.23818141585514
-57.324186688368556 127.55890357269136
-126.81417037119907 150.8645844368143
-123.60734001207992 -6.925434899208409
-67.31652056881927 128.82707037535437
-29.360148037264185 117.9522174633504
-39.107248988800016 137.8594923695664
-49.12276774270327 132.21195003338892
-53.58079754236169 131.73234060688893
-67.38274587317073 133.71458702161902
-52.19281758561923 140.9377784759393
-62.4900971900109 -44.42185477778801
-59.965959381511745 -43.74621294251595
-62.31663922537043 0.8486961261826443
-52.49851458635054 126.04836066074392
-52.4944693991616 125.68253765174137
-67.40555769954972 128.53074491174632
-56.182925663939486 127.37044307815006
-58.20605815674242 132.78242059258582
-55.37969429647639 131.26660584640763
-62.98750492899385 136.8923245176203
-54.50839840385365 132.67234028879807
-62.751540921545796 136.4517835560065
-64.21895262727908 134.6525576817038
-60.98781707738222 -43.09557341640855
-67.04764147599214 139.2354254812152
-64.28441723887073 131.32338609160044
-71.91595643650047 125.3565478228688
-62.04607963785491 128.84992171132814
-59.13754237849509 125.89553723948234
-58.85679348519174 124.31682661942
-115.44275037896338 98.73271182572587
-59.85359944504513 131.03926816414648
-77.41097018972802 -42.3500824309719
-114.50996824619827 169.3872818850328
-60.914536517153536 134.22413270741143
-58.64195075556503 133.7191639278959
-56.542260735041246 123.54825601067407
-54.177760249133954 126.64868310556503
-61.18563836801402 124.41298396910207
-60.38202292829896 129.7868081231589
-61.66943604821357 126.53739027455032
-58.83974353801418 141.33475643934943
-66.45614280075372 137.8892922658863
-54.59118199099444 131.10421928086052
-47.19229601982695 117.59592023289656
-67.58975972383732 -41.42189711333568
-61.387336983911226 -33.301599638679384
-78.14841793687923 -39.659407471764595
-70.04790256840258 -48.623808738178575
-70.12229655516501 -33.440766811110464
-56.9485186315122 -34.19033515816878
-57.33290130807078 -31.827628664517885
-81.99018299584985 131.64809250757577
-63.57895578875298 133.96085976476272
-69.29115265611219 120.90714148390458
-67.76455266985053 141.57107787140689
-58.012518923245345 127.78830872513906
-67.33932541025192 129.98372334157938
-68.35445452700944 123.07667704180686
-76.58022079120202 139.81004842791702
-66.78159380079404 134.55485199429387
-64.3100038513033 132.1173690240909
-64.80475912750501 139.08529696342768
-66.09257006955907 138.07874036437607
-56.08098641819377 134.00544423763603
-45.42961916700484 127.7756203626699
-54.44264621778467 127.58441688465238
-53.42406249503341 129.4415954231015
-57.486052000150075 132.58471674595458
-62.829013558096754 126.24783556613818
-69.84815021671656 126.5905721451093
-71.23760852668148 130.17540932819347
-74.19043167331749 131.93449905210232
-45.98370427343032 144.23762433431463
-36.13851202235254 134.5823884977249
-83.96951959606369 -34.83898204504582
-114.8115038156363 156.55713370909558
-62.1984272840075 125.15637284648778
-63.53577801194833 119.85892622982179
65.8992811205598 -57.65688305133882
-54.23343598782472 143.06562402931547
-57.8551830899603 133.6698961682739
-59.517467681674304 130.39279430126524
-56.99277467014015 129.1436352302848
-53.21193424169704 130.5093355187901
-53.43160689819516 126.88392624741621
-114.4098502183713 114.43370196276445
-82.49252966772647 163.1885783929172
-75.66562164401668 135.6481153005908
-64.12134307919027 134.53437351745515
-80.69427858032783 111.47162600975744
-41.30479800669136 112.21512077325117
-57.126833335071375 122.34382412529416
-54.36042322479337 131.96492382435446
-69.00824257527731 126.98145600393568
-51.500463236077294 129.09977197046757
-57.08166998729161 136.0883807301869
-51.488639292529 128.57715656844994
-51.80460379025881 130.59021371049684
-56.98051598177759 137.6939758385153
-56.9393363406318 133.80189068695117
-56.58204496480486 131.08090946107032
-52.74813994450128 130.3764046084944
-56.08320064179934 133.15330907170207
-46.88145854492641 141.0298199960298
-52.076501131873876 132.59625925035735
-74.98563272056987 137.8315409420217
-72.54118136151972 130.66494748554575
-57.21045620046612 126.58392133523988
-58.01594949067411 128.28072183857398
-60.05754440138037 124.61161953297885
-67.28780483355104 127.62652347379577
-60.45745462072793 -40.75381180775205
-130.73993932816418 165.98470193186907
-94.82453950015878 177.84519032191227
-77.47671447434735 121.81677958055549
-133.70286767287425 161.95717095406457
-49.12579698939603 129.75438178397107
-60.910817207971576 -43.61729265607746
-59.233542451796644 -44.28490212887956
-60.9975242249782 -44.92762416614191
-68.39548323742945 -39.378594152180916
-55.06907237524756 -48.55433310742515
-65.35113326049026 -43.97962209114973
-61.867433734061585 -42.092420063698206
-51.890082088398124 133.03045137370034
-67.52590868203455 -43.41652742651448
-59.65086161634856 111.56307361057827
-70.99412598598957 126.50121985167787
-64.12470928663468 118.82434796346652
-146.88751209106286 172.7403483430856
-71.17954591774027 130.60951288885292
-112.31235767633169 -16.351251018078802
-61.5331106850516 120.41574319405932
-64.7560301290731 123.35357424587217
-55.6807771375624 128.29556987801269
-70.21264635670458 -35.05693033090043
-19.4221409728131 97.0236424250122
-38.448810177943514 121.31229024267232
-32.194555873627166 112.98639536737039
-71.04426954835353 136.0427254440088
-70.23739870374507 135.31281965319417
-66.0227024750021 134.88728820344295
-67.6936932836287 134.74558974615124
-63.365093704434486 136.6856351770311
-66.86602846029736 135.46769380787782
-68.09137196926211 133.93882456437152
-70.94011171355285 135.15461084731731
-70.05039933829326 135.48195031665267
-68.47537302480032 134.7600465124635
-69.86671654463048 135.79920831451236
-70.0480924278821 134.45800789586218
-69.72824896234802 133.3876772908806
-69.5827490635854 133.19332135290958
-71.4826924515761 136.72119835348812
-57.32398791367293 132.5793062710819
-78.98298827188502 160.39238728690557
-62.40146987667618 129.62155894804
-58.578888849437284 131.41463888624875
-67.70550957954059 125.68354853983718
-49.980400556610846 129.35444998995152
-64.47901286257719 137.0315834020009
-63.24889354715657 129.97939391501504
-59.8654508393768 125.26308637911131
-63.777075010417576 126.62829562738993
-58.95587392726077 -42.378922365803014
-64.80782534433004 137.6288536708494
-63.64827842748784 132.9731212998322
-69.70581558560318 130.32966978372502
-73.103992482605 127.12812540286909
-81.62934632187846 117.95452772018707
-62.16980527773148 128.17797228549588
-56.09982616265465 126.60315097811608
-64.64794676570648 127.4832224844505
-65.15426278209297 129.80420379233024
-45.31116435668442 117.80816598663002
-91.8216210939068 144.51929791672265
-77.36155776837963 115.4032851087286
-77.3931106159739 125.2580341170703
-63.912013132907454 141.71135211958034
-126.77048135318617 154.30973419025253
-104.00563164161912 128.3886543053726
-65.82778792378471 162.6247606168742
-63.634432056828985 -21.697312222341253
-61.27565627035782 -31.72332835379816
-81.75389575612958 -31.63461047112469
-68.68260410928103 122.92673345216444
-52.13184434661715 128.77127931644824
-59.22815107862624 129.2179476594745
-60.48410636675988 -38.377521575574114
-60.86666990805277 -59.99573460960276
-71.13888131037915 161.38506836722357
-98.59853966908987 108.55503846071771
-62.996477554446365 141.58183090185716
-94.9102478401751 137.87577566333354
-122.22184643833579 168.51180532683665
-56.25804219645944 110.38650929428833
-62.268456740499644 142.65603656166283
-111.25392198087717 132.2102440306425
-62.35204853838199 130.76233219018002
-51.397781433965875 125.7473032804964
-84.48634693041959 168.750482798318
-64.78611793746731 126.33887550025473
-67.91472099291875 -49.65177658114012
-141.6016776289171 149.585509966949
-139.6758885834367 150.0219089552372
-122.11639847556505 151.9547444111416
-139.23575844839837 150.6339582387267
-142.80232697367495 143.64709637092787
-43.05820566270571 117.87692740248274
-74.93566993248021 132.7701061225376
-48.97602648246516 131.81738952632375
-67.25403462001346 126.72933425544812
-64.27813739529202 128.95139467053255
-71.88303376831693 126.70241280702567
-52.65335470816925 134.9793648991626
-101.61609202723632 -18.30897009502891
-106.20501371523568 -23.299708114019985
-88.95831670812989 -28.41523043125001
-94.80221738996975 -27.942470898755207
-101.51582297326773 -17.320838428074886
-75.21736334031372 126.49070260562618
-62.89451306919918 128.41898933391852
-66.78242257646615 133.37208026771134
-137.33480395642925 161.36983894814574
34.13201191653523 -74.98820436985214
-52.47093982107122 143.65713014777498
-135.16098523686608 151.13520312184244
-61.91746617831361 151.56685916038361
17.029523245434135 101.78490166687723
-41.881186633018956 138.87864377131518
-59.97330863919121 130.9105335079958
-34.25380928776302 137.4160413888155
-121.95232695828284 127.51006478504024
-41.01010894368548 118.939468471864
-70.54081685453609 6.726570082104053
-66.90864891750253 133.60650510953627
-58.73977008026692 138.9932779294946
-74.70898127909068 125.400732683782
-68.5170282458971 131.6270117850662
-65.84037984588129 130.87252091148324
-61.73626822266755 132.63083500558727
-61.35315504387379 144.29076641023525
-63.19750205735323 133.30536714487974
-67.9486401949979 133.481931976152
-54.50181781312667 139.4821334382994
-70.04578550054401 131.97013396933184
-72.63535299091124 129.74827420634614
-61.67079354823666 135.20321540638008
-63.75527885896375 130.39374594231413
-59.623669988166775 135.90981537786178
-66.60198274176533 135.79747426885916
-57.09663203363416 138.14208472130096
-61.280064198905656 132.82666341238757
-72.81526061648105 130.4022357314008
-62.62326238085438 133.9301588670569
-57.37141064018083 126.43657713353774
-89.6320973038388 131.34158905885775
-43.31868998672473 126.0412706090448
-33.89374025953321 124.77967694327666
-105.44438471888851 119.65027379929249
-125.50838521715261 154.77436359642218
-126.23260208033426 149.58596090999606
-132.06606937138665 150.92742163049604
-78.58866422040124 125.43802124975522
-58.009941538883 128.91190703541696
-147.39571751833554 151.37289753025073
-67.5498789199138 136.80427517119077
-68.822729242942 135.42436852050938
-68.38998809765042 137.2581028602109
-142.55948591271735 -171.85197121439194
-62.39890349362131 131.32422861216315
-48.08487388615828 136.4132566222489
-66.53412377300283 131.07048217639377
-154.601750775338 83.72630314813989
49.901447948389176 89.84002779643933
-73.27586683299923 -45.72276764837515
-68.06497999580935 -50.93509256027876
-65.0919122101845 -51.13536186957782
-33.22458495869871 122.3700435138529
-63.15713887567516 142.6443300466152
-61.873676890263454 -49.764869856919006
-61.38756290807927 119.23363632660696
-67.90417982528744 136.26155413297593
-65.67902810335742 128.50762679229462
-52.38263547289547 142.73072412412643
-139.2723849997923 154.2058593062119
-155.98816788059642 144.44443168506936
-137.55562557727475 73.58147767523505
-114.1111727167035 145.86140586868035
-45.87716575763964 -53.17885011194007
-69.0534170720552 130.3832858474557
-63.019483067662804 -43.45111258541522
-147.37019509318725 152.79352988850488
-127.52760639263738 150.6988093356255
-138.26853532515418 153.83818575019706
-141.5722483423466 152.76402691095365
-149.15344138566 148.56603715851688
-143.55309732890103 150.59445651257744
-135.92416903424387 152.09442071844782
-149.94672503068108 153.27788509084326
-134.87777924385483 157.4092737586507
-139.01332681693242 153.41744315510186
-127.72562819259394 150.80161143289553
-146.87716878139304 97.349746201875
-112.00397017710377 124.5788448893414
-64.81827908273235 135.4043588327653
-45.19365393827846 -26.162710969801594
-45.97399383145378 -22.017812936247864
-140.82590754654356 51.494454915541574
63.40407180116621 95.0820455132103
-68.80440075923899 128.4428025017331
-131.38324385231684 59.04320313164312
-103.53574502970058 127.26172338691747
-135.7845516759153 103.54344071179081
-124.86169854221947 -97.43666039004371
-51.79187109659707 -48.66395266047386
-61.2327480265154 126.81665399699064
-45.69801092843239 -26.224211169952593
-46.085345102674225 -22.280452436213313
-63.890515618133804 -42.34333832828123
-138.29063205280087 59.024774006540255
-110.12477713715404 -31.881691153051868
-69.31118583236896 128.3788783793981
-127.23182473377724 55.587805668041675
-135.85323983316573 -1.9595108176446756
-147.9296476509205 116.65134709179782
-105.3529043329251 118.3161140916767
-110.32189158858473 103.0389120900182
-85.75677359073194 81.10253336357148
-98.20015320511565 92.78745872678589
-92.97388500708543 72.19223325422325
-77.76252288792652 110.59530480556354
-44.91008858567676 -26.11901423073187
-46.4842704855986 -21.78365825044607
178.71161855434235 -143.18686129410366
-77.18200027522407 109.97978520909653
-77.4645665797577 107.02249273284681
-82.624268609818 112.05718246031087
-76.8554881082712 104.70038469760378
-72.10394649721492 110.09335888287083
-83.48393022319624 107.41973758879134
-89.30260410122989 92.62244716583743
-131.2553680396282 66.20974423778327
-139.38859987010812 -33.97585130751059
-80.23258492153407 100.84501837649496
-90.25304770011167 94.07396299177859
-101.83385707756275 90.79550600999656
-74.80203531535543 108.09055647758767
-101.57463001229053 97.08745052369379
-90.03503027587807 98.56858755854053
-87.94373798058308 76.30171158595925
-58.86287495437063 143.62812099497913
177.7874903410729 178.64338028945178
-76.26275413128181 94.9746417754564
-86.08176618175861 105.18581784937804
-77.3563804482114 109.70219457669776
-144.60276349989445 83.65146627172169
-92.62796706691653 162.82569762469248
-98.83975552747344 85.2979004682364
-64.19439973332548 -50.73128477415904
-100.91565136162325 102.19230992724277
-110.6020051440136 -99.14735095829423
-107.64780868534423 -179.3314613796032
-76.74430159790401 98.08369931989222
-73.7666253903316 141.69346306765146
-59.797650546134555 136.28464172247362
-56.817487751772255 144.19790624867616
-60.99146204013288 138.45481332551208
-47.96052611182665 128.97979770213811
-47.65547580833499 130.06754581002417
-135.23346527388745 165.74949404131712
39.8401522501274 -54.13950512495284
-67.40828299918037 144.86369696928242
-61.239017127831595 135.55663259684857
-58.977222858136926 126.49535859530467
-66.22124036553882 128.41002416155678
-68.436003313252 133.460709525461
-69.11793173793954 137.25870975525416
-67.31148707167328 134.89775017901036
-70.0070462238144 130.73711487818173
-63.91225262212397 133.9523455091746
-50.941135137638724 133.94855708918757
-59.24377793269388 130.78966075050118
-111.2314325950386 -177.37584510796205
-76.31007500491005 129.39409032799134
-58.57850037552546 132.51133307944252
-99.29701569887176 169.97706989562428
-63.271489043938004 142.2987091759968
-67.18316169489346 124.8505286816193
-59.11733923998592 134.72513853622092
-65.99510358067678 127.01943979919928
-71.35801651692671 135.44978896751047
-69.2920575179985 133.21991225180446
-53.55205198495789 149.75408939038286
-83.15632556408512 173.17186209616233
-62.64044324106664 132.27812084941698
179.01128480869443 122.6915622592837
-120.6981395761764 160.79714111976176
-146.21080180152484 164.64807255123384
-125.02256308146497 151.7399963083917
-132.7921942507747 163.61475202579425
-146.74739552806918 141.41779064368063
-78.410527992525 128.36764079834094
-60.19904517627952 129.81713489536452
-62.22839172942627 131.3331582338542
-59.312085326405494 128.2843948915187
-64.08474995946186 134.68508343261928
-60.09601155544624 130.8545302095133
-65.382905315072 132.09894944093273
-65.65029544530515 131.31805968312398
-47.38106112968165 122.9083622978283
-58.762435451042364 129.554833933759
-60.13667198130215 134.5202029502005
-63.00375474040893 135.4285996489494
-49.61854302856933 134.21832245556612
-70.90919864050841 127.30358377897706
-68.97673649233975 127.5191527369452
-60.67181582988338 132.60356168529958
-61.9661440271145 132.7983058144133
-70.03002730207318 133.98689103145205
-63.707141125827036 129.46120986484314
-65.46173635470517 133.88143685650275
-66.64006700742364 125.18477997421957
49.863260816953236 114.78634440479256
-55.846359279088524 -48.123435759699284
-49.49532325303346 -51.323766995213035
-61.99538482408354 131.70751173099228
-66.58783372017182 127.60532206514532
-66.01313094198919 128.97010944483966
-55.54493667655052 129.27371906402755
-65.55662400526198 136.09318081792884
-90.85570492652707 137.78012769359322
-39.719370867503045 126.3518335759231
-124.42350057066959 162.2915717156748
-88.61389125685643 134.27926667222278
-69.86580364356237 129.14575849886404
-78.01206681518468 122.59107848629412
-71.78977132692572 132.44976085989938
-83.72142574268459 -0.21386670174685476
-66.02530641762868 116.33878294564794
-67.26015201656547 131.39160589913172
-130.27196544549267 -51.49931043448146
-62.174786680251444 127.33633645723296
-63.19258981800323 -43.633125072343
-67.59254326204012 -37.814441934239575
-50.10981293477154 124.47109575182135
-64.34594085205917 129.3392955509034
-62.28563668621055 -42.96516105766015
-72.39219420226047 118.69652516100021
-59.01218107834423 138.2935285362676
-57.10755975897202 121.44160202247275
-56.90179811293285 127.38948698691202
-62.957860206657294 138.69163336508402
-94.84636720212458 130.67714937748653
-65.30892870097783 131.30468283416533
-54.16795607696576 132.157442528861
-59.008894020150244 130.71253879568454
-59.49347726327071 128.50393227866962
-70.78914185217207 127.95333407357988
-57.297927935373394 142.2116647355431
-69.9154730032401 137.071017785354
-70.70272908342628 127.31405825215651
-55.75904377396657 124.9090283292962
-70.63454845765646 130.21229846852566
-69.00564412597922 126.78539031543308
-74.61507484921529 130.93060150711653
-71.95301016025023 127.65680886269419
-61.52073797867253 128.83812484357478
-61.00080339239912 131.80578101709176
-63.39065854958101 131.76952286300667
-51.672156932164754 138.28479568100653
-60.49976735790376 131.4974422931191
-57.56831369704021 129.7860084055474
-56.353219203498625 128.01027716625387
-62.16131036515426 131.0556476420087
-66.38603089148239 143.12703727797248
-69.30004671059174 -30.211969714463688
-68.69203528247431 129.89226645239705
-60.741488770700684 124.98381583769363
-55.468233760948074 126.51282381721234
-64.0392131677389 125.1601726193984
-67.09754234297712 131.61980633068677
-56.07068256193391 130.34228159068078
-57.65199629359596 132.08226344954844
-59.147898961941685 131.26501188003965
-56.74823829681768 133.7734364132203
-49.33420933303233 128.9613908897131
-56.48854111348205 124.01647595375744
-61.22134628923947 127.57819384447299
-55.29952568115297 131.0688385119686
-53.52394621797962 131.23518065605225
-73.87361614400558 132.9917856608897
-67.36106935558762 130.48858829987927
-54.7077422262687 130.73654884003588
-67.86732720315446 131.35439517222392
-58.62806466363807 126.39551785586804
-119.69745534613091 153.54869971777364
-58.90965767065423 -39.39137927046144
-62.95941356373657 134.3314717364548
-73.09091138918978 135.67647224771778
-68.47627925875985 133.85221052972292
-61.84432660178128 -41.92688519284027
-65.89649065231777 -42.005856591759645
-59.278598444001915 -42.57062539105896
-61.65066170005841 -43.705826167314456
-60.66811028215199 -24.31929053222963
-51.79846198614629 130.29751474048726
-55.964563657308105 111.26918654457687
-45.99372750825285 133.02836690252266
-58.63753253875625 126.38280325368568
-91.87257422478793 7.745745061723364
-72.35698552319549 127.53592435650624
-68.03725718737839 124.9366258065527
-54.6500869065043 117.78219103546388
-136.74596337324166 153.53990231254002
-60.82236873760397 128.59241458154054
-56.40926370273185 -43.78278110040745
-63.30159032670562 126.42356051326635
-81.57203750121852 122.5989670608353
-147.87354985727745 152.67033538789647
-66.12775818505617 133.6710677129634
-128.0419945310409 151.8418357007447
-138.88360830367773 155.36507921121114
-142.18935367030167 153.99548076042876
-50.78495965773664 132.8968266234244
-150.27442957786684 147.73314721037593
-144.72738015732244 150.96843907547026
-136.6326212920351 151.96410684332903
-77.38176824885252 125.16296163454386
-93.74048861085282 -1.0889959974470238
-65.63138223547222 -19.042730914789942
-61.34312314077823 -33.68673328806555
-147.2549713722252 -174.68950006878487
-60.22960114796234 130.71022498395078
-63.24512371898141 128.97080420042397
-54.19779789454547 129.3972550338569
-67.14480176130219 137.30510179293864
-79.34669487846813 -24.32511771216715
-62.76628474397893 140.74819615754532
-85.18902948786005 121.7158611895533
-63.628035252024894 119.28040709556312
-50.59664947317398 154.1285178360273
-142.8536807966403 145.21487924844268
-146.86713400956853 151.5200095805202
-67.55030338556688 133.86248554540597
-64.68906439874499 134.28747650581963
-70.77703015647202 134.4874301849152
-66.55351148742756 131.48088938767395
-67.07550172104091 132.23180624856053
-58.084158508401174 132.68738111235322
-66.44344775963866 131.3679788347921
-62.25632993896299 131.62286338289493
-62.63977815303039 130.5942923960633
-70.52807133684522 135.5167514144637
-69.34134498902263 134.55281293166752
-66.68849445238422 134.53505209238628
-67.8430040669714 134.54009180814768
-69.32803308285071 134.54566291559593
-138.7738281545411 159.6194135740108
-71.99943717205832 137.16070705092258
-69.70512606574815 131.7521288123434
-69.80295658062873 135.63169972170812
-70.90631423212653 136.40336054324862
-70.18476978836155 135.64870519565108
-71.70010501653964 130.68788030022378
-66.29356742432051 130.89521597559283
-67.07521836195231 137.73101288739497
-67.96625170030964 133.55497346772466
-71.7670211024118 137.6667741056823
-69.44249829165142 139.1630955746933
-65.11226416301446 136.46965221453854
-72.24022055913869 137.42130550238318
-70.13606321710346 136.82874476074883
-70.54338305105168 135.38614995141018
-66.26145196441163 136.8502417107458
-69.29075025967673 134.2731289725903
-66.51169599212616 132.34517753141185
-69.88686811753097 134.34454870000576
-70.46920335999522 134.9199798058553
-69.87663235272203 135.26427869467074
-67.3345764948955 132.67321158626865
-70.20722553850202 133.8184560142521
-42.76489200377508 140.2148660005471
-66.65953962375598 129.9865764421029
-105.26003758945659 131.44172486738822
-135.24788324773724 158.0999925076367
-139.32808643383288 153.780083588333
-127.60811167304361 157.74157203771583
-126.5400537591339 152.89473470995839
-135.06670274681358 152.76530371398312
-59.760523277732794 133.00101286525256
-131.98458385791406 65.18458988640862
-138.10281390029323 162.5099521910693
-141.8054793650247 156.92266904151768
-67.02398756686048 72.19456377569547
-63.26479926153079 118.6146896823124
-126.852077620513 150.5788676614522
-136.48678068972822 143.95805464477075
-66.50920791692471 123.49618438673417
-75.00518312911913 118.79619184692685
-45.70622043562358 -26.262343999132497
-46.1358174646317 -21.462453031850877
-107.09256477528218 122.69897086125798
-86.2196593729721 -74.5000410352627
-45.242188833323155 -26.461335943860828
-45.52666582619269 -22.467096341639166
-109.70180375995898 -9.010109403380334
-45.14647359980677 -26.657206417822273
-45.98868725343501 -22.61187333188376
-45.41259357028491 -26.260075974233104
-46.106320965327924 -21.524651891615182
-73.99507284189092 139.63612670283425
-65.13625361901127 137.58252923976016
-136.12467732299856 165.84849958232994
-48.79610323726037 121.58887434238858
-55.365314194723936 132.06843097233167
-59.76674435932926 125.35070593194766
-55.81099975462945 126.23833383043106
-87.63481498368621 101.89554263193939
-66.94274970907092 125.65048489166327
-76.53323910912985 137.94034483728524
-62.27436303039584 130.08310553123104
-55.46038204780186 126.06806790932102
-155.87360654338352 96.02905662557185
-93.77352697327807 131.97754644730423
-125.73034882236831 130.53630432989468
-132.92892115764363 145.21243595886156
-114.25863635739198 153.07339987747062
-71.22797744467276 135.6050699566878
-53.21692660910337 129.0532959098294
-54.37660061917431 129.99074763860094
-66.77456019137949 124.64787283729379
-58.369141783562576 134.56764070204167
-65.75874932590007 135.87305399494176
-68.30055415320943 123.38317528695156
-72.22844494413239 125.3058378327534
-45.50720627663876 -26.32540655772832
-64.2838139698939 127.22840630044423
-46.54633748690133 133.68760042894823
-51.55036023880694 138.42285719513058
-63.0901791551647 -49.51941647784511
-64.04169821241857 -44.05974933207417
-63.7718638909586 -43.237415741783245
-64.3644097973784 134.26292692066104
-59.08054944779109 134.9927100581243
-62.292831918274686 -48.18811419517024
-81.09105432038552 143.43986307529354
-54.22160651791225 127.17852740952637
-46.97237801387105 -22.14607385303386
-58.768403420171204 -54.11080231064757
-110.30280549332207 167.36053035482186
-69.75334746807148 -43.511064022315416
-58.587446818060414 139.52665390861176
-57.263174836174656 129.20219660097212
-48.32976025042879 137.44193023974603
-42.938930161134 125.62376209653125
-56.43369938979804 130.54048296039505
-55.5697345675087 130.81655977604038
-55.99412645874152 138.03762849062767
-62.4827368470096 132.9462146163021
-61.55473780773833 131.91201384274754
-70.93195204110198 126.09169888708526
-57.103757948402134 133.0600710752697
-55.23161180083388 133.27571983916548
-51.15908625381787 134.19142217468172
-58.96365906120719 133.00910284423978
-136.44986952090508 155.75317462454356
-58.293742534392514 -48.43060233780056
-54.47581826863272 -48.47668788573893
-60.23704399578789 -45.8217855475315
-62.222292562279236 -45.526808183824755
-62.56804259515124 -46.18129610367594
-65.30634656231571 -41.70114729010219
-66.07027103452323 143.5599431528981
-64.35811110916862 134.18084583990344
-61.197874342984676 135.2018559652211
-51.0173660067898 -44.40098091068596
-67.68091523918831 128.16407149972707
-60.65824397965444 -37.216238886069966
-76.27750889237613 -24.879280103173635
-127.11694745791783 160.4613709532433
-70.55304646749074 128.4103093695615
-144.54355770647993 150.69728349127965
-137.8128380047707 149.69487472432658
-121.5932522316623 151.79681001736583
-144.62311304618845 147.70963027549567
-143.37300703662942 143.4135530822164
-57.21861229298463 131.64369216034413
-58.89080423104997 126.6442595941243
-69.03623020928838 133.78180938771484
-69.8247261296713 133.07011825414236
-67.09529650105135 135.19825111153742
-74.21262167533305 132.8257385821376
-62.30889063085858 126.55754067906435
-71.36901944814987 133.67454645624804
-69.97280191933191 134.94530992226214
-66.32059948182325 132.8416587122746
-69.45725137047117 134.20037149351532
-66.84129563754263 131.85690185329636
-69.20218097401592 130.94015827222236
-66.17136875845456 134.08288388165187
-67.96190997717393 133.88862942972432
-67.60112476178595 135.7532072834931
-68.7630267768684 132.64456984324667
-64.93657940776615 136.44293593737237
-49.10572506726744 121.16496886800701
-68.83947350677086 136.18674114777374
-126.44919448378947 150.04062125849214
-128.8439536495352 153.19283353325045
-69.99882146642324 -42.196909181012096
-112.94438052561061 13.627211003330885
-154.5992905322472 152.5106070936473
-126.24001936283277 164.04860546463104
-45.30896382061009 -26.615002745146178
-45.8659886849403 -21.93653413367057
-45.62982023953296 -26.320330235301782
-45.59848049525342 -22.303961076390145
-45.55747378356507 -26.323023752688744
-46.04335868551872 -22.000678981172484
-134.85887843554775 167.37278544347788
-51.657171403263774 129.57399948205162
-82.99744152301874 173.72869860135233
-155.34400862532698 116.9194611055534
-89.54688756254494 134.98712085030294
-149.48676371905051 147.66076582556911
-77.16539862605154 116.54864445194754
-162.02002779866078 152.03829532013316
-135.5778572430642 149.981199838555
-124.07040848123424 156.1788836032123
-65.46358845449863 130.87410831605246
-89.52346002832293 139.99559695778947
-88.56097722616124 134.30098486107008
-69.85493202991735 132.49800302130546
-69.16736775570884 -33.525707258690076
-66.12895563613317 125.33182370166845
-68.68322341777018 -48.346581447958535
-47.365284152690606 133.59062645159483
-63.06807986207144 125.88318059427716
-67.30907999314128 122.59497975158806
-57.73459896229346 123.94301890425409
-68.91532229247831 140.9463245799874
-51.953470575052606 130.94344026069328
-142.77566674529842 155.3861168311038
-61.35840233260495 -42.83972766939065
-67.04879255904113 128.29354155473877
-81.02063034843151 116.72405585113397
-82.13049163974117 119.08248798171098
-74.66365165402084 119.90474372497378
-78.37002944264584 113.56068238123731
-73.89187896190651 118.72834999324583
-119.65536713987935 146.50154710025296
-63.87506324875634 138.6615500008587
-101.7803264921994 107.69203128069445
-126.00696465392386 166.3825836393836
-70.31965147663112 168.6733336665325
-56.814760132002824 124.50258922490845
-81.6944111492775 111.68016065982022
-74.35282236707637 123.02456483205337
-67.09239711911219 115.57303489331991
-144.88443773598377 145.22149054023308
-126.63345828523484 149.58919118220513
-82.82518909326825 113.6536228921134
-85.87505688397287 164.8972335946025
-126.46839137436966 150.6186950241958
-136.98497150855786 144.70226812991703
-74.39410464568715 92.04830686234192
-99.15623842905882 84.00066453552051
-91.5196795038227 91.91660347362713
-73.71199086326297 94.90780705199384
-44.95734720324034 -26.222876362864604
-46.06622996725172 -22.421034703291063
-103.40079313781266 73.6705360296813
-138.127455483087 -153.51607129448504
-71.99907195076467 143.1109750233218
-76.09447372961469 106.6747701372669
-77.32784190732819 105.11650158309195
-72.82045972982007 111.2886584160515
-84.38427490694013 108.0545281100906
-100.11708862462031 73.22690403245258
-91.14583598171708 108.91756122798243
-88.94241256679044 107.87625727577742
-92.0468925159507 93.40561269336345
-149.28993349426887 -169.18474823064665
-75.19402616396302 109.24835844370001
-86.38589915693234 104.59928599377625
-81.99164288113482 110.44095453267576
-98.75896274077132 72.96647019603883
-71.11045916505128 90.58928276060668
-101.3508352285928 66.98833964232944
-78.15671462954617 153.179405565526
69.5454932396632 117.50206768228007
-73.26141000134919 111.03040013540303
-98.03455445430917 83.10165251382386
-96.85101935842114 58.410763733057486
-88.69337853590385 86.00152283239201
-76.9472006906546 109.64656865479665
-99.76540074484583 77.44785857240494
-166.79168800000525 178.10729873941338
-62.796249069741876 124.53581696805055
-118.63017549971762 86.20516823465718
-74.5536621883656 135.92122695409427
-83.53528051741324 143.63325279513518
-124.9457104952832 162.59026610769445
-164.88897219198338 -170.97216491748355
-67.59932472947415 128.7172241474181
-58.869825737548865 136.81256461836347
-59.69138260779373 -47.9373632690885
-54.09195291347937 133.1257141522912
-173.32114494992513 152.20383764886338
-74.4807372810703 145.61061512674314
-64.56668026304415 124.31837787473495
-74.13369061311792 131.71498856046975
-59.56350010390723 -45.3284097627367
-109.5418283830845 -9.823460115762451
-62.98723541471533 -40.16434755382306
-147.49680682929935 152.55427308130112
-128.08629528891694 151.43376612157772
-138.6880051046719 154.76619829197176
-141.63393901973353 154.0123516429808
-28.55368624027115 100.32197540403486
-149.9048975407533 147.7357229783618
-143.65927208731364 150.9110093986996
-135.99902681902358 152.0351140902235
-84.37455895144156 -21.370588025097685
-63.858964607382845 142.8639537518943
-141.09671804053514 150.01719582375264
-145.22862929704658 149.19321834541714
-140.08523065473216 150.47476959098287
-142.78754280847463 145.29199179547948
-147.11010980998648 151.67836000943456
-80.43231554185823 133.81568221119227
-38.99150707459335 129.98580621775014
-135.09048542519812 157.36726828111387
-139.1825774890157 153.26096644315825
-129.78055526957309 153.3847888540668
-133.38113069755616 151.63478051442164
-150.37401948237203 149.49412279823906
-134.40648777008533 150.70024275983292
-154.89603478303755 147.71729970149568
-75.18680886936892 -38.0376755064994
-65.09898434004076 115.61059125756897
-79.54937225748043 133.22278547829714
-77.87123273769292 99.84130744867393
-57.68103390353106 125.93098650374914
-45.65283061436235 -25.685750465445714
-45.351330077384 -21.387896755733156
-113.09442149128054 162.34537113450412
-59.64032190199554 133.1062561897409
-59.398521719562964 115.78109283501858
-56.890412045669784 -43.692768172899484
-97.61700299746771 106.199874870582
-66.46240658191118 130.36506498066086
-148.87589615840798 115.58283331561509
-92.78473763578896 99.55854167363118
-92.28584383849842 137.19062078143088
-116.59728523938155 152.86050775588936
-159.61626896422072 157.52298688725247
-146.96838802998286 147.6758456060624
-125.38419176690024 157.23910897982472
-67.09369219934759 130.92485206852766
-54.44000388030018 -46.47564623854869
-92.17283666135297 105.23845764825094
-140.4186481109252 150.17260878845966
-66.51927635189091 132.81559942184575
-107.95686775361159 121.24747761250119
-74.32957801643155 -53.612117504505235
-148.10682793302385 103.3413234039628
-87.2171468495271 -13.193476983254135
-161.89863682310508 -168.92180713493994
-68.76573568454002 128.72769141089307
-63.71706777104554 -42.740904634315456
-147.44073107741497 153.00891362622747
-128.36429356290034 152.0791861999914
-138.21932778237854 154.96050198076293
-142.10146929589428 154.43271681255763
-146.65082559567236 146.79647926123863
-143.22436945005796 150.25182851922136
-135.67481322288796 152.36855960353523
-77.91912229729664 -21.435214076700536
-146.1104509549783 151.20803495474564
-135.08890695707373 157.682562540052
-138.4381553802242 153.87807625854558
-128.0449942544366 150.5494923548627
-134.4508058167056 176.96396144103178
-134.68739805096592 61.17441893654083
-66.93614890843473 110.75571829538691
-76.90118857511835 139.07829737624203
-71.3447446810194 131.77248313140504
-45.748233226996675 -25.995060388354965
-46.05225527701527 -21.737549896464582
-58.93659442939698 -55.4212041816722
-99.82902218450155 -26.063071045748956
-55.04878354007597 -45.21596709718468
-157.96294009588226 125.58195200659037
-121.35231100943248 -40.838339500946326
-146.8194031535228 154.6667944796933
-152.49796420935738 160.25737304501277
-85.18045664368462 162.17171270052165
134.79199930565142 144.07433144354502
-70.3974227980146 135.64726935158578
-59.541699491658804 -42.5310141930053
