#Residue         Para         Anti         3-10        Alpha           Pi         Turn         Bend
       1       0.0000       0.0000       0.0000       0.0000       0.0000       0.0000       0.0000
       2       0.0000       0.1298       0.0045       0.0094       0.0000       0.0399       0.0000
       3       0.0000       0.0000       0.0046       0.0099       0.0000       0.0518       0.0670
       4       0.0000       0.0000       0.0142       0.0666       0.0000       0.0264       0.1028
       5       0.0000       0.0000       0.0116       0.0700       0.0000       0.0278       0.0585
       6       0.0000       0.0000       0.0117       0.0639       0.0000       0.0273       0.2591
       7       0.0000       0.0000       0.0014       0.0633       0.0000       0.0477       0.4634
       8       0.0000       0.0007       0.0018       0.0044       0.0000       0.0377       0.1420
       9       0.0000       0.0000       0.0133       0.0548       0.0040       0.1622       0.1259
      10       0.0000       0.0010       0.0352       0.1449       0.0040       0.2739       0.2066
      11       0.0000       0.0002       0.0376       0.1455       0.0040       0.2776       0.2536
      12       0.0000       0.0005       0.0294       0.1518       0.0040       0.2001       0.0947
      13       0.0000       0.0011       0.0059       0.1320       0.0040       0.0933       0.1176
      14       0.0000       0.0000       0.0117       0.4083       0.0000       0.1184       0.1254
      15       0.0000       0.0000       0.0118       0.4822       0.0000       0.1438       0.1658
      16       0.0000       0.0000       0.0225       0.5194       0.0000       0.1156       0.0958
      17       0.0000       0.0000       0.0472       0.5280       0.0000       0.1059       0.0485
      18       0.0000       0.0006       0.0494       0.4379       0.0000       0.1597       0.0517
      19       0.0000       0.0001       0.0409       0.3241       0.0000       0.2277       0.0941
      20       0.0000       0.0000       0.0083       0.2094       0.0000       0.1547       0.2831
      21       0.0000       0.0010       0.0037       0.1371       0.0000       0.1156       0.2212
      22       0.0000       0.0000       0.0024       0.0561       0.0000       0.2568       0.3120
      23       0.0000       0.0007       0.0010       0.0557       0.0000       0.2623       0.3876
      24       0.0000       0.0010       0.0006       0.0258       0.0000       0.0160       0.2247
      25       0.0000       0.0000       0.0094       0.0855       0.0000       0.0413       0.1856
      26       0.0000       0.0000       0.0109       0.0855       0.0000       0.0612       0.1695
      27       0.0000       0.0000       0.0109       0.0855       0.0000       0.0544       0.2928
      28       0.0000       0.0134       0.0021       0.0855       0.0000       0.0275       0.1768
      29       0.0000       0.0016       0.0000       0.0000       0.0000       0.0004       0.1063
      30       0.0000       0.0000       0.0009       0.0003       0.0000       0.2886       0.2200
      31       0.0000       0.1298       0.0009       0.0003       0.0000       0.2889       0.2603
      32       0.0000       0.0011       0.0009       0.0003       0.0000       0.0094       0.3523
      33       0.0000       0.0006       0.0010       0.0003       0.0000       0.0038       0.2247
      34       0.0000       0.0216       0.0710       0.1204       0.0000       0.1228       0.0954
      35       0.0000       0.0000       0.0765       0.1275       0.0000       0.1739       0.1146
      36       0.0000       0.0001       0.0944       0.1361       0.0000       0.1126       0.1427
      37       0.0000       0.0164       0.0316       0.1416       0.0000       0.0560       0.1293
      38       0.0000       0.0005       0.0259       0.0586       0.0000       0.1032       0.1561
      39       0.0000       0.0000       0.0075       0.0287       0.0000       0.0716       0.1720
      40       0.0000       0.0091       0.0010       0.0151       0.0000       0.0344       0.1491
      41       0.0000       0.0004       0.0002       0.0000       0.0000       0.0091       0.2182
      42       0.0000       0.0000       0.0002       0.0000       0.0000       0.0106       0.3343
      43       0.0000       0.0002       0.0023       0.0000       0.0000       0.0085       0.1624
      44       0.0000       0.0009       0.0022       0.0000       0.0000       0.0330       0.2247
      45       0.0000       0.0000       0.0022       0.0000       0.0000       0.1658       0.3651
      46       0.0000       0.0001       0.0001       0.0000       0.0000       0.1368       0.0000
      47       0.0000       0.0001       0.0000       0.0000       0.0000       0.0000       0.0000
