#Residue         Para         Anti         3-10        Alpha           Pi         Turn         Bend
       1       0.0000       0.0000       0.0000       0.0000       0.0000       0.0000       0.0000
       2       0.0000       0.0000       0.1014       0.3714       0.0000       0.0629       0.0000
       3       0.0000       0.0000       0.1501       0.4264       0.0000       0.1277       0.0707
       4       0.0000       0.0000       0.1618       0.4337       0.0000       0.1789       0.0650
       5       0.0000       0.0000       0.1660       0.4506       0.0000       0.1509       0.0151
       6       0.0000       0.0000       0.1192       0.3363       0.0000       0.4136       0.0868
       7       0.0000       0.0000       0.1356       0.3338       0.0000       0.3936       0.1154
       8       0.0000       0.0000       0.2226       0.3604       0.0002       0.2300       0.0889
       9       0.0000       0.0000       0.1908       0.2573       0.0050       0.2626       0.0643
      10       0.0000       0.0000       0.1654       0.3243       0.0050       0.3057       0.1348
      11       0.0000       0.0000       0.0178       0.3129       0.0050       0.4006       0.1768
      12       0.0000       0.0000       0.0156       0.2982       0.0050       0.4668       0.0325
      13       0.0000       0.0000       0.0217       0.4214       0.0048       0.4428       0.0771
      14       0.0000       0.0000       0.0217       0.7332       0.0000       0.2069       0.0238
      15       0.0000       0.0000       0.0177       0.8585       0.0000       0.0906       0.0263
      16       0.0000       0.0000       0.0138       0.9104       0.0000       0.0586       0.0122
      17       0.0000       0.0000       0.0185       0.9302       0.0000       0.0397       0.0113
      18       0.0000       0.0000       0.0212       0.9224       0.0000       0.0524       0.0036
      19       0.0000       0.0000       0.0221       0.8513       0.0000       0.1180       0.0081
      20       0.0000       0.0000       0.0308       0.7856       0.0000       0.1494       0.0254
      21       0.0000       0.0000       0.0514       0.6690       0.0000       0.1447       0.0448
      22       0.0000       0.0000       0.0611       0.4471       0.0000       0.3348       0.0318
      23       0.0000       0.0000       0.0518       0.4096       0.0000       0.3627       0.1150
      24       0.0000       0.0001       0.0338       0.2011       0.0000       0.0724       0.1458
      25       0.0000       0.0000       0.2601       0.3842       0.0000       0.2362       0.1136
      26       0.0000       0.0000       0.2708       0.3728       0.0000       0.3114       0.0416
      27       0.0000       0.0001       0.2660       0.3160       0.0000       0.1994       0.1993
      28       0.0000       0.0000       0.0821       0.3058       0.0000       0.1911       0.0886
      29       0.0000       0.0000       0.0000       0.0000       0.0000       0.0004       0.3716
      30       0.0000       0.0000       0.0000       0.0000       0.0000       0.0352       0.1891
      31       0.0000       0.0000       0.0000       0.0000       0.0000       0.1362       0.3670
      32       0.0000       0.0000       0.0000       0.0000       0.0000       0.1017       0.5150
      33       0.0000       0.0000       0.0000       0.0000       0.0000       0.0005       0.3394
      34       0.0000       0.0000       0.0298       0.3392       0.0000       0.0725       0.0435
      35       0.0000       0.0000       0.0514       0.4367       0.0000       0.1317       0.0576
      36       0.0000       0.0000       0.0966       0.5218       0.0009       0.1757       0.0882
      37       0.0000       0.0000       0.0928       0.6253       0.0009       0.1608       0.0698
      38       0.0000       0.0000       0.0870       0.5368       0.0009       0.1804       0.1578
      39       0.0000       0.0000       0.1224       0.5824       0.0051       0.2168       0.0650
      40       0.0000       0.0000       0.1494       0.4771       0.0051       0.2810       0.0244
      41       0.0000       0.0000       0.1506       0.3247       0.0042       0.4040       0.0664
      42       0.0000       0.0000       0.1090       0.2128       0.0042       0.4443       0.1425
      43       0.0000       0.0000       0.1330       0.0036       0.0042       0.2599       0.1368
      44       0.0000       0.0000       0.1335       0.0009       0.0000       0.2701       0.1937
      45       0.0000       0.0000       0.1049       0.0009       0.0000       0.1138       0.3515
      46       0.0000       0.0000       0.0213       0.0009       0.0000       0.0839       0.0000
      47       0.0000       0.0000       0.0000       0.0000       0.0000       0.0000       0.0000
