#Residue         Para         Anti         3-10        Alpha           Pi         Turn         Bend
       1       0.0000       0.0000       0.0000       0.0000       0.0000       0.0000       0.0000
       2       0.0002       0.0006       0.1026       0.0220       0.0000       0.0859       0.0000
       3       0.0000       0.0000       0.1035       0.0223       0.0000       0.1306       0.0668
       4       0.0001       0.0048       0.1110       0.0414       0.0000       0.1212       0.1764
       5       0.0038       0.0000       0.0094       0.0743       0.0000       0.0370       0.1658
       6       0.0000       0.0000       0.0094       0.0666       0.0000       0.0461       0.3456
       7       0.0000       0.0000       0.0025       0.0739       0.0000       0.0401       0.4294
       8       0.0001       0.0001       0.0151       0.1616       0.0034       0.1146       0.0864
       9       0.0000       0.0000       0.0211       0.1848       0.0043       0.3006       0.1846
      10       0.0000       0.0000       0.0343       0.2833       0.0043       0.3475       0.2206
      11       0.0001       0.0000       0.0264       0.2797       0.0043       0.2998       0.3028
      12       0.0000       0.0001       0.0264       0.2347       0.0043       0.2891       0.0810
      13       0.0000       0.0000       0.0148       0.1772       0.0009       0.1279       0.1578
      14       0.0000       0.0001       0.0120       0.4003       0.0002       0.1638       0.1792
      15       0.0000       0.0000       0.0079       0.4097       0.0033       0.1245       0.2858
      16       0.0001       0.0000       0.0172       0.4308       0.0038       0.0482       0.0462
      17       0.0000       0.0002       0.0697       0.4266       0.0038       0.2145       0.1524
      18       0.0000       0.0000       0.0801       0.3564       0.0037       0.2955       0.1091
      19       0.0000       0.0000       0.0696       0.3495       0.0053       0.3555       0.0962
      20       0.0000       0.0000       0.0291       0.3295       0.0043       0.2337       0.2144
      21       0.0015       0.0018       0.0131       0.2136       0.0077       0.2167       0.1318
      22       0.0000       0.0000       0.0190       0.1761       0.0078       0.2952       0.3069
      23       0.0002       0.0000       0.0107       0.1180       0.0098       0.3381       0.3550
      24       0.0020       0.0016       0.0108       0.0322       0.0093       0.1168       0.3697
      25       0.0025       0.0580       0.0194       0.1352       0.0073       0.1330       0.1754
      26       0.0000       0.0000       0.0554       0.1332       0.0034       0.4629       0.1355
      27       0.0000       0.0000       0.0538       0.1308       0.0034       0.4949       0.2110
      28       0.0000       0.0141       0.0409       0.1163       0.0015       0.3895       0.2532
      29       0.0020       0.0432       0.0000       0.0000       0.0000       0.0017       0.3316
      30       0.0014       0.0000       0.0000       0.0002       0.0000       0.0237       0.2213
      31       0.0034       0.0048       0.0000       0.0002       0.0000       0.1024       0.2238
      32       0.0000       0.0023       0.0000       0.0002       0.0000       0.0818       0.0967
      33       0.0000       0.0002       0.0005       0.0540       0.0000       0.1078       0.1341
      34       0.0000       0.0000       0.0649       0.2846       0.0002       0.1292       0.0795
      35       0.0001       0.0027       0.0676       0.2911       0.0007       0.1521       0.0767
      36       0.0000       0.0038       0.0878       0.3113       0.0017       0.1474       0.1450
      37       0.0051       0.0000       0.0275       0.3080       0.0021       0.2053       0.1398
      38       0.0000       0.0005       0.0282       0.1909       0.0021       0.3072       0.1799
      39       0.0015       0.0020       0.0266       0.1350       0.0040       0.3370       0.2388
      40       0.0052       0.0078       0.0247       0.0630       0.0035       0.2883       0.1235
      41       0.0002       0.0023       0.0215       0.0293       0.0025       0.1437       0.3050
      42       0.0000       0.0003       0.0025       0.0242       0.0021       0.2120       0.4213
      43       0.0001       0.0193       0.0154       0.0123       0.0021       0.1936       0.3983
      44       0.0001       0.0015       0.0235       0.0000       0.0000       0.1554       0.5891
      45       0.0000       0.0007       0.0233       0.0000       0.0000       0.1990       0.4225
      46       0.0001       0.0248       0.0087       0.0000       0.0000       0.0671       0.0000
      47       0.0000       0.0000       0.0000       0.0000       0.0000       0.0000       0.0000
