#Residue         Para         Anti         3-10        Alpha           Pi         Turn         Bend
       1       0.0000       0.0000       0.0000       0.0000       0.0000       0.0000       0.0000
       2       0.0000       0.0000       0.0543       0.4082       0.0000       0.3180       0.0000
       3       0.0000       0.0000       0.0904       0.5002       0.0000       0.3774       0.0287
       4       0.0000       0.0000       0.0921       0.5126       0.0000       0.3837       0.0116
       5       0.0000       0.0000       0.0424       0.5378       0.0000       0.0666       0.0117
       6       0.0000       0.0000       0.0716       0.3521       0.0000       0.3367       0.1935
       7       0.0000       0.0000       0.1513       0.3850       0.0000       0.3368       0.1267
       8       0.0000       0.0000       0.2374       0.4000       0.0002       0.1772       0.1032
       9       0.0000       0.0000       0.2354       0.2690       0.0012       0.3213       0.1341
      10       0.0000       0.0000       0.1570       0.2362       0.0012       0.4415       0.1354
      11       0.0000       0.0000       0.0316       0.2637       0.0012       0.5809       0.1042
      12       0.0000       0.0000       0.0118       0.3998       0.0012       0.5090       0.0233
      13       0.0000       0.0000       0.0358       0.7379       0.0010       0.1771       0.0378
      14       0.0000       0.0000       0.0364       0.8922       0.0000       0.0668       0.0034
      15       0.0000       0.0000       0.0306       0.9016       0.0000       0.0622       0.0055
      16       0.0000       0.0000       0.0112       0.9425       0.0000       0.0434       0.0025
      17       0.0000       0.0000       0.0065       0.9566       0.0001       0.0355       0.0010
      18       0.0000       0.0000       0.0061       0.8902       0.0002       0.0950       0.0049
      19       0.0000       0.0000       0.0076       0.8026       0.0002       0.1863       0.0031
      20       0.0000       0.0000       0.0056       0.7377       0.0002       0.2403       0.0154
      21       0.0000       0.0000       0.0141       0.6537       0.0003       0.3106       0.0206
      22       0.0000       0.0000       0.0176       0.4490       0.0005       0.4464       0.0800
      23       0.0000       0.0000       0.0153       0.4953       0.0004       0.4739       0.0151
      24       0.0000       0.0000       0.0066       0.3436       0.0004       0.0681       0.0274
      25       0.0000       0.0000       0.1164       0.5559       0.0004       0.1968       0.1226
      26       0.0000       0.0000       0.1416       0.5158       0.0003       0.2978       0.0423
      27       0.0000       0.0000       0.1414       0.4574       0.0000       0.3429       0.0372
      28       0.0000       0.0000       0.0374       0.4182       0.0000       0.2011       0.1004
      29       0.0000       0.0001       0.0000       0.0000       0.0000       0.0000       0.3366
      30       0.0000       0.0000       0.0545       0.0000       0.0000       0.1361       0.3046
      31       0.0000       0.0000       0.0644       0.0635       0.0000       0.2225       0.4416
      32       0.0000       0.0001       0.0680       0.1031       0.0000       0.0845       0.4282
      33       0.0000       0.0000       0.0171       0.1133       0.0000       0.0638       0.3097
      34       0.0000       0.0000       0.0343       0.7478       0.0000       0.1230       0.0232
      35       0.0000       0.0000       0.0558       0.8093       0.0000       0.1072       0.0235
      36       0.0000       0.0000       0.0638       0.8334       0.0043       0.0905       0.0043
      37       0.0000       0.0000       0.0598       0.8446       0.0043       0.0841       0.0056
      38       0.0000       0.0000       0.0620       0.5854       0.0043       0.3174       0.0306
      39       0.0000       0.0000       0.0719       0.5281       0.0043       0.3103       0.0699
      40       0.0000       0.0000       0.1780       0.4563       0.0042       0.1313       0.1538
      41       0.0000       0.0000       0.1887       0.4007       0.0000       0.2040       0.1368
      42       0.0000       0.0000       0.1742       0.3266       0.0000       0.2369       0.1878
      43       0.0000       0.0000       0.1733       0.1262       0.0000       0.3104       0.2596
      44       0.0000       0.0000       0.1711       0.0013       0.0000       0.3436       0.2666
      45       0.0000       0.0000       0.1599       0.0008       0.0000       0.2265       0.2088
      46       0.0000       0.0000       0.0072       0.0004       0.0000       0.0320       0.0000
      47       0.0000       0.0000       0.0000       0.0000       0.0000       0.0000       0.0000
