#Residue         Para         Anti         3-10        Alpha           Pi         Turn         Bend
       1       0.0000       0.0000       0.0000       0.0000       0.0000       0.0000       0.0000
       2       0.0000       0.0029       0.0000       0.0000       0.0000       0.0133       0.0000
       3       0.0000       0.0063       0.0049       0.0000       0.0000       0.0498       0.1026
       4       0.0000       0.0000       0.0049       0.0000       0.0000       0.0553       0.2215
       5       0.0000       0.0007       0.0049       0.0000       0.0000       0.0189       0.2200
       6       0.0000       0.0069       0.0000       0.0000       0.0000       0.0006       0.0686
       7       0.0000       0.0022       0.0506       0.0304       0.0001       0.0874       0.0492
       8       0.0001       0.0000       0.0508       0.0316       0.0001       0.2204       0.3080
       9       0.0003       0.0021       0.0514       0.0324       0.0001       0.1929       0.2714
      10       0.0000       0.0008       0.0137       0.0326       0.0001       0.3603       0.3125
      11       0.0000       0.0000       0.0134       0.0108       0.0001       0.3974       0.5320
      12       0.0000       0.0014       0.0128       0.0082       0.0000       0.2612       0.7128
      13       0.0004       0.5172       0.0000       0.0002       0.0000       0.0032       0.2182
      14       0.0000       0.9956       0.0000       0.0000       0.0000       0.0000       0.0000
      15       0.0000       0.9996       0.0000       0.0000       0.0000       0.0000       0.0000
      16       0.0000       0.9664       0.0000       0.0000       0.0000       0.0000       0.0000
      17       0.0000       0.9998       0.0000       0.0000       0.0000       0.0000       0.0000
      18       0.0000       0.9955       0.0000       0.0000       0.0000       0.0000       0.0000
      19       0.0000       0.9963       0.0000       0.0000       0.0000       0.0000       0.0000
      20       0.0000       0.0661       0.0000       0.0001       0.0000       0.0001       0.0001
      21       0.0000       0.0000       0.0000       0.0001       0.0000       0.7881       0.2118
      22       0.0000       0.0000       0.0000       0.0001       0.0000       0.7881       0.2118
      23       0.0000       0.0000       0.0000       0.0001       0.0000       0.0627       0.5612
      24       0.0000       0.0624       0.0000       0.0000       0.0000       0.0000       0.0075
      25       0.0000       0.9832       0.0000       0.0000       0.0000       0.0000       0.0000
      26       0.0000       0.0004       0.0000       0.0000       0.0000       0.0000       0.0186
      27       0.0000       0.7343       0.0000       0.0000       0.0000       0.0000       0.0001
      28       0.0000       0.9555       0.0000       0.0000       0.0000       0.0000       0.0000
      29       0.0000       0.9626       0.0000       0.0000       0.0000       0.0000       0.0002
      30       0.0000       1.0000       0.0000       0.0000       0.0000       0.0000       0.0000
      31       0.0000       1.0000       0.0000       0.0000       0.0000       0.0000       0.0000
      32       0.0000       0.9998       0.0000       0.0000       0.0000       0.0000       0.0000
      33       0.0000       0.9886       0.0000       0.0000       0.0000       0.0000       0.0000
      34       0.0000       0.0508       0.0000       0.0000       0.0000       0.0000       0.0000
      35       0.0000       0.0000       0.0000       0.0000       0.0000       0.0510       0.9490
      36       0.0000       0.0000       0.0000       0.0000       0.0000       0.0510       0.9490
      37       0.0000       0.9937       0.0000       0.0000       0.0000       0.0000       0.0010
      38       0.0000       1.0000       0.0000       0.0000       0.0000       0.0000       0.0000
      39       0.0000       1.0000       0.0000       0.0000       0.0000       0.0000       0.0000
      40       0.0000       0.9999       0.0000       0.0000       0.0000       0.0000       0.0000
      41       0.0000       0.9333       0.0000       0.0000       0.0000       0.0000       0.0000
      42       0.0000       0.2098       0.0000       0.0000       0.0000       0.0000       0.1064
      43       0.0000       0.0000       0.0000       0.0000       0.0000       0.2660       0.7339
      44       0.0000       0.0000       0.0000       0.0000       0.0000       0.2668       0.6981
      45       0.0000       0.0644       0.0000       0.0000       0.0000       0.0072       0.9104
      46       0.0000       0.0053       0.0000       0.0000       0.0000       0.0003       0.4730
      47       0.0000       0.0675       0.0000       0.0000       0.0000       0.0001       0.0023
      48       0.0000       0.9610       0.0000       0.0000       0.0000       0.0000       0.0000
      49       0.0000       0.9998       0.0000       0.0000       0.0000       0.0000       0.0000
      50       0.0000       0.9994       0.0000       0.0000       0.0000       0.0000       0.0000
      51       0.0000       0.9925       0.0000       0.0000       0.0000       0.0000       0.0000
      52       0.0000       0.0000       0.1551       0.0000       0.0000       0.8158       0.0291
      53       0.0000       0.0000       0.1551       0.0000       0.0000       0.8340       0.0109
      54       0.0000       0.0000       0.1551       0.0000       0.0000       0.7532       0.0916
      55       0.0000       0.9601       0.0000       0.0000       0.0000       0.0000       0.0000
      56       0.0000       0.0000       0.0000       0.0000       0.0000       0.0000       0.0443
      57       0.0000       0.7753       0.0000       0.0000       0.0000       0.0000       0.0362
      58       0.0000       1.0000       0.0000       0.0000       0.0000       0.0000       0.0000
      59       0.0000       0.9994       0.0000       0.0000       0.0000       0.0000       0.0000
      60       0.0000       0.9991       0.0000       0.0000       0.0000       0.0000       0.0000
      61       0.0000       0.8978       0.0000       0.0000       0.0000       0.0000       0.0344
      62       0.0000       0.0000       0.0000       0.0000       0.0000       0.8986       0.1014
      63       0.0000       0.0000       0.0000       0.0000       0.0000       0.8985       0.1014
      64       0.0000       0.9992       0.0000       0.0000       0.0000       0.0000       0.0000
      65       0.0000       1.0000       0.0000       0.0000       0.0000       0.0000       0.0000
      66       0.0000       1.0000       0.0000       0.0000       0.0000       0.0000       0.0000
      67       0.0000       1.0000       0.0000       0.0000       0.0000       0.0000       0.0000
      68       0.0000       0.9968       0.0000       0.0000       0.0000       0.0000       0.0000
      69       0.0000       0.9867       0.0000       0.0000       0.0000       0.0000       0.0000
      70       0.0000       0.0056       0.0000       0.0000       0.0000       0.0000       0.0544
      71       0.0000       0.0001       0.0000       0.0000       0.0000       0.1399       0.5181
      72       0.0000       0.0000       0.0000       0.0000       0.0000       0.1415       0.5275
      73       0.0006       0.0142       0.0000       0.0000       0.0000       0.0022       0.6701
      74       0.0000       0.0000       0.0001       0.0000       0.0000       0.1546       0.7884
      75       0.0000       0.0000       0.0001       0.0000       0.0000       0.1591       0.6965
      76       0.0000       0.0135       0.0001       0.0000       0.0000       0.0123       0.2711
      77       0.0002       0.0056       0.0000       0.0000       0.0000       0.0012       0.3128
      78       0.0000       0.6957       0.0000       0.0000       0.0000       0.0000       0.1486
      79       0.0000       0.9948       0.0000       0.0000       0.0000       0.0000       0.0003
      80       0.0000       0.9985       0.0000       0.0000       0.0000       0.0000       0.0000
      81       0.0000       0.9984       0.0000       0.0000       0.0000       0.0000       0.0000
      82       0.0000       0.9998       0.0000       0.0000       0.0000       0.0000       0.0000
      83       0.0000       0.9998       0.0000       0.0000       0.0000       0.0000       0.0000
      84       0.0000       0.2254       0.0000       0.0000       0.0000       0.0000       0.0021
      85       0.0000       0.0000       0.0000       0.0000       0.0000       0.9124       0.0876
      86       0.0000       0.0000       0.0000       0.0000       0.0000       0.9130       0.0473
      87       0.0000       0.0000       0.0000       0.9953       0.0000       0.0035       0.0003
      88       0.0000       0.0000       0.0000       0.9975       0.0000       0.0025       0.0000
      89       0.0000       0.0000       0.0000       1.0000       0.0000       0.0000       0.0000
      90       0.0000       0.0000       0.0000       1.0000       0.0000       0.0000       0.0000
      91       0.0000       0.0000       0.0000       1.0000       0.0000       0.0000       0.0000
      92       0.0000       0.0000       0.0000       1.0000       0.0000       0.0000       0.0000
      93       0.0000       0.0000       0.0000       1.0000       0.0000       0.0000       0.0000
      94       0.0000       0.0000       0.0000       1.0000       0.0000       0.0000       0.0000
      95       0.0000       0.0000       0.0001       0.9952       0.0000       0.0047       0.0000
      96       0.0000       0.0000       0.0002       0.9696       0.0002       0.0301       0.0000
      97       0.0000       0.0000       0.0007       0.9407       0.0002       0.0489       0.0094
      98       0.0000       0.0000       0.0020       0.7676       0.0002       0.0919       0.0799
      99       0.0000       0.0000       0.0020       0.3590       0.0002       0.4222       0.1231
     100       0.0000       0.0000       0.0038       0.2439       0.0002       0.3421       0.2963
     101       0.0000       0.0000       0.0032       0.1210       0.0000       0.1288       0.3923
     102       0.0000       0.0000       0.0031       0.0000       0.0000       0.1173       0.1133
     103       0.0000       0.0000       0.0009       0.0000       0.0000       0.1064       0.3117
     104       0.0000       0.0000       0.0003       0.0000       0.0000       0.0788       0.2915
     105       0.0000       0.0000       0.0001       0.0000       0.0000       0.0086       0.1583
     106       0.0000       0.0000       0.0000       0.0000       0.0000       0.0437       0.3487
     107       0.0000       0.0000       0.0000       0.0000       0.0000       0.0422       0.4589
     108       0.0000       0.0000       0.0000       0.0000       0.0000       0.0000       0.2290
     109       0.0000       0.0000       0.0000       0.0000       0.0000       0.0010       0.0086
     110       0.0000       0.0010       0.0000       0.0000       0.0000       0.0022       0.1530
     111       0.0004       0.0000       0.0001       0.0000       0.0000       0.1004       0.3396
     112       0.0000       0.0000       0.0001       0.0000       0.0000       0.1029       0.2900
     113       0.0000       0.0010       0.0001       0.0000       0.0000       0.0242       0.0947
     114       0.0004       0.0000       0.0000       0.0000       0.0000       0.0087       0.8572
     115       0.0006       0.0000       0.0000       0.0000       0.0000       0.0000       0.9348
     116       0.0000       0.0000       0.0000       0.0000       0.0000       0.0000       0.4384
     117       0.0000       0.0000       0.0000       0.0000       0.0000       0.0712       0.4214
     118       0.0000       0.0000       0.0000       0.0000       0.0000       0.0712       0.6949
     119       0.0000       0.9621       0.0000       0.0000       0.0000       0.0000       0.0104
     120       0.0000       0.9970       0.0000       0.0000       0.0000       0.0000       0.0000
     121       0.0000       0.9958       0.0000       0.0000       0.0000       0.0000       0.0000
     122       0.0000       0.9800       0.0000       0.0000       0.0000       0.0000       0.0136
     123       0.0000       0.0000       0.0000       0.0000       0.0000       0.9808       0.0192
     124       0.0000       0.0000       0.0000       0.0000       0.0000       0.9808       0.0192
     125       0.0000       0.9800       0.0000       0.0000       0.0000       0.0000       0.0021
     126       0.0000       0.9958       0.0000       0.0000       0.0000       0.0000       0.0000
     127       0.0000       0.9970       0.0000       0.0000       0.0000       0.0000       0.0000
     128       0.0000       0.9621       0.0000       0.0000       0.0000       0.0000       0.0000
     129       0.0000       0.3865       0.0000       0.0000       0.0000       0.0000       0.0000
     130       0.0000       0.9856       0.0000       0.0000       0.0000       0.0000       0.0000
     131       0.0000       0.7529       0.0000       0.0000       0.0000       0.0000       0.0000
     132       0.0000       0.0000       0.0000       0.0000       0.0000       0.0000       0.0000
     133       0.0000       0.0000       0.1219       0.0378       0.0004       0.7197       0.1113
     134       0.0000       0.0000       0.1271       0.0384       0.0004       0.7333       0.0922
     135       0.0000       0.0000       0.1300       0.0384       0.0004       0.4406       0.1960
     136       0.0000       0.0000       0.0218       0.0384       0.0004       0.0814       0.4110
     137       0.0000       0.0000       0.0054       0.0014       0.0004       0.0515       0.0000
     138       0.0000       0.0000       0.0000       0.0000       0.0000       0.0000       0.0000
