#Residue         Para         Anti         3-10        Alpha           Pi         Turn         Bend
       1       0.0000       0.0000       0.0000       0.0000       0.0000       0.0000       0.0000
       2       0.0000       0.0000       0.0810       0.3190       0.0000       0.0431       0.0000
       3       0.0000       0.0061       0.0838       0.3190       0.0000       0.1223       0.0209
       4       0.0000       0.0000       0.0838       0.3190       0.0000       0.4286       0.1241
       5       0.0000       0.0000       0.0078       0.3190       0.0000       0.4733       0.1494
       6       0.0000       0.0061       0.0000       0.0000       0.0000       0.0026       0.7950
       7       0.0000       0.0000       0.0000       0.0000       0.0000       0.0100       0.0148
       8       0.0000       0.0000       0.0430       0.2024       0.0014       0.1827       0.3726
       9       0.3096       0.0000       0.0522       0.2805       0.0014       0.2042       0.0760
      10       0.0000       0.0000       0.1073       0.2805       0.0014       0.5948       0.0160
      11       0.0000       0.0000       0.0952       0.2805       0.0014       0.6142       0.0087
      12       0.0000       0.0000       0.0574       0.1922       0.0014       0.6855       0.0630
      13       0.3128       0.5714       0.0000       0.0000       0.0000       0.0000       0.0232
      14       0.0000       0.9971       0.0000       0.0000       0.0000       0.0000       0.0000
      15       0.0000       0.9984       0.0000       0.0000       0.0000       0.0000       0.0000
      16       0.0000       0.9640       0.0000       0.0000       0.0000       0.0000       0.0000
      17       0.0000       1.0000       0.0000       0.0000       0.0000       0.0000       0.0000
      18       0.0000       0.9947       0.0000       0.0000       0.0000       0.0000       0.0000
      19       0.0000       0.9851       0.0000       0.0000       0.0000       0.0000       0.0000
      20       0.0000       0.0519       0.0000       0.0000       0.0000       0.0000       0.0000
      21       0.0000       0.0000       0.0000       0.0000       0.0000       0.8947       0.1053
      22       0.0000       0.0000       0.0000       0.0000       0.0000       0.8947       0.1053
      23       0.0000       0.0000       0.0000       0.0000       0.0000       0.0428       0.5745
      24       0.0000       0.0427       0.0000       0.0000       0.0000       0.0000       0.0107
      25       0.0000       0.9739       0.0000       0.0000       0.0000       0.0000       0.0000
      26       0.0000       0.0003       0.0000       0.0000       0.0000       0.0000       0.0055
      27       0.0000       0.8767       0.0000       0.0000       0.0000       0.0000       0.0000
      28       0.0000       0.9532       0.0000       0.0000       0.0000       0.0000       0.0011
      29       0.0000       0.9699       0.0000       0.0000       0.0000       0.0000       0.0001
      30       0.0000       0.9994       0.0000       0.0000       0.0000       0.0000       0.0000
      31       0.0000       1.0000       0.0000       0.0000       0.0000       0.0000       0.0000
      32       0.0000       1.0000       0.0000       0.0000       0.0000       0.0000       0.0000
      33       0.0000       0.9615       0.0000       0.0000       0.0000       0.0000       0.0000
      34       0.0000       0.0146       0.0000       0.0000       0.0000       0.0000       0.0000
      35       0.0000       0.0000       0.0000       0.0000       0.0000       0.0146       0.9854
      36       0.0000       0.0000       0.0000       0.0000       0.0000       0.0146       0.9854
      37       0.0000       0.9925       0.0000       0.0000       0.0000       0.0000       0.0004
      38       0.0000       1.0000       0.0000       0.0000       0.0000       0.0000       0.0000
      39       0.0000       1.0000       0.0000       0.0000       0.0000       0.0000       0.0000
      40       0.0000       0.9997       0.0000       0.0000       0.0000       0.0000       0.0000
      41       0.0000       0.9494       0.0000       0.0000       0.0000       0.0000       0.0000
      42       0.0000       0.3957       0.0000       0.0000       0.0000       0.0000       0.0216
      43       0.0000       0.0000       0.0061       0.0000       0.0000       0.4083       0.5854
      44       0.0000       0.0000       0.0061       0.0000       0.0000       0.4095       0.5843
      45       0.0000       0.1158       0.0061       0.0000       0.0000       0.0831       0.6564
      46       0.0000       0.0759       0.0000       0.0000       0.0000       0.0008       0.7723
      47       0.0000       0.2941       0.0000       0.0000       0.0000       0.0007       0.0276
      48       0.0000       0.9130       0.0000       0.0000       0.0000       0.0000       0.0000
      49       0.0000       0.9992       0.0000       0.0000       0.0000       0.0000       0.0000
      50       0.0000       0.9996       0.0000       0.0000       0.0000       0.0000       0.0000
      51       0.0000       0.9899       0.0000       0.0000       0.0000       0.0000       0.0000
      52       0.0000       0.0000       0.2802       0.0000       0.0000       0.6844       0.0354
      53       0.0000       0.0000       0.2802       0.0000       0.0000       0.7111       0.0087
      54       0.0000       0.0000       0.2802       0.0000       0.0000       0.6617       0.0580
      55       0.0000       0.8832       0.0000       0.0000       0.0000       0.0001       0.0002
      56       0.0000       0.0000       0.0000       0.0000       0.0000       0.0000       0.1357
      57       0.0000       0.9959       0.0000       0.0000       0.0000       0.0000       0.0009
      58       0.0000       1.0000       0.0000       0.0000       0.0000       0.0000       0.0000
      59       0.0000       0.9989       0.0000       0.0000       0.0000       0.0000       0.0000
      60       0.0000       0.9896       0.0000       0.0000       0.0000       0.0000       0.0000
      61       0.0000       0.3233       0.0000       0.0000       0.0000       0.0000       0.4556
      62       0.0000       0.0000       0.0000       0.0000       0.0000       0.3235       0.6765
      63       0.0000       0.0001       0.0000       0.0000       0.0000       0.3234       0.6765
      64       0.0000       0.9823       0.0000       0.0000       0.0000       0.0000       0.0002
      65       0.0000       1.0000       0.0000       0.0000       0.0000       0.0000       0.0000
      66       0.0000       1.0000       0.0000       0.0000       0.0000       0.0000       0.0000
      67       0.0000       1.0000       0.0000       0.0000       0.0000       0.0000       0.0000
      68       0.0000       0.9999       0.0000       0.0000       0.0000       0.0000       0.0000
      69       0.0000       0.9892       0.0000       0.0000       0.0000       0.0000       0.0000
      70       0.0000       0.0610       0.0000       0.0000       0.0000       0.0000       0.2272
      71       0.0000       0.0000       0.0000       0.0000       0.0000       0.0423       0.8564
      72       0.0000       0.0035       0.0000       0.0000       0.0000       0.0424       0.2360
      73       0.0000       0.2937       0.0000       0.0000       0.0000       0.0001       0.1356
      74       0.0000       0.0003       0.0000       0.0000       0.0000       0.5205       0.4792
      75       0.0000       0.0000       0.0000       0.0000       0.0000       0.5209       0.4791
      76       0.0000       0.2861       0.0000       0.0000       0.0000       0.0123       0.0591
      77       0.0000       0.0644       0.0000       0.0000       0.0000       0.0001       0.5214
      78       0.0000       0.8609       0.0000       0.0000       0.0000       0.0000       0.1256
      79       0.0000       0.9920       0.0000       0.0000       0.0000       0.0000       0.0000
      80       0.0000       0.9973       0.0000       0.0000       0.0000       0.0000       0.0000
      81       0.0000       0.9977       0.0000       0.0000       0.0000       0.0000       0.0000
      82       0.0000       0.9999       0.0000       0.0000       0.0000       0.0000       0.0000
      83       0.0000       0.9999       0.0000       0.0000       0.0000       0.0000       0.0000
      84       0.0000       0.1091       0.0000       0.0000       0.0000       0.0000       0.0059
      85       0.0000       0.0000       0.0000       0.0000       0.0000       0.9192       0.0808
      86       0.0000       0.0000       0.0000       0.0000       0.0000       0.9205       0.0406
      87       0.0000       0.0000       0.0001       0.9954       0.0000       0.0041       0.0002
      88       0.0000       0.0000       0.0000       0.9972       0.0000       0.0027       0.0000
      89       0.0000       0.0000       0.0000       0.9999       0.0000       0.0001       0.0000
      90       0.0000       0.0000       0.0000       1.0000       0.0000       0.0000       0.0000
      91       0.0000       0.0000       0.0000       0.9999       0.0000       0.0001       0.0000
      92       0.0000       0.0000       0.0000       1.0000       0.0000       0.0000       0.0000
      93       0.0000       0.0000       0.0000       1.0000       0.0000       0.0000       0.0000
      94       0.0000       0.0000       0.0000       0.9997       0.0000       0.0003       0.0000
      95       0.0000       0.0000       0.0001       0.9948       0.0000       0.0051       0.0000
      96       0.0000       0.0000       0.0001       0.9226       0.0000       0.0773       0.0000
      97       0.0000       0.0000       0.0010       0.9060       0.0000       0.0930       0.0000
      98       0.0000       0.0000       0.0010       0.8080       0.0001       0.0935       0.0967
      99       0.0000       0.0000       0.0010       0.4479       0.0001       0.4339       0.1069
     100       0.0000       0.0000       0.0001       0.2931       0.0001       0.4743       0.2321
     101       0.0000       0.0000       0.0000       0.0002       0.0001       0.2346       0.4737
     102       0.0000       0.0000       0.0000       0.0000       0.0001       0.0538       0.0066
     103       0.0000       0.0000       0.0001       0.0000       0.0000       0.0783       0.4904
     104       0.0000       0.0000       0.0001       0.0000       0.0000       0.0330       0.1616
     105       0.0000       0.0002       0.0000       0.0000       0.0000       0.0016       0.2021
     106       0.0000       0.0000       0.0000       0.0000       0.0000       0.0013       0.3767
     107       0.0000       0.0000       0.0000       0.0000       0.0000       0.0009       0.7050
     108       0.0000       0.0000       0.0000       0.0000       0.0000       0.0000       0.3494
     109       0.0000       0.0078       0.0000       0.0000       0.0000       0.0000       0.0073
     110       0.0000       0.0000       0.0003       0.0000       0.0000       0.0033       0.1942
     111       0.0000       0.0009       0.0003       0.0000       0.0000       0.0082       0.2057
     112       0.0000       0.0001       0.0006       0.0000       0.0000       0.0094       0.1946
     113       0.0000       0.0000       0.0003       0.0000       0.0000       0.0182       0.1251
     114       0.0000       0.0000       0.0002       0.0000       0.0000       0.0160       0.8778
     115       0.0000       0.0001       0.0000       0.0000       0.0000       0.0000       0.9100
     116       0.0000       0.0000       0.0000       0.0000       0.0000       0.0000       0.5801
     117       0.0000       0.0000       0.0000       0.0000       0.0000       0.2268       0.4537
     118       0.0000       0.0000       0.0000       0.0000       0.0000       0.2268       0.6292
     119       0.0000       0.9918       0.0000       0.0000       0.0000       0.0000       0.0037
     120       0.0000       0.9908       0.0000       0.0000       0.0000       0.0000       0.0000
     121       0.0000       0.9891       0.0000       0.0000       0.0000       0.0000       0.0000
     122       0.0000       0.9568       0.0000       0.0000       0.0000       0.0000       0.0034
     123       0.0000       0.0000       0.0000       0.0000       0.0000       0.9575       0.0425
     124       0.0000       0.0000       0.0000       0.0000       0.0000       0.9575       0.0425
     125       0.0000       0.9568       0.0000       0.0000       0.0000       0.0000       0.0019
     126       0.0000       0.9891       0.0000       0.0000       0.0000       0.0000       0.0000
     127       0.0000       0.9908       0.0000       0.0000       0.0000       0.0000       0.0000
     128       0.0000       0.9918       0.0000       0.0000       0.0000       0.0000       0.0000
     129       0.0000       0.3839       0.0000       0.0000       0.0000       0.0000       0.0000
     130       0.0000       0.9984       0.0000       0.0000       0.0000       0.0000       0.0000
     131       0.0000       0.9904       0.0000       0.0000       0.0000       0.0000       0.0000
     132       0.0000       0.0000       0.0000       0.0000       0.0000       0.0000       0.0000
     133       0.0000       0.0000       0.1192       0.1757       0.0016       0.5827       0.1208
     134       0.0000       0.0000       0.1428       0.1759       0.0016       0.6293       0.0486
     135       0.0000       0.0000       0.1463       0.1759       0.0016       0.5846       0.0474
     136       0.0000       0.0000       0.0483       0.1759       0.0016       0.2805       0.3589
     137       0.0000       0.0009       0.0036       0.0016       0.0016       0.0938       0.0000
     138       0.0000       0.0000       0.0000       0.0000       0.0000       0.0000       0.0000
