#Residue         Para         Anti         3-10        Alpha           Pi         Turn         Bend
       1       0.0000       0.0000       0.0000       0.0000       0.0000       0.0000       0.0000
       2       0.0000       0.0001       0.0152       0.1237       0.0000       0.0210       0.0000
       3       0.0003       0.0019       0.0236       0.1237       0.0000       0.2696       0.1472
       4       0.0000       0.0000       0.0236       0.1237       0.0000       0.2943       0.2045
       5       0.0000       0.0000       0.0088       0.1237       0.0000       0.2941       0.1822
       6       0.0012       0.0037       0.0000       0.0000       0.0000       0.0001       0.1466
       7       0.0000       0.0000       0.0886       0.0000       0.0000       0.2136       0.3080
       8       0.0000       0.0000       0.0886       0.0075       0.0058       0.3849       0.4258
       9       0.0002       0.0035       0.0886       0.0075       0.0058       0.2296       0.4604
      10       0.0000       0.0022       0.0178       0.0075       0.0058       0.2896       0.3324
      11       0.0000       0.0000       0.0177       0.0075       0.0058       0.3949       0.5026
      12       0.0000       0.0000       0.0177       0.0000       0.0058       0.3153       0.4838
      13       0.0002       0.6232       0.0000       0.0000       0.0000       0.0000       0.1276
      14       0.0000       0.9961       0.0000       0.0000       0.0000       0.0000       0.0000
      15       0.0000       0.9996       0.0000       0.0000       0.0000       0.0000       0.0000
      16       0.0000       0.9736       0.0000       0.0000       0.0000       0.0000       0.0000
      17       0.0000       0.9998       0.0000       0.0000       0.0000       0.0000       0.0000
      18       0.0000       0.9997       0.0000       0.0000       0.0000       0.0000       0.0000
      19       0.0000       0.9974       0.0000       0.0000       0.0000       0.0000       0.0000
      20       0.0000       0.0390       0.0000       0.0000       0.0000       0.0000       0.0005
      21       0.0000       0.0000       0.0000       0.0000       0.0000       0.6409       0.3591
      22       0.0000       0.0000       0.0000       0.0000       0.0000       0.6409       0.3591
      23       0.0000       0.0000       0.0000       0.0000       0.0000       0.0336       0.5891
      24       0.0000       0.0336       0.0000       0.0000       0.0000       0.0000       0.0302
      25       0.0000       0.9919       0.0000       0.0000       0.0000       0.0000       0.0000
      26       0.0000       0.0006       0.0000       0.0000       0.0000       0.0000       0.0182
      27       0.0000       0.7370       0.0000       0.0000       0.0000       0.0000       0.0002
      28       0.0000       0.9655       0.0000       0.0000       0.0000       0.0000       0.0000
      29       0.0000       0.9762       0.0000       0.0000       0.0000       0.0000       0.0000
      30       0.0000       0.9999       0.0000       0.0000       0.0000       0.0000       0.0000
      31       0.0000       1.0000       0.0000       0.0000       0.0000       0.0000       0.0000
      32       0.0000       0.9998       0.0000       0.0000       0.0000       0.0000       0.0000
      33       0.0000       0.9845       0.0000       0.0000       0.0000       0.0000       0.0000
      34       0.0000       0.0347       0.0000       0.0000       0.0000       0.0000       0.0000
      35       0.0000       0.0015       0.0000       0.0000       0.0000       0.0335       0.9650
      36       0.0000       0.0000       0.0000       0.0000       0.0000       0.0347       0.9653
      37       0.0000       0.9946       0.0000       0.0000       0.0000       0.0000       0.0002
      38       0.0000       1.0000       0.0000       0.0000       0.0000       0.0000       0.0000
      39       0.0000       1.0000       0.0000       0.0000       0.0000       0.0000       0.0000
      40       0.0000       1.0000       0.0000       0.0000       0.0000       0.0000       0.0000
      41       0.0000       0.9799       0.0000       0.0000       0.0000       0.0000       0.0000
      42       0.0000       0.4390       0.0000       0.0000       0.0000       0.0000       0.1021
      43       0.0000       0.0004       0.0009       0.0000       0.0000       0.3766       0.6221
      44       0.0000       0.0000       0.0009       0.0000       0.0000       0.3786       0.5735
      45       0.0000       0.0442       0.0009       0.0000       0.0000       0.1189       0.7958
      46       0.0000       0.1036       0.0000       0.0000       0.0000       0.0066       0.3295
      47       0.0000       0.2875       0.0000       0.0000       0.0000       0.0036       0.0277
      48       0.0000       0.9810       0.0000       0.0000       0.0000       0.0000       0.0000
      49       0.0000       0.9997       0.0000       0.0000       0.0000       0.0000       0.0000
      50       0.0000       0.9998       0.0000       0.0000       0.0000       0.0000       0.0000
      51       0.0000       0.9936       0.0000       0.0000       0.0000       0.0000       0.0000
      52       0.0000       0.0000       0.2695       0.0000       0.0000       0.7055       0.0250
      53       0.0000       0.0000       0.2695       0.0000       0.0000       0.7215       0.0090
      54       0.0000       0.0000       0.2695       0.0000       0.0000       0.5824       0.1480
      55       0.0000       0.8719       0.0000       0.0000       0.0000       0.0000       0.0000
      56       0.0000       0.0000       0.0000       0.0000       0.0000       0.0000       0.0877
      57       0.0000       0.9574       0.0000       0.0000       0.0000       0.0000       0.0131
      58       0.0000       1.0000       0.0000       0.0000       0.0000       0.0000       0.0000
      59       0.0000       0.9985       0.0000       0.0000       0.0000       0.0000       0.0000
      60       0.0000       0.9983       0.0000       0.0000       0.0000       0.0000       0.0000
      61       0.0000       0.7805       0.0000       0.0000       0.0000       0.0000       0.1391
      62       0.0000       0.0000       0.0000       0.0000       0.0000       0.7808       0.2192
      63       0.0000       0.0001       0.0000       0.0000       0.0000       0.7808       0.2192
      64       0.0000       0.9974       0.0000       0.0000       0.0000       0.0000       0.0000
      65       0.0000       1.0000       0.0000       0.0000       0.0000       0.0000       0.0000
      66       0.0000       1.0000       0.0000       0.0000       0.0000       0.0000       0.0000
      67       0.0000       1.0000       0.0000       0.0000       0.0000       0.0000       0.0000
      68       0.0000       0.9944       0.0000       0.0000       0.0000       0.0000       0.0000
      69       0.0000       0.9771       0.0000       0.0000       0.0000       0.0000       0.0000
      70       0.0000       0.0730       0.0000       0.0000       0.0000       0.0000       0.1822
      71       0.0016       0.0002       0.0000       0.0000       0.0000       0.1578       0.5364
      72       0.0000       0.0070       0.0000       0.0000       0.0000       0.2194       0.4990
      73       0.0000       0.1114       0.0001       0.0000       0.0000       0.0617       0.2854
      74       0.0004       0.0000       0.0001       0.0000       0.0000       0.4137       0.4246
      75       0.0000       0.0000       0.0001       0.0000       0.0000       0.4246       0.5192
      76       0.0006       0.1113       0.0000       0.0000       0.0000       0.0361       0.2958
      77       0.0001       0.0800       0.0000       0.0000       0.0000       0.0109       0.3752
      78       0.0000       0.6698       0.0000       0.0000       0.0000       0.0094       0.1748
      79       0.0000       0.9808       0.0000       0.0000       0.0000       0.0000       0.0000
      80       0.0000       0.9962       0.0000       0.0000       0.0000       0.0000       0.0000
      81       0.0000       0.9974       0.0000       0.0000       0.0000       0.0000       0.0000
      82       0.0000       1.0000       0.0000       0.0000       0.0000       0.0000       0.0000
      83       0.0000       0.9996       0.0000       0.0000       0.0000       0.0000       0.0000
      84       0.0000       0.1778       0.0000       0.0000       0.0000       0.0000       0.0082
      85       0.0000       0.0000       0.0000       0.0000       0.0000       0.9236       0.0764
      86       0.0000       0.0000       0.0000       0.0000       0.0000       0.9240       0.0434
      87       0.0000       0.0000       0.0000       0.9948       0.0000       0.0042       0.0002
      88       0.0000       0.0000       0.0000       0.9972       0.0000       0.0028       0.0000
      89       0.0000       0.0000       0.0000       1.0000       0.0000       0.0000       0.0000
      90       0.0000       0.0000       0.0000       1.0000       0.0000       0.0000       0.0000
      91       0.0000       0.0000       0.0000       0.9999       0.0000       0.0001       0.0000
      92       0.0000       0.0000       0.0000       1.0000       0.0000       0.0000       0.0000
      93       0.0000       0.0000       0.0000       1.0000       0.0000       0.0000       0.0000
      94       0.0000       0.0000       0.0001       0.9998       0.0000       0.0001       0.0000
      95       0.0000       0.0000       0.0008       0.9904       0.0000       0.0088       0.0000
      96       0.0000       0.0000       0.0012       0.9422       0.0017       0.0548       0.0000
      97       0.0000       0.0000       0.0016       0.9082       0.0018       0.0873       0.0011
      98       0.0000       0.0006       0.0015       0.8285       0.0018       0.1098       0.0578
      99       0.0000       0.0000       0.0011       0.3925       0.0018       0.3883       0.2156
     100       0.0000       0.0000       0.0008       0.1724       0.0018       0.4842       0.3212
     101       0.0000       0.0000       0.0000       0.0377       0.0001       0.1856       0.6124
     102       0.0000       0.0010       0.0000       0.0000       0.0000       0.0157       0.0201
     103       0.0000       0.0000       0.0000       0.0000       0.0000       0.1278       0.0448
     104       0.0000       0.0000       0.0000       0.0000       0.0000       0.1229       0.0410
     105       0.0000       0.0000       0.0000       0.0000       0.0000       0.0020       0.2091
     106       0.0000       0.0000       0.0000       0.0000       0.0000       0.0525       0.4897
     107       0.0000       0.0000       0.0000       0.0000       0.0000       0.0515       0.6004
     108       0.0000       0.0000       0.0000       0.0000       0.0000       0.0000       0.0598
     109       0.0000       0.0000       0.0000       0.0000       0.0000       0.0089       0.0478
     110       0.0000       0.0010       0.0385       0.0372       0.0000       0.0717       0.0409
     111       0.0000       0.0000       0.0430       0.0372       0.0000       0.1707       0.1924
     112       0.0000       0.0000       0.0455       0.0372       0.0000       0.1362       0.1980
     113       0.0000       0.0010       0.0119       0.0372       0.0000       0.0292       0.1321
     114       0.0006       0.0000       0.0036       0.0006       0.0000       0.0099       0.6963
     115       0.0000       0.0000       0.0000       0.0000       0.0000       0.0000       0.8106
     116       0.0000       0.0000       0.0000       0.0000       0.0000       0.0000       0.4501
     117       0.0000       0.1862       0.0000       0.0000       0.0000       0.0261       0.3439
     118       0.0000       0.3343       0.0000       0.0000       0.0000       0.0261       0.4571
     119       0.0000       0.9985       0.0000       0.0000       0.0000       0.0000       0.0004
     120       0.0000       0.9970       0.0000       0.0000       0.0000       0.0000       0.0000
     121       0.0000       0.9964       0.0000       0.0000       0.0000       0.0000       0.0000
     122       0.0000       0.9743       0.0000       0.0000       0.0000       0.0001       0.0173
     123       0.0000       0.0000       0.0000       0.0000       0.0000       0.9748       0.0252
     124       0.0000       0.0000       0.0000       0.0000       0.0000       0.9746       0.0254
     125       0.0000       0.9743       0.0000       0.0000       0.0000       0.0000       0.0052
     126       0.0000       0.9964       0.0000       0.0000       0.0000       0.0000       0.0000
     127       0.0000       0.9970       0.0000       0.0000       0.0000       0.0000       0.0000
     128       0.0000       0.9985       0.0000       0.0000       0.0000       0.0000       0.0000
     129       0.0000       0.6015       0.0000       0.0000       0.0000       0.0000       0.0000
     130       0.0000       0.9976       0.0000       0.0000       0.0000       0.0000       0.0000
     131       0.0000       0.9536       0.0000       0.0000       0.0000       0.0000       0.0000
     132       0.0000       0.0000       0.0000       0.0000       0.0000       0.0000       0.0000
     133       0.0000       0.0000       0.0277       0.0603       0.0011       0.7571       0.1513
     134       0.0000       0.0000       0.0285       0.0605       0.0011       0.7638       0.1235
     135       0.0000       0.0000       0.0287       0.0605       0.0011       0.5161       0.1023
     136       0.0000       0.0000       0.0029       0.0605       0.0011       0.0969       0.4904
     137       0.0000       0.0000       0.0002       0.0002       0.0011       0.0730       0.0000
     138       0.0016       0.0000       0.0000       0.0000       0.0000       0.0000       0.0000
