#Residue         Para         Anti         3-10        Alpha           Pi         Turn         Bend
       1       0.0000       0.0000       0.0000       0.0000       0.0000       0.0000       0.0000
       2       0.0000       0.0094       0.0001       0.0000       0.0000       0.0008       0.0000
       3       0.0000       0.0000       0.0310       0.0000       0.0000       0.3388       0.3401
       4       0.0000       0.0000       0.0310       0.0000       0.0000       0.3507       0.3322
       5       0.0000       0.0000       0.0309       0.0000       0.0000       0.3266       0.3686
       6       0.0000       0.0094       0.0000       0.0000       0.0000       0.0004       0.2998
       7       0.0000       0.0000       0.0011       0.0000       0.0003       0.3892       0.1413
       8       0.0000       0.0000       0.0877       0.0336       0.0003       0.5388       0.2376
       9       0.0000       0.0001       0.0918       0.0351       0.0003       0.2406       0.4925
      10       0.0000       0.0001       0.2223       0.0354       0.0003       0.6632       0.0699
      11       0.0000       0.0000       0.1452       0.0354       0.0003       0.7604       0.0459
      12       0.0000       0.0000       0.1374       0.0020       0.0000       0.7308       0.1124
      13       0.0000       0.6508       0.0001       0.0003       0.0000       0.0002       0.1012
      14       0.0000       0.9964       0.0000       0.0000       0.0000       0.0000       0.0000
      15       0.0000       0.9969       0.0000       0.0000       0.0000       0.0000       0.0000
      16       0.0000       0.9469       0.0000       0.0000       0.0000       0.0000       0.0000
      17       0.0000       0.9986       0.0000       0.0000       0.0000       0.0000       0.0000
      18       0.0000       0.9998       0.0000       0.0000       0.0000       0.0000       0.0000
      19       0.0000       0.9868       0.0000       0.0000       0.0000       0.0000       0.0000
      20       0.0000       0.0453       0.0000       0.0000       0.0000       0.0000       0.0003
      21       0.0000       0.0000       0.0000       0.0000       0.0000       0.8822       0.1178
      22       0.0000       0.0000       0.0000       0.0000       0.0000       0.8822       0.1178
      23       0.0000       0.0000       0.0000       0.0000       0.0000       0.0424       0.5553
      24       0.0000       0.0422       0.0000       0.0000       0.0000       0.0000       0.0104
      25       0.0000       0.9721       0.0000       0.0000       0.0000       0.0000       0.0000
      26       0.0000       0.0002       0.0000       0.0000       0.0000       0.0000       0.0068
      27       0.0000       0.8897       0.0000       0.0000       0.0000       0.0000       0.0000
      28       0.0000       0.9441       0.0000       0.0000       0.0000       0.0000       0.0004
      29       0.0000       0.9556       0.0000       0.0000       0.0000       0.0000       0.0004
      30       0.0000       0.9975       0.0000       0.0000       0.0000       0.0000       0.0000
      31       0.0000       1.0000       0.0000       0.0000       0.0000       0.0000       0.0000
      32       0.0000       0.9998       0.0000       0.0000       0.0000       0.0000       0.0000
      33       0.0000       0.9818       0.0000       0.0000       0.0000       0.0000       0.0000
      34       0.0000       0.0182       0.0000       0.0000       0.0000       0.0000       0.0000
      35       0.0000       0.0000       0.0000       0.0000       0.0000       0.0182       0.9818
      36       0.0000       0.0000       0.0000       0.0000       0.0000       0.0182       0.9818
      37       0.0000       0.9725       0.0000       0.0000       0.0000       0.0000       0.0023
      38       0.0000       1.0000       0.0000       0.0000       0.0000       0.0000       0.0000
      39       0.0000       1.0000       0.0000       0.0000       0.0000       0.0000       0.0000
      40       0.0000       0.9997       0.0000       0.0000       0.0000       0.0000       0.0000
      41       0.0000       0.9187       0.0000       0.0000       0.0000       0.0000       0.0000
      42       0.0000       0.4781       0.0000       0.0000       0.0000       0.0000       0.0003
      43       0.0000       0.0000       0.0060       0.0000       0.0000       0.4385       0.5554
      44       0.0000       0.0000       0.0060       0.0000       0.0000       0.4395       0.5545
      45       0.0000       0.1452       0.0060       0.0000       0.0000       0.0498       0.6114
      46       0.0000       0.0449       0.0000       0.0000       0.0000       0.0035       0.5834
      47       0.0000       0.2485       0.0000       0.0000       0.0000       0.0026       0.0158
      48       0.0000       0.9398       0.0000       0.0000       0.0000       0.0000       0.0000
      49       0.0000       0.9992       0.0000       0.0000       0.0000       0.0000       0.0000
      50       0.0000       0.9998       0.0000       0.0000       0.0000       0.0000       0.0000
      51       0.0000       0.9682       0.0000       0.0000       0.0000       0.0000       0.0000
      52       0.0000       0.0000       0.2711       0.0000       0.0000       0.6750       0.0539
      53       0.0000       0.0000       0.2711       0.0000       0.0000       0.7145       0.0144
      54       0.0000       0.0000       0.2711       0.0000       0.0000       0.6720       0.0560
      55       0.0000       0.9060       0.0000       0.0000       0.0000       0.0000       0.0002
      56       0.0000       0.0009       0.0000       0.0000       0.0000       0.0000       0.1318
      57       0.0000       0.8571       0.0000       0.0000       0.0000       0.0000       0.0129
      58       0.0000       0.9999       0.0000       0.0000       0.0000       0.0000       0.0000
      59       0.0000       0.9991       0.0000       0.0000       0.0000       0.0000       0.0000
      60       0.0000       0.9771       0.0000       0.0000       0.0000       0.0000       0.0000
      61       0.0000       0.4296       0.0000       0.0000       0.0000       0.0000       0.3358
      62       0.0000       0.0000       0.0000       0.0000       0.0000       0.4296       0.5704
      63       0.0000       0.0000       0.0000       0.0000       0.0000       0.4296       0.5704
      64       0.0000       0.9734       0.0000       0.0000       0.0000       0.0000       0.0002
      65       0.0000       1.0000       0.0000       0.0000       0.0000       0.0000       0.0000
      66       0.0000       1.0000       0.0000       0.0000       0.0000       0.0000       0.0000
      67       0.0000       1.0000       0.0000       0.0000       0.0000       0.0000       0.0000
      68       0.0000       0.9986       0.0000       0.0000       0.0000       0.0000       0.0000
      69       0.0000       0.9573       0.0000       0.0000       0.0000       0.0000       0.0000
      70       0.0000       0.0000       0.0000       0.0000       0.0000       0.0000       0.2426
      71       0.0000       0.0000       0.0000       0.0000       0.0000       0.0022       0.9046
      72       0.0000       0.0001       0.0000       0.0000       0.0000       0.0022       0.2051
      73       0.0000       0.1084       0.0000       0.0000       0.0000       0.0000       0.1757
      74       0.0000       0.0030       0.0000       0.0000       0.0000       0.3906       0.6063
      75       0.0000       0.0000       0.0000       0.0000       0.0000       0.3906       0.6085
      76       0.0000       0.1084       0.0000       0.0000       0.0000       0.0045       0.0863
      77       0.0000       0.0001       0.0000       0.0000       0.0000       0.0007       0.3308
      78       0.0000       0.6193       0.0000       0.0000       0.0000       0.0000       0.2444
      79       0.0000       0.9557       0.0000       0.0000       0.0000       0.0000       0.0030
      80       0.0000       0.9963       0.0000       0.0000       0.0000       0.0000       0.0000
      81       0.0000       0.9961       0.0000       0.0000       0.0000       0.0000       0.0000
      82       0.0000       1.0000       0.0000       0.0000       0.0000       0.0000       0.0000
      83       0.0000       0.9988       0.0000       0.0000       0.0000       0.0000       0.0000
      84       0.0000       0.0863       0.0000       0.0000       0.0000       0.0000       0.0170
      85       0.0000       0.0000       0.0002       0.0000       0.0000       0.8454       0.1544
      86       0.0000       0.0000       0.0002       0.0001       0.0000       0.8475       0.0468
      87       0.0000       0.0000       0.0009       0.9366       0.0000       0.0580       0.0038
      88       0.0000       0.0000       0.0008       0.9944       0.0000       0.0049       0.0000
      89       0.0000       0.0000       0.0007       0.9991       0.0000       0.0002       0.0000
      90       0.0000       0.0000       0.0000       0.9999       0.0000       0.0001       0.0000
      91       0.0000       0.0000       0.0000       0.9999       0.0000       0.0001       0.0000
      92       0.0000       0.0000       0.0000       0.9999       0.0000       0.0001       0.0000
      93       0.0000       0.0000       0.0000       1.0000       0.0000       0.0000       0.0000
      94       0.0000       0.0000       0.0000       1.0000       0.0000       0.0000       0.0000
      95       0.0000       0.0000       0.0000       0.9976       0.0000       0.0024       0.0000
      96       0.0000       0.0000       0.0001       0.9871       0.0000       0.0127       0.0002
      97       0.0000       0.0000       0.0137       0.9583       0.0003       0.0268       0.0008
      98       0.0000       0.0000       0.0174       0.7868       0.0003       0.1933       0.0023
      99       0.0000       0.0000       0.0204       0.4984       0.0003       0.4452       0.0356
     100       0.0000       0.0000       0.0071       0.3788       0.0003       0.4190       0.1735
     101       0.0000       0.0000       0.0037       0.1224       0.0003       0.2718       0.2273
     102       0.0000       0.0000       0.0000       0.0000       0.0000       0.2946       0.0256
     103       0.0000       0.0000       0.0001       0.0000       0.0000       0.2745       0.4056
     104       0.0000       0.0000       0.1043       0.0158       0.0000       0.2250       0.1048
     105       0.0000       0.0000       0.1052       0.0158       0.0000       0.1866       0.1465
     106       0.0000       0.0000       0.1051       0.0158       0.0000       0.0150       0.2901
     107       0.0000       0.0000       0.0251       0.0158       0.0000       0.0654       0.3455
     108       0.0000       0.0000       0.0000       0.0000       0.0000       0.0000       0.3525
     109       0.0000       0.0000       0.0000       0.0000       0.0000       0.0000       0.0027
     110       0.0000       0.0084       0.0000       0.0000       0.0000       0.0000       0.0793
     111       0.0000       0.0000       0.0000       0.0000       0.0000       0.0692       0.1388
     112       0.0000       0.0000       0.0000       0.0000       0.0000       0.0720       0.3005
     113       0.0000       0.0084       0.0000       0.0000       0.0000       0.0128       0.1344
     114       0.0000       0.0000       0.0000       0.0000       0.0000       0.0073       0.9314
     115       0.0000       0.0000       0.0000       0.0000       0.0000       0.0000       0.9318
     116       0.0000       0.0000       0.0000       0.0000       0.0000       0.0000       0.4452
     117       0.0000       0.0000       0.0000       0.0000       0.0000       0.1401       0.3214
     118       0.0000       0.0000       0.0000       0.0000       0.0000       0.1401       0.7646
     119       0.0000       0.9528       0.0000       0.0000       0.0000       0.0000       0.0300
     120       0.0000       0.9912       0.0000       0.0000       0.0000       0.0000       0.0000
     121       0.0000       0.9913       0.0000       0.0000       0.0000       0.0000       0.0000
     122       0.0000       0.9715       0.0000       0.0000       0.0000       0.0000       0.0145
     123       0.0000       0.0000       0.0000       0.0000       0.0000       0.9715       0.0285
     124       0.0000       0.0000       0.0000       0.0000       0.0000       0.9715       0.0285
     125       0.0000       0.9715       0.0000       0.0000       0.0000       0.0000       0.0092
     126       0.0000       0.9913       0.0000       0.0000       0.0000       0.0000       0.0000
     127       0.0000       0.9912       0.0000       0.0000       0.0000       0.0000       0.0000
     128       0.0000       0.9528       0.0000       0.0000       0.0000       0.0000       0.0000
     129       0.0000       0.4427       0.0000       0.0000       0.0000       0.0000       0.0000
     130       0.0000       0.9875       0.0000       0.0000       0.0000       0.0000       0.0000
     131       0.0000       0.8101       0.0000       0.0000       0.0000       0.0000       0.0000
     132       0.0000       0.0000       0.0000       0.0000       0.0000       0.0000       0.0000
     133       0.0000       0.0000       0.0976       0.1488       0.0036       0.6000       0.1488
     134       0.0000       0.0000       0.1104       0.1491       0.0036       0.6450       0.0916
     135       0.0000       0.0000       0.1242       0.1491       0.0036       0.5638       0.0808
     136       0.0000       0.0000       0.0477       0.1491       0.0036       0.3177       0.3211
     137       0.0000       0.0000       0.0140       0.0021       0.0036       0.1764       0.0000
     138       0.0000       0.0000       0.0000       0.0000       0.0000       0.0000       0.0000
