#Residue Residue Contacts_00004[nativemap]
   1.000    1.000       0.0000
   2.000    1.000       1.0000
   3.000    1.000       0.8951
   4.000    1.000       0.4920
   5.000    1.000       0.0551
   6.000    1.000       0.0000
   7.000    1.000       0.0000
   8.000    1.000       0.0000
   9.000    1.000       0.0000
  10.000    1.000       0.0000
  11.000    1.000       0.0000
  12.000    1.000       0.0000
  13.000    1.000       0.0000
  14.000    1.000       0.0000
  15.000    1.000       0.0000
  16.000    1.000       0.0000
  17.000    1.000       0.0000
  18.000    1.000       0.0000
  19.000    1.000       0.0000
  20.000    1.000       0.0000
  21.000    1.000       0.0000
  22.000    1.000       0.0000
  23.000    1.000       0.0000
  24.000    1.000       0.0000
   1.000    2.000       1.0000
   2.000    2.000       0.0000
   3.000    2.000       1.0000
   4.000    2.000       0.8801
   5.000    2.000       0.0738
   6.000    2.000       0.0000
   7.000    2.000       0.0000
   8.000    2.000       0.0000
   9.000    2.000       0.0000
  10.000    2.000       0.0000
  11.000    2.000       0.0000
  12.000    2.000       0.0000
  13.000    2.000       0.0000
  14.000    2.000       0.0000
  15.000    2.000       0.0000
  16.000    2.000       0.0000
  17.000    2.000       0.0000
  18.000    2.000       0.0000
  19.000    2.000       0.0000
  20.000    2.000       0.0000
  21.000    2.000       0.0000
  22.000    2.000       0.0000
  23.000    2.000       0.0000
  24.000    2.000       0.0000
   1.000    3.000       0.8951
   2.000    3.000       1.0000
   3.000    3.000       0.0000
   4.000    3.000       1.0000
   5.000    3.000       0.8912
   6.000    3.000       0.1727
   7.000    3.000       0.2298
   8.000    3.000       0.0000
   9.000    3.000       0.0000
  10.000    3.000       0.0000
  11.000    3.000       0.0000
  12.000    3.000       0.0000
  13.000    3.000       0.0000
  14.000    3.000       0.0000
  15.000    3.000       0.0000
  16.000    3.000       0.0000
  17.000    3.000       0.0000
  18.000    3.000       0.0000
  19.000    3.000       0.0000
  20.000    3.000       0.0000
  21.000    3.000       0.0000
  22.000    3.000       0.0000
  23.000    3.000       0.0000
  24.000    3.000       0.0000
   1.000    4.000       0.4920
   2.000    4.000       0.8801
   3.000    4.000       1.0000
   4.000    4.000       0.0000
   5.000    4.000       1.0000
   6.000    4.000       0.8826
   7.000    4.000       0.6639
   8.000    4.000       0.4030
   9.000    4.000       0.0000
  10.000    4.000       0.0000
  11.000    4.000       0.0000
  12.000    4.000       0.0000
  13.000    4.000       0.0000
  14.000    4.000       0.0000
  15.000    4.000       0.0000
  16.000    4.000       0.0000
  17.000    4.000       0.0000
  18.000    4.000       0.0000
  19.000    4.000       0.0000
  20.000    4.000       0.0000
  21.000    4.000       0.0000
  22.000    4.000       0.0000
  23.000    4.000       0.0000
  24.000    4.000       0.0000
   1.000    5.000       0.0551
   2.000    5.000       0.0738
   3.000    5.000       0.8912
   4.000    5.000       1.0000
   5.000    5.000       0.0000
   6.000    5.000       1.0000
   7.000    5.000       0.9356
   8.000    5.000       0.4445
   9.000    5.000       0.1392
  10.000    5.000       0.0000
  11.000    5.000       0.0000
  12.000    5.000       0.0000
  13.000    5.000       0.0000
  14.000    5.000       0.0000
  15.000    5.000       0.0000
  16.000    5.000       0.0000
  17.000    5.000       0.0000
  18.000    5.000       0.0000
  19.000    5.000       0.0000
  20.000    5.000       0.0000
  21.000    5.000       0.0000
  22.000    5.000       0.0000
  23.000    5.000       0.0000
  24.000    5.000       0.0000
   1.000    6.000       0.0000
   2.000    6.000       0.0000
   3.000    6.000       0.1727
   4.000    6.000       0.8826
   5.000    6.000       1.0000
   6.000    6.000       0.0000
   7.000    6.000       1.0000
   8.000    6.000       0.9413
   9.000    6.000       0.3925
  10.000    6.000       0.2156
  11.000    6.000       0.0000
  12.000    6.000       0.0000
  13.000    6.000       0.0000
  14.000    6.000       0.0000
  15.000    6.000       0.0000
  16.000    6.000       0.0000
  17.000    6.000       0.0000
  18.000    6.000       0.0000
  19.000    6.000       0.0000
  20.000    6.000       0.0000
  21.000    6.000       0.0000
  22.000    6.000       0.0000
  23.000    6.000       0.0000
  24.000    6.000       0.0000
   1.000    7.000       0.0000
   2.000    7.000       0.0000
   3.000    7.000       0.2298
   4.000    7.000       0.6639
   5.000    7.000       0.9356
   6.000    7.000       1.0000
   7.000    7.000       0.0000
   8.000    7.000       1.0000
   9.000    7.000       0.9711
  10.000    7.000       0.6583
  11.000    7.000       0.5738
  12.000    7.000       0.0000
  13.000    7.000       0.0000
  14.000    7.000       0.0000
  15.000    7.000       0.0000
  16.000    7.000       0.0000
  17.000    7.000       0.0000
  18.000    7.000       0.0000
  19.000    7.000       0.0000
  20.000    7.000       0.0000
  21.000    7.000       0.0000
  22.000    7.000       0.0000
  23.000    7.000       0.0000
  24.000    7.000       0.0000
   1.000    8.000       0.0000
   2.000    8.000       0.0000
   3.000    8.000       0.0000
   4.000    8.000       0.4030
   5.000    8.000       0.4445
   6.000    8.000       0.9413
   7.000    8.000       1.0000
   8.000    8.000       0.0000
   9.000    8.000       1.0000
  10.000    8.000       0.7809
  11.000    8.000       0.5368
  12.000    8.000       0.2197
  13.000    8.000       0.0000
  14.000    8.000       0.0000
  15.000    8.000       0.0000
  16.000    8.000       0.0000
  17.000    8.000       0.0000
  18.000    8.000       0.0000
  19.000    8.000       0.0000
  20.000    8.000       0.0000
  21.000    8.000       0.0000
  22.000    8.000       0.0000
  23.000    8.000       0.0000
  24.000    8.000       0.0000
   1.000    9.000       0.0000
   2.000    9.000       0.0000
   3.000    9.000       0.0000
   4.000    9.000       0.0000
   5.000    9.000       0.1392
   6.000    9.000       0.3925
   7.000    9.000       0.9711
   8.000    9.000       1.0000
   9.000    9.000       0.0000
  10.000    9.000       1.0000
  11.000    9.000       0.9458
  12.000    9.000       0.4012
  13.000    9.000       0.0000
  14.000    9.000       0.0000
  15.000    9.000       0.0000
  16.000    9.000       0.0000
  17.000    9.000       0.0000
  18.000    9.000       0.0000
  19.000    9.000       0.0000
  20.000    9.000       0.0000
  21.000    9.000       0.0000
  22.000    9.000       0.0000
  23.000    9.000       0.0000
  24.000    9.000       0.0000
   1.000   10.000       0.0000
   2.000   10.000       0.0000
   3.000   10.000       0.0000
   4.000   10.000       0.0000
   5.000   10.000       0.0000
   6.000   10.000       0.2156
   7.000   10.000       0.6583
   8.000   10.000       0.7809
   9.000   10.000       1.0000
  10.000   10.000       0.0000
  11.000   10.000       1.0000
  12.000   10.000       0.9239
  13.000   10.000       0.4204
  14.000   10.000       0.0000
  15.000   10.000       0.0000
  16.000   10.000       0.0000
  17.000   10.000       0.0000
  18.000   10.000       0.0000
  19.000   10.000       0.0000
  20.000   10.000       0.0000
  21.000   10.000       0.0000
  22.000   10.000       0.0000
  23.000   10.000       0.0000
  24.000   10.000       0.0000
   1.000   11.000       0.0000
   2.000   11.000       0.0000
   3.000   11.000       0.0000
   4.000   11.000       0.0000
   5.000   11.000       0.0000
   6.000   11.000       0.0000
   7.000   11.000       0.5738
   8.000   11.000       0.5368
   9.000   11.000       0.9458
  10.000   11.000       1.0000
  11.000   11.000       0.0000
  12.000   11.000       1.0000
  13.000   11.000       0.8539
  14.000   11.000       0.3845
  15.000   11.000       0.3527
  16.000   11.000       0.2093
  17.000   11.000       0.0000
  18.000   11.000       0.0000
  19.000   11.000       0.0000
  20.000   11.000       0.0000
  21.000   11.000       0.0000
  22.000   11.000       0.0000
  23.000   11.000       0.0000
  24.000   11.000       0.0000
   1.000   12.000       0.0000
   2.000   12.000       0.0000
   3.000   12.000       0.0000
   4.000   12.000       0.0000
   5.000   12.000       0.0000
   6.000   12.000       0.0000
   7.000   12.000       0.0000
   8.000   12.000       0.2197
   9.000   12.000       0.4012
  10.000   12.000       0.9239
  11.000   12.000       1.0000
  12.000   12.000       0.0000
  13.000   12.000       1.0000
  14.000   12.000       0.9194
  15.000   12.000       0.4746
  16.000   12.000       0.4021
  17.000   12.000       0.0000
  18.000   12.000       0.0000
  19.000   12.000       0.0000
  20.000   12.000       0.0000
  21.000   12.000       0.0000
  22.000   12.000       0.0000
  23.000   12.000       0.0311
  24.000   12.000       0.0000
   1.000   13.000       0.0000
   2.000   13.000       0.0000
   3.000   13.000       0.0000
   4.000   13.000       0.0000
   5.000   13.000       0.0000
   6.000   13.000       0.0000
   7.000   13.000       0.0000
   8.000   13.000       0.0000
   9.000   13.000       0.0000
  10.000   13.000       0.4204
  11.000   13.000       0.8539
  12.000   13.000       1.0000
  13.000   13.000       0.0000
  14.000   13.000       1.0000
  15.000   13.000       0.9230
  16.000   13.000       0.4122
  17.000   13.000       0.0000
  18.000   13.000       0.0000
  19.000   13.000       0.0000
  20.000   13.000       0.0000
  21.000   13.000       0.0000
  22.000   13.000       0.0000
  23.000   13.000       0.0410
  24.000   13.000       0.0288
   1.000   14.000       0.0000
   2.000   14.000       0.0000
   3.000   14.000       0.0000
   4.000   14.000       0.0000
   5.000   14.000       0.0000
   6.000   14.000       0.0000
   7.000   14.000       0.0000
   8.000   14.000       0.0000
   9.000   14.000       0.0000
  10.000   14.000       0.0000
  11.000   14.000       0.3845
  12.000   14.000       0.9194
  13.000   14.000       1.0000
  14.000   14.000       0.0000
  15.000   14.000       1.0000
  16.000   14.000       0.8737
  17.000   14.000       0.0000
  18.000   14.000       0.0000
  19.000   14.000       0.0000
  20.000   14.000       0.0244
  21.000   14.000       0.0000
  22.000   14.000       0.0000
  23.000   14.000       0.0805
  24.000   14.000       0.0000
   1.000   15.000       0.0000
   2.000   15.000       0.0000
   3.000   15.000       0.0000
   4.000   15.000       0.0000
   5.000   15.000       0.0000
   6.000   15.000       0.0000
   7.000   15.000       0.0000
   8.000   15.000       0.0000
   9.000   15.000       0.0000
  10.000   15.000       0.0000
  11.000   15.000       0.3527
  12.000   15.000       0.4746
  13.000   15.000       0.9230
  14.000   15.000       1.0000
  15.000   15.000       0.0000
  16.000   15.000       1.0000
  17.000   15.000       0.7559
  18.000   15.000       0.0560
  19.000   15.000       0.0410
  20.000   15.000       0.0276
  21.000   15.000       0.0302
  22.000   15.000       0.0322
  23.000   15.000       0.0793
  24.000   15.000       0.0000
   1.000   16.000       0.0000
   2.000   16.000       0.0000
   3.000   16.000       0.0000
   4.000   16.000       0.0000
   5.000   16.000       0.0000
   6.000   16.000       0.0000
   7.000   16.000       0.0000
   8.000   16.000       0.0000
   9.000   16.000       0.0000
  10.000   16.000       0.0000
  11.000   16.000       0.2093
  12.000   16.000       0.4021
  13.000   16.000       0.4122
  14.000   16.000       0.8737
  15.000   16.000       1.0000
  16.000   16.000       0.0000
  17.000   16.000       1.0000
  18.000   16.000       0.4601
  19.000   16.000       0.0000
  20.000   16.000       0.0000
  21.000   16.000       0.0328
  22.000   16.000       0.0638
  23.000   16.000       0.1220
  24.000   16.000       0.0000
   1.000   17.000       0.0000
   2.000   17.000       0.0000
   3.000   17.000       0.0000
   4.000   17.000       0.0000
   5.000   17.000       0.0000
   6.000   17.000       0.0000
   7.000   17.000       0.0000
   8.000   17.000       0.0000
   9.000   17.000       0.0000
  10.000   17.000       0.0000
  11.000   17.000       0.0000
  12.000   17.000       0.0000
  13.000   17.000       0.0000
  14.000   17.000       0.0000
  15.000   17.000       0.7559
  16.000   17.000       1.0000
  17.000   17.000       0.0000
  18.000   17.000       1.0000
  19.000   17.000       0.9506
  20.000   17.000       0.0000
  21.000   17.000       0.2829
  22.000   17.000       0.1401
  23.000   17.000       0.0000
  24.000   17.000       0.0000
   1.000   18.000       0.0000
   2.000   18.000       0.0000
   3.000   18.000       0.0000
   4.000   18.000       0.0000
   5.000   18.000       0.0000
   6.000   18.000       0.0000
   7.000   18.000       0.0000
   8.000   18.000       0.0000
   9.000   18.000       0.0000
  10.000   18.000       0.0000
  11.000   18.000       0.0000
  12.000   18.000       0.0000
  13.000   18.000       0.0000
  14.000   18.000       0.0000
  15.000   18.000       0.0560
  16.000   18.000       0.4601
  17.000   18.000       1.0000
  18.000   18.000       0.0000
  19.000   18.000       1.0000
  20.000   18.000       0.9760
  21.000   18.000       0.5878
  22.000   18.000       0.0000
  23.000   18.000       0.0000
  24.000   18.000       0.0000
   1.000   19.000       0.0000
   2.000   19.000       0.0000
   3.000   19.000       0.0000
   4.000   19.000       0.0000
   5.000   19.000       0.0000
   6.000   19.000       0.0000
   7.000   19.000       0.0000
   8.000   19.000       0.0000
   9.000   19.000       0.0000
  10.000   19.000       0.0000
  11.000   19.000       0.0000
  12.000   19.000       0.0000
  13.000   19.000       0.0000
  14.000   19.000       0.0000
  15.000   19.000       0.0410
  16.000   19.000       0.0000
  17.000   19.000       0.9506
  18.000   19.000       1.0000
  19.000   19.000       0.0000
  20.000   19.000       1.0000
  21.000   19.000       0.8554
  22.000   19.000       0.0000
  23.000   19.000       0.0000
  24.000   19.000       0.0000
   1.000   20.000       0.0000
   2.000   20.000       0.0000
   3.000   20.000       0.0000
   4.000   20.000       0.0000
   5.000   20.000       0.0000
   6.000   20.000       0.0000
   7.000   20.000       0.0000
   8.000   20.000       0.0000
   9.000   20.000       0.0000
  10.000   20.000       0.0000
  11.000   20.000       0.0000
  12.000   20.000       0.0000
  13.000   20.000       0.0000
  14.000   20.000       0.0244
  15.000   20.000       0.0276
  16.000   20.000       0.0000
  17.000   20.000       0.0000
  18.000   20.000       0.9760
  19.000   20.000       1.0000
  20.000   20.000       0.0000
  21.000   20.000       1.0000
  22.000   20.000       0.7568
  23.000   20.000       0.0000
  24.000   20.000       0.0000
   1.000   21.000       0.0000
   2.000   21.000       0.0000
   3.000   21.000       0.0000
   4.000   21.000       0.0000
   5.000   21.000       0.0000
   6.000   21.000       0.0000
   7.000   21.000       0.0000
   8.000   21.000       0.0000
   9.000   21.000       0.0000
  10.000   21.000       0.0000
  11.000   21.000       0.0000
  12.000   21.000       0.0000
  13.000   21.000       0.0000
  14.000   21.000       0.0000
  15.000   21.000       0.0302
  16.000   21.000       0.0328
  17.000   21.000       0.2829
  18.000   21.000       0.5878
  19.000   21.000       0.8554
  20.000   21.000       1.0000
  21.000   21.000       0.0000
  22.000   21.000       1.0000
  23.000   21.000       0.8814
  24.000   21.000       0.0000
   1.000   22.000       0.0000
   2.000   22.000       0.0000
   3.000   22.000       0.0000
   4.000   22.000       0.0000
   5.000   22.000       0.0000
   6.000   22.000       0.0000
   7.000   22.000       0.0000
   8.000   22.000       0.0000
   9.000   22.000       0.0000
  10.000   22.000       0.0000
  11.000   22.000       0.0000
  12.000   22.000       0.0000
  13.000   22.000       0.0000
  14.000   22.000       0.0000
  15.000   22.000       0.0322
  16.000   22.000       0.0638
  17.000   22.000       0.1401
  18.000   22.000       0.0000
  19.000   22.000       0.0000
  20.000   22.000       0.7568
  21.000   22.000       1.0000
  22.000   22.000       0.0000
  23.000   22.000       1.0000
  24.000   22.000       0.9646
   1.000   23.000       0.0000
   2.000   23.000       0.0000
   3.000   23.000       0.0000
   4.000   23.000       0.0000
   5.000   23.000       0.0000
   6.000   23.000       0.0000
   7.000   23.000       0.0000
   8.000   23.000       0.0000
   9.000   23.000       0.0000
  10.000   23.000       0.0000
  11.000   23.000       0.0000
  12.000   23.000       0.0311
  13.000   23.000       0.0410
  14.000   23.000       0.0805
  15.000   23.000       0.0793
  16.000   23.000       0.1220
  17.000   23.000       0.0000
  18.000   23.000       0.0000
  19.000   23.000       0.0000
  20.000   23.000       0.0000
  21.000   23.000       0.8814
  22.000   23.000       1.0000
  23.000   23.000       0.0000
  24.000   23.000       1.0000
   1.000   24.000       0.0000
   2.000   24.000       0.0000
   3.000   24.000       0.0000
   4.000   24.000       0.0000
   5.000   24.000       0.0000
   6.000   24.000       0.0000
   7.000   24.000       0.0000
   8.000   24.000       0.0000
   9.000   24.000       0.0000
  10.000   24.000       0.0000
  11.000   24.000       0.0000
  12.000   24.000       0.0000
  13.000   24.000       0.0288
  14.000   24.000       0.0000
  15.000   24.000       0.0000
  16.000   24.000       0.0000
  17.000   24.000       0.0000
  18.000   24.000       0.0000
  19.000   24.000       0.0000
  20.000   24.000       0.0000
  21.000   24.000       0.0000
  22.000   24.000       0.9646
  23.000   24.000       1.0000
  24.000   24.000       0.0000
