#Residue Residue Contacts_00004[nativemap]
   1.000    1.000       0.0000
   2.000    1.000       1.0000
   3.000    1.000       0.7872
   4.000    1.000       0.2944
   5.000    1.000       0.0000
   6.000    1.000       0.0000
   7.000    1.000       0.0000
   8.000    1.000       0.0000
   9.000    1.000       0.0000
  10.000    1.000       0.0000
  11.000    1.000       0.0000
  12.000    1.000       0.0000
  13.000    1.000       0.0000
  14.000    1.000       0.0000
  15.000    1.000       0.0000
  16.000    1.000       0.0000
  17.000    1.000       0.0000
  18.000    1.000       0.0000
  19.000    1.000       0.0000
  20.000    1.000       0.0000
  21.000    1.000       0.0000
  22.000    1.000       0.0000
  23.000    1.000       0.0000
  24.000    1.000       0.0000
   1.000    2.000       1.0000
   2.000    2.000       0.0000
   3.000    2.000       1.0000
   4.000    2.000       0.8678
   5.000    2.000       0.0000
   6.000    2.000       0.0000
   7.000    2.000       0.0000
   8.000    2.000       0.0000
   9.000    2.000       0.0000
  10.000    2.000       0.0000
  11.000    2.000       0.0000
  12.000    2.000       0.0000
  13.000    2.000       0.0000
  14.000    2.000       0.0000
  15.000    2.000       0.0000
  16.000    2.000       0.0000
  17.000    2.000       0.0000
  18.000    2.000       0.0000
  19.000    2.000       0.0000
  20.000    2.000       0.0000
  21.000    2.000       0.0000
  22.000    2.000       0.0000
  23.000    2.000       0.0000
  24.000    2.000       0.0000
   1.000    3.000       0.7872
   2.000    3.000       1.0000
   3.000    3.000       0.0000
   4.000    3.000       1.0000
   5.000    3.000       0.9248
   6.000    3.000       0.4010
   7.000    3.000       0.0000
   8.000    3.000       0.0000
   9.000    3.000       0.0000
  10.000    3.000       0.0000
  11.000    3.000       0.0000
  12.000    3.000       0.0000
  13.000    3.000       0.0000
  14.000    3.000       0.0000
  15.000    3.000       0.0000
  16.000    3.000       0.0000
  17.000    3.000       0.0000
  18.000    3.000       0.0000
  19.000    3.000       0.0000
  20.000    3.000       0.0000
  21.000    3.000       0.0000
  22.000    3.000       0.0000
  23.000    3.000       0.0000
  24.000    3.000       0.0000
   1.000    4.000       0.2944
   2.000    4.000       0.8678
   3.000    4.000       1.0000
   4.000    4.000       0.0000
   5.000    4.000       1.0000
   6.000    4.000       1.0000
   7.000    4.000       0.9900
   8.000    4.000       0.9612
   9.000    4.000       0.0000
  10.000    4.000       0.0000
  11.000    4.000       0.0000
  12.000    4.000       0.0000
  13.000    4.000       0.0000
  14.000    4.000       0.0000
  15.000    4.000       0.0000
  16.000    4.000       0.0000
  17.000    4.000       0.0000
  18.000    4.000       0.0000
  19.000    4.000       0.0000
  20.000    4.000       0.0000
  21.000    4.000       0.0000
  22.000    4.000       0.0000
  23.000    4.000       0.0000
  24.000    4.000       0.0000
   1.000    5.000       0.0000
   2.000    5.000       0.0000
   3.000    5.000       0.9248
   4.000    5.000       1.0000
   5.000    5.000       0.0000
   6.000    5.000       1.0000
   7.000    5.000       1.0000
   8.000    5.000       0.9974
   9.000    5.000       0.5786
  10.000    5.000       0.0000
  11.000    5.000       0.0000
  12.000    5.000       0.0000
  13.000    5.000       0.0000
  14.000    5.000       0.0000
  15.000    5.000       0.0000
  16.000    5.000       0.0000
  17.000    5.000       0.0000
  18.000    5.000       0.0000
  19.000    5.000       0.0000
  20.000    5.000       0.0000
  21.000    5.000       0.0000
  22.000    5.000       0.0000
  23.000    5.000       0.0000
  24.000    5.000       0.0000
   1.000    6.000       0.0000
   2.000    6.000       0.0000
   3.000    6.000       0.4010
   4.000    6.000       1.0000
   5.000    6.000       1.0000
   6.000    6.000       0.0000
   7.000    6.000       1.0000
   8.000    6.000       0.9982
   9.000    6.000       0.7077
  10.000    6.000       0.2777
  11.000    6.000       0.0000
  12.000    6.000       0.0000
  13.000    6.000       0.0000
  14.000    6.000       0.0000
  15.000    6.000       0.0000
  16.000    6.000       0.0000
  17.000    6.000       0.0000
  18.000    6.000       0.0000
  19.000    6.000       0.0000
  20.000    6.000       0.0000
  21.000    6.000       0.0000
  22.000    6.000       0.0000
  23.000    6.000       0.0000
  24.000    6.000       0.0000
   1.000    7.000       0.0000
   2.000    7.000       0.0000
   3.000    7.000       0.0000
   4.000    7.000       0.9900
   5.000    7.000       1.0000
   6.000    7.000       1.0000
   7.000    7.000       0.0000
   8.000    7.000       1.0000
   9.000    7.000       0.9998
  10.000    7.000       0.9448
  11.000    7.000       0.7828
  12.000    7.000       0.0000
  13.000    7.000       0.0000
  14.000    7.000       0.0000
  15.000    7.000       0.0000
  16.000    7.000       0.0000
  17.000    7.000       0.0000
  18.000    7.000       0.0000
  19.000    7.000       0.0000
  20.000    7.000       0.0000
  21.000    7.000       0.0000
  22.000    7.000       0.0000
  23.000    7.000       0.0000
  24.000    7.000       0.0000
   1.000    8.000       0.0000
   2.000    8.000       0.0000
   3.000    8.000       0.0000
   4.000    8.000       0.9612
   5.000    8.000       0.9974
   6.000    8.000       0.9982
   7.000    8.000       1.0000
   8.000    8.000       0.0000
   9.000    8.000       1.0000
  10.000    8.000       1.0000
  11.000    8.000       0.9720
  12.000    8.000       0.7362
  13.000    8.000       0.0000
  14.000    8.000       0.0000
  15.000    8.000       0.0000
  16.000    8.000       0.0000
  17.000    8.000       0.0000
  18.000    8.000       0.0000
  19.000    8.000       0.0000
  20.000    8.000       0.0000
  21.000    8.000       0.0000
  22.000    8.000       0.0000
  23.000    8.000       0.0000
  24.000    8.000       0.0000
   1.000    9.000       0.0000
   2.000    9.000       0.0000
   3.000    9.000       0.0000
   4.000    9.000       0.0000
   5.000    9.000       0.5786
   6.000    9.000       0.7077
   7.000    9.000       0.9998
   8.000    9.000       1.0000
   9.000    9.000       0.0000
  10.000    9.000       1.0000
  11.000    9.000       0.9895
  12.000    9.000       0.7244
  13.000    9.000       0.4936
  14.000    9.000       0.0000
  15.000    9.000       0.0000
  16.000    9.000       0.0000
  17.000    9.000       0.0000
  18.000    9.000       0.0000
  19.000    9.000       0.0000
  20.000    9.000       0.0000
  21.000    9.000       0.0000
  22.000    9.000       0.0000
  23.000    9.000       0.0000
  24.000    9.000       0.0000
   1.000   10.000       0.0000
   2.000   10.000       0.0000
   3.000   10.000       0.0000
   4.000   10.000       0.0000
   5.000   10.000       0.0000
   6.000   10.000       0.2777
   7.000   10.000       0.9448
   8.000   10.000       1.0000
   9.000   10.000       1.0000
  10.000   10.000       0.0000
  11.000   10.000       1.0000
  12.000   10.000       0.9785
  13.000   10.000       0.9111
  14.000   10.000       0.3276
  15.000   10.000       0.0000
  16.000   10.000       0.0000
  17.000   10.000       0.0000
  18.000   10.000       0.0000
  19.000   10.000       0.0000
  20.000   10.000       0.0000
  21.000   10.000       0.0000
  22.000   10.000       0.0000
  23.000   10.000       0.0000
  24.000   10.000       0.0000
   1.000   11.000       0.0000
   2.000   11.000       0.0000
   3.000   11.000       0.0000
   4.000   11.000       0.0000
   5.000   11.000       0.0000
   6.000   11.000       0.0000
   7.000   11.000       0.7828
   8.000   11.000       0.9720
   9.000   11.000       0.9895
  10.000   11.000       1.0000
  11.000   11.000       0.0000
  12.000   11.000       1.0000
  13.000   11.000       0.9991
  14.000   11.000       0.5732
  15.000   11.000       0.0000
  16.000   11.000       0.0000
  17.000   11.000       0.0000
  18.000   11.000       0.0000
  19.000   11.000       0.0000
  20.000   11.000       0.0000
  21.000   11.000       0.0000
  22.000   11.000       0.0000
  23.000   11.000       0.0000
  24.000   11.000       0.0000
   1.000   12.000       0.0000
   2.000   12.000       0.0000
   3.000   12.000       0.0000
   4.000   12.000       0.0000
   5.000   12.000       0.0000
   6.000   12.000       0.0000
   7.000   12.000       0.0000
   8.000   12.000       0.7362
   9.000   12.000       0.7244
  10.000   12.000       0.9785
  11.000   12.000       1.0000
  12.000   12.000       0.0000
  13.000   12.000       1.0000
  14.000   12.000       0.9999
  15.000   12.000       0.0000
  16.000   12.000       0.8444
  17.000   12.000       0.0000
  18.000   12.000       0.0000
  19.000   12.000       0.0000
  20.000   12.000       0.0000
  21.000   12.000       0.0000
  22.000   12.000       0.0000
  23.000   12.000       0.0277
  24.000   12.000       0.0000
   1.000   13.000       0.0000
   2.000   13.000       0.0000
   3.000   13.000       0.0000
   4.000   13.000       0.0000
   5.000   13.000       0.0000
   6.000   13.000       0.0000
   7.000   13.000       0.0000
   8.000   13.000       0.0000
   9.000   13.000       0.4936
  10.000   13.000       0.9111
  11.000   13.000       0.9991
  12.000   13.000       1.0000
  13.000   13.000       0.0000
  14.000   13.000       1.0000
  15.000   13.000       0.9992
  16.000   13.000       0.9333
  17.000   13.000       0.0000
  18.000   13.000       0.0000
  19.000   13.000       0.0000
  20.000   13.000       0.0000
  21.000   13.000       0.0000
  22.000   13.000       0.0000
  23.000   13.000       0.0330
  24.000   13.000       0.0000
   1.000   14.000       0.0000
   2.000   14.000       0.0000
   3.000   14.000       0.0000
   4.000   14.000       0.0000
   5.000   14.000       0.0000
   6.000   14.000       0.0000
   7.000   14.000       0.0000
   8.000   14.000       0.0000
   9.000   14.000       0.0000
  10.000   14.000       0.3276
  11.000   14.000       0.5732
  12.000   14.000       0.9999
  13.000   14.000       1.0000
  14.000   14.000       0.0000
  15.000   14.000       1.0000
  16.000   14.000       0.9742
  17.000   14.000       0.0000
  18.000   14.000       0.0000
  19.000   14.000       0.0000
  20.000   14.000       0.0000
  21.000   14.000       0.0000
  22.000   14.000       0.0000
  23.000   14.000       0.0000
  24.000   14.000       0.0000
   1.000   15.000       0.0000
   2.000   15.000       0.0000
   3.000   15.000       0.0000
   4.000   15.000       0.0000
   5.000   15.000       0.0000
   6.000   15.000       0.0000
   7.000   15.000       0.0000
   8.000   15.000       0.0000
   9.000   15.000       0.0000
  10.000   15.000       0.0000
  11.000   15.000       0.0000
  12.000   15.000       0.0000
  13.000   15.000       0.9992
  14.000   15.000       1.0000
  15.000   15.000       0.0000
  16.000   15.000       1.0000
  17.000   15.000       0.7733
  18.000   15.000       0.0000
  19.000   15.000       0.0000
  20.000   15.000       0.0000
  21.000   15.000       0.0000
  22.000   15.000       0.0000
  23.000   15.000       0.0000
  24.000   15.000       0.0000
   1.000   16.000       0.0000
   2.000   16.000       0.0000
   3.000   16.000       0.0000
   4.000   16.000       0.0000
   5.000   16.000       0.0000
   6.000   16.000       0.0000
   7.000   16.000       0.0000
   8.000   16.000       0.0000
   9.000   16.000       0.0000
  10.000   16.000       0.0000
  11.000   16.000       0.0000
  12.000   16.000       0.8444
  13.000   16.000       0.9333
  14.000   16.000       0.9742
  15.000   16.000       1.0000
  16.000   16.000       0.0000
  17.000   16.000       1.0000
  18.000   16.000       0.5250
  19.000   16.000       0.0000
  20.000   16.000       0.0000
  21.000   16.000       0.0680
  22.000   16.000       0.0932
  23.000   16.000       0.1094
  24.000   16.000       0.0000
   1.000   17.000       0.0000
   2.000   17.000       0.0000
   3.000   17.000       0.0000
   4.000   17.000       0.0000
   5.000   17.000       0.0000
   6.000   17.000       0.0000
   7.000   17.000       0.0000
   8.000   17.000       0.0000
   9.000   17.000       0.0000
  10.000   17.000       0.0000
  11.000   17.000       0.0000
  12.000   17.000       0.0000
  13.000   17.000       0.0000
  14.000   17.000       0.0000
  15.000   17.000       0.7733
  16.000   17.000       1.0000
  17.000   17.000       0.0000
  18.000   17.000       1.0000
  19.000   17.000       0.9131
  20.000   17.000       0.0000
  21.000   17.000       0.1943
  22.000   17.000       0.1065
  23.000   17.000       0.0000
  24.000   17.000       0.0000
   1.000   18.000       0.0000
   2.000   18.000       0.0000
   3.000   18.000       0.0000
   4.000   18.000       0.0000
   5.000   18.000       0.0000
   6.000   18.000       0.0000
   7.000   18.000       0.0000
   8.000   18.000       0.0000
   9.000   18.000       0.0000
  10.000   18.000       0.0000
  11.000   18.000       0.0000
  12.000   18.000       0.0000
  13.000   18.000       0.0000
  14.000   18.000       0.0000
  15.000   18.000       0.0000
  16.000   18.000       0.5250
  17.000   18.000       1.0000
  18.000   18.000       0.0000
  19.000   18.000       1.0000
  20.000   18.000       0.9207
  21.000   18.000       0.4126
  22.000   18.000       0.0000
  23.000   18.000       0.0000
  24.000   18.000       0.0000
   1.000   19.000       0.0000
   2.000   19.000       0.0000
   3.000   19.000       0.0000
   4.000   19.000       0.0000
   5.000   19.000       0.0000
   6.000   19.000       0.0000
   7.000   19.000       0.0000
   8.000   19.000       0.0000
   9.000   19.000       0.0000
  10.000   19.000       0.0000
  11.000   19.000       0.0000
  12.000   19.000       0.0000
  13.000   19.000       0.0000
  14.000   19.000       0.0000
  15.000   19.000       0.0000
  16.000   19.000       0.0000
  17.000   19.000       0.9131
  18.000   19.000       1.0000
  19.000   19.000       0.0000
  20.000   19.000       1.0000
  21.000   19.000       0.8079
  22.000   19.000       0.0000
  23.000   19.000       0.0000
  24.000   19.000       0.0000
   1.000   20.000       0.0000
   2.000   20.000       0.0000
   3.000   20.000       0.0000
   4.000   20.000       0.0000
   5.000   20.000       0.0000
   6.000   20.000       0.0000
   7.000   20.000       0.0000
   8.000   20.000       0.0000
   9.000   20.000       0.0000
  10.000   20.000       0.0000
  11.000   20.000       0.0000
  12.000   20.000       0.0000
  13.000   20.000       0.0000
  14.000   20.000       0.0000
  15.000   20.000       0.0000
  16.000   20.000       0.0000
  17.000   20.000       0.0000
  18.000   20.000       0.9207
  19.000   20.000       1.0000
  20.000   20.000       0.0000
  21.000   20.000       1.0000
  22.000   20.000       0.6260
  23.000   20.000       0.0000
  24.000   20.000       0.0000
   1.000   21.000       0.0000
   2.000   21.000       0.0000
   3.000   21.000       0.0000
   4.000   21.000       0.0000
   5.000   21.000       0.0000
   6.000   21.000       0.0000
   7.000   21.000       0.0000
   8.000   21.000       0.0000
   9.000   21.000       0.0000
  10.000   21.000       0.0000
  11.000   21.000       0.0000
  12.000   21.000       0.0000
  13.000   21.000       0.0000
  14.000   21.000       0.0000
  15.000   21.000       0.0000
  16.000   21.000       0.0680
  17.000   21.000       0.1943
  18.000   21.000       0.4126
  19.000   21.000       0.8079
  20.000   21.000       1.0000
  21.000   21.000       0.0000
  22.000   21.000       1.0000
  23.000   21.000       0.6997
  24.000   21.000       0.0000
   1.000   22.000       0.0000
   2.000   22.000       0.0000
   3.000   22.000       0.0000
   4.000   22.000       0.0000
   5.000   22.000       0.0000
   6.000   22.000       0.0000
   7.000   22.000       0.0000
   8.000   22.000       0.0000
   9.000   22.000       0.0000
  10.000   22.000       0.0000
  11.000   22.000       0.0000
  12.000   22.000       0.0000
  13.000   22.000       0.0000
  14.000   22.000       0.0000
  15.000   22.000       0.0000
  16.000   22.000       0.0932
  17.000   22.000       0.1065
  18.000   22.000       0.0000
  19.000   22.000       0.0000
  20.000   22.000       0.6260
  21.000   22.000       1.0000
  22.000   22.000       0.0000
  23.000   22.000       1.0000
  24.000   22.000       0.8951
   1.000   23.000       0.0000
   2.000   23.000       0.0000
   3.000   23.000       0.0000
   4.000   23.000       0.0000
   5.000   23.000       0.0000
   6.000   23.000       0.0000
   7.000   23.000       0.0000
   8.000   23.000       0.0000
   9.000   23.000       0.0000
  10.000   23.000       0.0000
  11.000   23.000       0.0000
  12.000   23.000       0.0277
  13.000   23.000       0.0330
  14.000   23.000       0.0000
  15.000   23.000       0.0000
  16.000   23.000       0.1094
  17.000   23.000       0.0000
  18.000   23.000       0.0000
  19.000   23.000       0.0000
  20.000   23.000       0.0000
  21.000   23.000       0.6997
  22.000   23.000       1.0000
  23.000   23.000       0.0000
  24.000   23.000       1.0000
   1.000   24.000       0.0000
   2.000   24.000       0.0000
   3.000   24.000       0.0000
   4.000   24.000       0.0000
   5.000   24.000       0.0000
   6.000   24.000       0.0000
   7.000   24.000       0.0000
   8.000   24.000       0.0000
   9.000   24.000       0.0000
  10.000   24.000       0.0000
  11.000   24.000       0.0000
  12.000   24.000       0.0000
  13.000   24.000       0.0000
  14.000   24.000       0.0000
  15.000   24.000       0.0000
  16.000   24.000       0.0000
  17.000   24.000       0.0000
  18.000   24.000       0.0000
  19.000   24.000       0.0000
  20.000   24.000       0.0000
  21.000   24.000       0.0000
  22.000   24.000       0.8951
  23.000   24.000       1.0000
  24.000   24.000       0.0000
