#Residue Residue Contacts_00005[nativemap]
   1.000    1.000        0.0000
   2.000    1.000        1.0000
   3.000    1.000        0.7909
   4.000    1.000        0.0000
   5.000    1.000        0.0812
   6.000    1.000        0.0000
   7.000    1.000        0.0000
   8.000    1.000        0.0000
   9.000    1.000        0.0000
  10.000    1.000        0.0000
  11.000    1.000        0.0000
  12.000    1.000        0.0000
  13.000    1.000        0.0000
  14.000    1.000        0.0000
  15.000    1.000        0.0000
  16.000    1.000        0.0000
  17.000    1.000        0.0000
  18.000    1.000        0.0000
  19.000    1.000        0.0000
  20.000    1.000        0.0000
  21.000    1.000        0.0000
  22.000    1.000        0.0000
  23.000    1.000        0.0000
  24.000    1.000        0.0000
   1.000    2.000        1.0000
   2.000    2.000        0.0000
   3.000    2.000        1.0000
   4.000    2.000        0.7539
   5.000    2.000        0.1273
   6.000    2.000        0.0000
   7.000    2.000        0.0000
   8.000    2.000        0.0000
   9.000    2.000        0.0000
  10.000    2.000        0.0000
  11.000    2.000        0.0000
  12.000    2.000        0.0000
  13.000    2.000        0.0000
  14.000    2.000        0.0000
  15.000    2.000        0.0000
  16.000    2.000        0.0000
  17.000    2.000        0.0000
  18.000    2.000        0.0000
  19.000    2.000        0.0000
  20.000    2.000        0.0000
  21.000    2.000        0.0000
  22.000    2.000        0.0000
  23.000    2.000        0.0000
  24.000    2.000        0.0000
   1.000    3.000        0.7909
   2.000    3.000        1.0000
   3.000    3.000        0.0000
   4.000    3.000        1.0000
   5.000    3.000        0.9788
   6.000    3.000        0.0000
   7.000    3.000        0.0000
   8.000    3.000        0.0000
   9.000    3.000        0.0000
  10.000    3.000        0.0000
  11.000    3.000        0.0000
  12.000    3.000        0.0000
  13.000    3.000        0.0000
  14.000    3.000        0.0000
  15.000    3.000        0.0000
  16.000    3.000        0.0000
  17.000    3.000        0.0000
  18.000    3.000        0.0000
  19.000    3.000        0.0000
  20.000    3.000        0.0000
  21.000    3.000        0.0000
  22.000    3.000        0.0000
  23.000    3.000        0.0000
  24.000    3.000        0.0000
   1.000    4.000        0.0000
   2.000    4.000        0.7539
   3.000    4.000        1.0000
   4.000    4.000        0.0000
   5.000    4.000        1.0000
   6.000    4.000        0.9758
   7.000    4.000        0.7444
   8.000    4.000        0.6938
   9.000    4.000        0.0000
  10.000    4.000        0.0000
  11.000    4.000        0.0000
  12.000    4.000        0.0000
  13.000    4.000        0.0000
  14.000    4.000        0.0000
  15.000    4.000        0.0000
  16.000    4.000        0.0000
  17.000    4.000        0.0000
  18.000    4.000        0.0000
  19.000    4.000        0.0000
  20.000    4.000        0.0000
  21.000    4.000        0.0000
  22.000    4.000        0.0000
  23.000    4.000        0.0000
  24.000    4.000        0.0000
   1.000    5.000        0.0812
   2.000    5.000        0.1273
   3.000    5.000        0.9788
   4.000    5.000        1.0000
   5.000    5.000        0.0000
   6.000    5.000        1.0000
   7.000    5.000        0.9981
   8.000    5.000        0.9493
   9.000    5.000        0.7300
  10.000    5.000        0.0000
  11.000    5.000        0.0000
  12.000    5.000        0.0000
  13.000    5.000        0.0000
  14.000    5.000        0.0000
  15.000    5.000        0.0000
  16.000    5.000        0.0000
  17.000    5.000        0.0000
  18.000    5.000        0.0000
  19.000    5.000        0.0000
  20.000    5.000        0.0000
  21.000    5.000        0.0000
  22.000    5.000        0.0000
  23.000    5.000        0.0000
  24.000    5.000        0.0000
   1.000    6.000        0.0000
   2.000    6.000        0.0000
   3.000    6.000        0.0000
   4.000    6.000        0.9758
   5.000    6.000        1.0000
   6.000    6.000        0.0000
   7.000    6.000        1.0000
   8.000    6.000        0.9908
   9.000    6.000        0.6076
  10.000    6.000        0.2562
  11.000    6.000        0.0000
  12.000    6.000        0.0000
  13.000    6.000        0.0000
  14.000    6.000        0.0000
  15.000    6.000        0.0000
  16.000    6.000        0.0000
  17.000    6.000        0.0000
  18.000    6.000        0.0000
  19.000    6.000        0.0000
  20.000    6.000        0.0000
  21.000    6.000        0.0000
  22.000    6.000        0.0000
  23.000    6.000        0.0000
  24.000    6.000        0.0000
   1.000    7.000        0.0000
   2.000    7.000        0.0000
   3.000    7.000        0.0000
   4.000    7.000        0.7444
   5.000    7.000        0.9981
   6.000    7.000        1.0000
   7.000    7.000        0.0000
   8.000    7.000        1.0000
   9.000    7.000        0.9147
  10.000    7.000        0.6835
  11.000    7.000        0.5210
  12.000    7.000        0.0000
  13.000    7.000        0.0000
  14.000    7.000        0.0000
  15.000    7.000        0.0000
  16.000    7.000        0.0000
  17.000    7.000        0.0000
  18.000    7.000        0.0000
  19.000    7.000        0.0000
  20.000    7.000        0.0000
  21.000    7.000        0.0000
  22.000    7.000        0.0000
  23.000    7.000        0.0000
  24.000    7.000        0.0000
   1.000    8.000        0.0000
   2.000    8.000        0.0000
   3.000    8.000        0.0000
   4.000    8.000        0.6938
   5.000    8.000        0.9493
   6.000    8.000        0.9908
   7.000    8.000        1.0000
   8.000    8.000        0.0000
   9.000    8.000        1.0000
  10.000    8.000        1.0000
  11.000    8.000        0.8972
  12.000    8.000        0.3608
  13.000    8.000        0.0000
  14.000    8.000        0.0000
  15.000    8.000        0.0000
  16.000    8.000        0.0000
  17.000    8.000        0.0000
  18.000    8.000        0.0000
  19.000    8.000        0.0000
  20.000    8.000        0.0000
  21.000    8.000        0.0000
  22.000    8.000        0.0000
  23.000    8.000        0.0000
  24.000    8.000        0.0000
   1.000    9.000        0.0000
   2.000    9.000        0.0000
   3.000    9.000        0.0000
   4.000    9.000        0.0000
   5.000    9.000        0.7300
   6.000    9.000        0.6076
   7.000    9.000        0.9147
   8.000    9.000        1.0000
   9.000    9.000        0.0000
  10.000    9.000        1.0000
  11.000    9.000        1.0000
  12.000    9.000        0.7697
  13.000    9.000        0.5053
  14.000    9.000        0.0000
  15.000    9.000        0.0000
  16.000    9.000        0.0000
  17.000    9.000        0.0000
  18.000    9.000        0.0000
  19.000    9.000        0.0000
  20.000    9.000        0.0000
  21.000    9.000        0.0000
  22.000    9.000        0.0000
  23.000    9.000        0.0000
  24.000    9.000        0.0000
   1.000   10.000        0.0000
   2.000   10.000        0.0000
   3.000   10.000        0.0000
   4.000   10.000        0.0000
   5.000   10.000        0.0000
   6.000   10.000        0.2562
   7.000   10.000        0.6835
   8.000   10.000        1.0000
   9.000   10.000        1.0000
  10.000   10.000        0.0000
  11.000   10.000        1.0000
  12.000   10.000        1.0000
  13.000   10.000        0.9810
  14.000   10.000        0.4158
  15.000   10.000        0.0000
  16.000   10.000        0.0000
  17.000   10.000        0.0000
  18.000   10.000        0.0000
  19.000   10.000        0.0000
  20.000   10.000        0.0000
  21.000   10.000        0.0000
  22.000   10.000        0.0000
  23.000   10.000        0.0000
  24.000   10.000        0.0000
   1.000   11.000        0.0000
   2.000   11.000        0.0000
   3.000   11.000        0.0000
   4.000   11.000        0.0000
   5.000   11.000        0.0000
   6.000   11.000        0.0000
   7.000   11.000        0.5210
   8.000   11.000        0.8972
   9.000   11.000        1.0000
  10.000   11.000        1.0000
  11.000   11.000        0.0000
  12.000   11.000        1.0000
  13.000   11.000        0.9996
  14.000   11.000        0.4776
  15.000   11.000        0.1476
  16.000   11.000        0.0000
  17.000   11.000        0.0000
  18.000   11.000        0.0000
  19.000   11.000        0.0000
  20.000   11.000        0.0000
  21.000   11.000        0.0000
  22.000   11.000        0.0000
  23.000   11.000        0.0000
  24.000   11.000        0.0000
   1.000   12.000        0.0000
   2.000   12.000        0.0000
   3.000   12.000        0.0000
   4.000   12.000        0.0000
   5.000   12.000        0.0000
   6.000   12.000        0.0000
   7.000   12.000        0.0000
   8.000   12.000        0.3608
   9.000   12.000        0.7697
  10.000   12.000        1.0000
  11.000   12.000        1.0000
  12.000   12.000        0.0000
  13.000   12.000        1.0000
  14.000   12.000        0.7947
  15.000   12.000        0.4667
  16.000   12.000        0.3516
  17.000   12.000        0.0000
  18.000   12.000        0.0000
  19.000   12.000        0.0000
  20.000   12.000        0.0000
  21.000   12.000        0.0000
  22.000   12.000        0.0000
  23.000   12.000        0.0000
  24.000   12.000        0.0000
   1.000   13.000        0.0000
   2.000   13.000        0.0000
   3.000   13.000        0.0000
   4.000   13.000        0.0000
   5.000   13.000        0.0000
   6.000   13.000        0.0000
   7.000   13.000        0.0000
   8.000   13.000        0.0000
   9.000   13.000        0.5053
  10.000   13.000        0.9810
  11.000   13.000        0.9996
  12.000   13.000        1.0000
  13.000   13.000        0.0000
  14.000   13.000        1.0000
  15.000   13.000        0.9592
  16.000   13.000        0.7304
  17.000   13.000        0.0000
  18.000   13.000        0.0000
  19.000   13.000        0.0000
  20.000   13.000        0.0000
  21.000   13.000        0.0000
  22.000   13.000        0.0000
  23.000   13.000        0.0225
  24.000   13.000        0.0000
   1.000   14.000        0.0000
   2.000   14.000        0.0000
   3.000   14.000        0.0000
   4.000   14.000        0.0000
   5.000   14.000        0.0000
   6.000   14.000        0.0000
   7.000   14.000        0.0000
   8.000   14.000        0.0000
   9.000   14.000        0.0000
  10.000   14.000        0.4158
  11.000   14.000        0.4776
  12.000   14.000        0.7947
  13.000   14.000        1.0000
  14.000   14.000        0.0000
  15.000   14.000        1.0000
  16.000   14.000        0.8791
  17.000   14.000        0.0000
  18.000   14.000        0.0000
  19.000   14.000        0.0000
  20.000   14.000        0.0055
  21.000   14.000        0.0000
  22.000   14.000        0.0000
  23.000   14.000        0.0000
  24.000   14.000        0.0000
   1.000   15.000        0.0000
   2.000   15.000        0.0000
   3.000   15.000        0.0000
   4.000   15.000        0.0000
   5.000   15.000        0.0000
   6.000   15.000        0.0000
   7.000   15.000        0.0000
   8.000   15.000        0.0000
   9.000   15.000        0.0000
  10.000   15.000        0.0000
  11.000   15.000        0.1476
  12.000   15.000        0.4667
  13.000   15.000        0.9592
  14.000   15.000        1.0000
  15.000   15.000        0.0000
  16.000   15.000        1.0000
  17.000   15.000        0.0000
  18.000   15.000        0.0000
  19.000   15.000        0.0096
  20.000   15.000        0.0101
  21.000   15.000        0.0000
  22.000   15.000        0.0000
  23.000   15.000        0.0000
  24.000   15.000        0.0000
   1.000   16.000        0.0000
   2.000   16.000        0.0000
   3.000   16.000        0.0000
   4.000   16.000        0.0000
   5.000   16.000        0.0000
   6.000   16.000        0.0000
   7.000   16.000        0.0000
   8.000   16.000        0.0000
   9.000   16.000        0.0000
  10.000   16.000        0.0000
  11.000   16.000        0.0000
  12.000   16.000        0.3516
  13.000   16.000        0.7304
  14.000   16.000        0.8791
  15.000   16.000        1.0000
  16.000   16.000        0.0000
  17.000   16.000        1.0000
  18.000   16.000        0.4845
  19.000   16.000        0.0114
  20.000   16.000        0.0057
  21.000   16.000        0.0144
  22.000   16.000        0.0248
  23.000   16.000        0.0722
  24.000   16.000        0.0284
   1.000   17.000        0.0000
   2.000   17.000        0.0000
   3.000   17.000        0.0000
   4.000   17.000        0.0000
   5.000   17.000        0.0000
   6.000   17.000        0.0000
   7.000   17.000        0.0000
   8.000   17.000        0.0000
   9.000   17.000        0.0000
  10.000   17.000        0.0000
  11.000   17.000        0.0000
  12.000   17.000        0.0000
  13.000   17.000        0.0000
  14.000   17.000        0.0000
  15.000   17.000        0.0000
  16.000   17.000        1.0000
  17.000   17.000        0.0000
  18.000   17.000        1.0000
  19.000   17.000        0.9160
  20.000   17.000        0.0000
  21.000   17.000        0.0000
  22.000   17.000        0.0948
  23.000   17.000        0.1165
  24.000   17.000        0.0460
   1.000   18.000        0.0000
   2.000   18.000        0.0000
   3.000   18.000        0.0000
   4.000   18.000        0.0000
   5.000   18.000        0.0000
   6.000   18.000        0.0000
   7.000   18.000        0.0000
   8.000   18.000        0.0000
   9.000   18.000        0.0000
  10.000   18.000        0.0000
  11.000   18.000        0.0000
  12.000   18.000        0.0000
  13.000   18.000        0.0000
  14.000   18.000        0.0000
  15.000   18.000        0.0000
  16.000   18.000        0.4845
  17.000   18.000        1.0000
  18.000   18.000        0.0000
  19.000   18.000        1.0000
  20.000   18.000        0.9196
  21.000   18.000        0.2448
  22.000   18.000        0.1030
  23.000   18.000        0.0978
  24.000   18.000        0.0000
   1.000   19.000        0.0000
   2.000   19.000        0.0000
   3.000   19.000        0.0000
   4.000   19.000        0.0000
   5.000   19.000        0.0000
   6.000   19.000        0.0000
   7.000   19.000        0.0000
   8.000   19.000        0.0000
   9.000   19.000        0.0000
  10.000   19.000        0.0000
  11.000   19.000        0.0000
  12.000   19.000        0.0000
  13.000   19.000        0.0000
  14.000   19.000        0.0000
  15.000   19.000        0.0096
  16.000   19.000        0.0114
  17.000   19.000        0.9160
  18.000   19.000        1.0000
  19.000   19.000        0.0000
  20.000   19.000        1.0000
  21.000   19.000        0.6899
  22.000   19.000        0.0000
  23.000   19.000        0.0000
  24.000   19.000        0.0000
   1.000   20.000        0.0000
   2.000   20.000        0.0000
   3.000   20.000        0.0000
   4.000   20.000        0.0000
   5.000   20.000        0.0000
   6.000   20.000        0.0000
   7.000   20.000        0.0000
   8.000   20.000        0.0000
   9.000   20.000        0.0000
  10.000   20.000        0.0000
  11.000   20.000        0.0000
  12.000   20.000        0.0000
  13.000   20.000        0.0000
  14.000   20.000        0.0055
  15.000   20.000        0.0101
  16.000   20.000        0.0057
  17.000   20.000        0.0000
  18.000   20.000        0.9196
  19.000   20.000        1.0000
  20.000   20.000        0.0000
  21.000   20.000        1.0000
  22.000   20.000        0.6476
  23.000   20.000        0.0000
  24.000   20.000        0.0000
   1.000   21.000        0.0000
   2.000   21.000        0.0000
   3.000   21.000        0.0000
   4.000   21.000        0.0000
   5.000   21.000        0.0000
   6.000   21.000        0.0000
   7.000   21.000        0.0000
   8.000   21.000        0.0000
   9.000   21.000        0.0000
  10.000   21.000        0.0000
  11.000   21.000        0.0000
  12.000   21.000        0.0000
  13.000   21.000        0.0000
  14.000   21.000        0.0000
  15.000   21.000        0.0000
  16.000   21.000        0.0144
  17.000   21.000        0.0000
  18.000   21.000        0.2448
  19.000   21.000        0.6899
  20.000   21.000        1.0000
  21.000   21.000        0.0000
  22.000   21.000        1.0000
  23.000   21.000        0.0000
  24.000   21.000        0.0000
   1.000   22.000        0.0000
   2.000   22.000        0.0000
   3.000   22.000        0.0000
   4.000   22.000        0.0000
   5.000   22.000        0.0000
   6.000   22.000        0.0000
   7.000   22.000        0.0000
   8.000   22.000        0.0000
   9.000   22.000        0.0000
  10.000   22.000        0.0000
  11.000   22.000        0.0000
  12.000   22.000        0.0000
  13.000   22.000        0.0000
  14.000   22.000        0.0000
  15.000   22.000        0.0000
  16.000   22.000        0.0248
  17.000   22.000        0.0948
  18.000   22.000        0.1030
  19.000   22.000        0.0000
  20.000   22.000        0.6476
  21.000   22.000        1.0000
  22.000   22.000        0.0000
  23.000   22.000        1.0000
  24.000   22.000        0.8865
   1.000   23.000        0.0000
   2.000   23.000        0.0000
   3.000   23.000        0.0000
   4.000   23.000        0.0000
   5.000   23.000        0.0000
   6.000   23.000        0.0000
   7.000   23.000        0.0000
   8.000   23.000        0.0000
   9.000   23.000        0.0000
  10.000   23.000        0.0000
  11.000   23.000        0.0000
  12.000   23.000        0.0000
  13.000   23.000        0.0225
  14.000   23.000        0.0000
  15.000   23.000        0.0000
  16.000   23.000        0.0722
  17.000   23.000        0.1165
  18.000   23.000        0.0978
  19.000   23.000        0.0000
  20.000   23.000        0.0000
  21.000   23.000        0.0000
  22.000   23.000        1.0000
  23.000   23.000        0.0000
  24.000   23.000        1.0000
   1.000   24.000        0.0000
   2.000   24.000        0.0000
   3.000   24.000        0.0000
   4.000   24.000        0.0000
   5.000   24.000        0.0000
   6.000   24.000        0.0000
   7.000   24.000        0.0000
   8.000   24.000        0.0000
   9.000   24.000        0.0000
  10.000   24.000        0.0000
  11.000   24.000        0.0000
  12.000   24.000        0.0000
  13.000   24.000        0.0000
  14.000   24.000        0.0000
  15.000   24.000        0.0000
  16.000   24.000        0.0284
  17.000   24.000        0.0460
  18.000   24.000        0.0000
  19.000   24.000        0.0000
  20.000   24.000        0.0000
  21.000   24.000        0.0000
  22.000   24.000        0.8865
  23.000   24.000        1.0000
  24.000   24.000        0.0000
