#Residue Residue Contacts_00005[nativemap]
   1.000    1.000        0.0000
   2.000    1.000        1.0000
   3.000    1.000        0.8770
   4.000    1.000        0.2250
   5.000    1.000        0.0230
   6.000    1.000        0.0000
   7.000    1.000        0.0000
   8.000    1.000        0.0000
   9.000    1.000        0.0000
  10.000    1.000        0.0000
  11.000    1.000        0.0000
  12.000    1.000        0.0000
  13.000    1.000        0.0000
  14.000    1.000        0.0000
  15.000    1.000        0.0000
  16.000    1.000        0.0000
  17.000    1.000        0.0000
  18.000    1.000        0.0000
  19.000    1.000        0.0000
  20.000    1.000        0.0000
  21.000    1.000        0.0000
  22.000    1.000        0.0000
  23.000    1.000        0.0000
  24.000    1.000        0.0000
   1.000    2.000        1.0000
   2.000    2.000        0.0000
   3.000    2.000        1.0000
   4.000    2.000        0.6685
   5.000    2.000        0.0333
   6.000    2.000        0.0000
   7.000    2.000        0.0000
   8.000    2.000        0.0000
   9.000    2.000        0.0000
  10.000    2.000        0.0000
  11.000    2.000        0.0000
  12.000    2.000        0.0000
  13.000    2.000        0.0000
  14.000    2.000        0.0000
  15.000    2.000        0.0000
  16.000    2.000        0.0000
  17.000    2.000        0.0000
  18.000    2.000        0.0000
  19.000    2.000        0.0000
  20.000    2.000        0.0000
  21.000    2.000        0.0000
  22.000    2.000        0.0000
  23.000    2.000        0.0000
  24.000    2.000        0.0000
   1.000    3.000        0.8770
   2.000    3.000        1.0000
   3.000    3.000        0.0000
   4.000    3.000        1.0000
   5.000    3.000        0.9064
   6.000    3.000        0.2106
   7.000    3.000        0.1632
   8.000    3.000        0.0000
   9.000    3.000        0.0000
  10.000    3.000        0.0000
  11.000    3.000        0.0000
  12.000    3.000        0.0000
  13.000    3.000        0.0000
  14.000    3.000        0.0000
  15.000    3.000        0.0000
  16.000    3.000        0.0000
  17.000    3.000        0.0000
  18.000    3.000        0.0000
  19.000    3.000        0.0000
  20.000    3.000        0.0000
  21.000    3.000        0.0000
  22.000    3.000        0.0000
  23.000    3.000        0.0000
  24.000    3.000        0.0000
   1.000    4.000        0.2250
   2.000    4.000        0.6685
   3.000    4.000        1.0000
   4.000    4.000        0.0000
   5.000    4.000        1.0000
   6.000    4.000        0.8997
   7.000    4.000        0.4716
   8.000    4.000        0.4030
   9.000    4.000        0.0000
  10.000    4.000        0.0000
  11.000    4.000        0.0000
  12.000    4.000        0.0000
  13.000    4.000        0.0000
  14.000    4.000        0.0000
  15.000    4.000        0.0000
  16.000    4.000        0.0000
  17.000    4.000        0.0000
  18.000    4.000        0.0000
  19.000    4.000        0.0000
  20.000    4.000        0.0000
  21.000    4.000        0.0000
  22.000    4.000        0.0000
  23.000    4.000        0.0000
  24.000    4.000        0.0000
   1.000    5.000        0.0230
   2.000    5.000        0.0333
   3.000    5.000        0.9064
   4.000    5.000        1.0000
   5.000    5.000        0.0000
   6.000    5.000        1.0000
   7.000    5.000        0.9385
   8.000    5.000        0.5394
   9.000    5.000        0.0000
  10.000    5.000        0.0000
  11.000    5.000        0.0000
  12.000    5.000        0.0000
  13.000    5.000        0.0000
  14.000    5.000        0.0000
  15.000    5.000        0.0000
  16.000    5.000        0.0000
  17.000    5.000        0.0000
  18.000    5.000        0.0000
  19.000    5.000        0.0000
  20.000    5.000        0.0000
  21.000    5.000        0.0000
  22.000    5.000        0.0000
  23.000    5.000        0.0000
  24.000    5.000        0.0000
   1.000    6.000        0.0000
   2.000    6.000        0.0000
   3.000    6.000        0.2106
   4.000    6.000        0.8997
   5.000    6.000        1.0000
   6.000    6.000        0.0000
   7.000    6.000        1.0000
   8.000    6.000        0.8553
   9.000    6.000        0.4117
  10.000    6.000        0.3328
  11.000    6.000        0.0000
  12.000    6.000        0.0000
  13.000    6.000        0.0000
  14.000    6.000        0.0000
  15.000    6.000        0.0000
  16.000    6.000        0.0000
  17.000    6.000        0.0000
  18.000    6.000        0.0000
  19.000    6.000        0.0000
  20.000    6.000        0.0000
  21.000    6.000        0.0000
  22.000    6.000        0.0000
  23.000    6.000        0.0000
  24.000    6.000        0.0000
   1.000    7.000        0.0000
   2.000    7.000        0.0000
   3.000    7.000        0.1632
   4.000    7.000        0.4716
   5.000    7.000        0.9385
   6.000    7.000        1.0000
   7.000    7.000        0.0000
   8.000    7.000        1.0000
   9.000    7.000        0.9690
  10.000    7.000        0.5260
  11.000    7.000        0.3531
  12.000    7.000        0.0000
  13.000    7.000        0.0000
  14.000    7.000        0.0000
  15.000    7.000        0.0000
  16.000    7.000        0.0000
  17.000    7.000        0.0000
  18.000    7.000        0.0000
  19.000    7.000        0.0000
  20.000    7.000        0.0000
  21.000    7.000        0.0000
  22.000    7.000        0.0000
  23.000    7.000        0.0000
  24.000    7.000        0.0000
   1.000    8.000        0.0000
   2.000    8.000        0.0000
   3.000    8.000        0.0000
   4.000    8.000        0.4030
   5.000    8.000        0.5394
   6.000    8.000        0.8553
   7.000    8.000        1.0000
   8.000    8.000        0.0000
   9.000    8.000        1.0000
  10.000    8.000        0.7772
  11.000    8.000        0.2277
  12.000    8.000        0.0989
  13.000    8.000        0.0000
  14.000    8.000        0.0000
  15.000    8.000        0.0000
  16.000    8.000        0.0000
  17.000    8.000        0.0000
  18.000    8.000        0.0000
  19.000    8.000        0.0000
  20.000    8.000        0.0000
  21.000    8.000        0.0000
  22.000    8.000        0.0000
  23.000    8.000        0.0000
  24.000    8.000        0.0000
   1.000    9.000        0.0000
   2.000    9.000        0.0000
   3.000    9.000        0.0000
   4.000    9.000        0.0000
   5.000    9.000        0.0000
   6.000    9.000        0.4117
   7.000    9.000        0.9690
   8.000    9.000        1.0000
   9.000    9.000        0.0000
  10.000    9.000        1.0000
  11.000    9.000        0.7785
  12.000    9.000        0.0972
  13.000    9.000        0.0000
  14.000    9.000        0.0000
  15.000    9.000        0.0000
  16.000    9.000        0.0000
  17.000    9.000        0.0000
  18.000    9.000        0.0000
  19.000    9.000        0.0000
  20.000    9.000        0.0000
  21.000    9.000        0.0000
  22.000    9.000        0.0000
  23.000    9.000        0.0000
  24.000    9.000        0.0000
   1.000   10.000        0.0000
   2.000   10.000        0.0000
   3.000   10.000        0.0000
   4.000   10.000        0.0000
   5.000   10.000        0.0000
   6.000   10.000        0.3328
   7.000   10.000        0.5260
   8.000   10.000        0.7772
   9.000   10.000        1.0000
  10.000   10.000        0.0000
  11.000   10.000        1.0000
  12.000   10.000        0.9132
  13.000   10.000        0.1250
  14.000   10.000        0.0000
  15.000   10.000        0.0000
  16.000   10.000        0.0000
  17.000   10.000        0.0000
  18.000   10.000        0.0000
  19.000   10.000        0.0000
  20.000   10.000        0.0000
  21.000   10.000        0.0000
  22.000   10.000        0.0000
  23.000   10.000        0.0000
  24.000   10.000        0.0000
   1.000   11.000        0.0000
   2.000   11.000        0.0000
   3.000   11.000        0.0000
   4.000   11.000        0.0000
   5.000   11.000        0.0000
   6.000   11.000        0.0000
   7.000   11.000        0.3531
   8.000   11.000        0.2277
   9.000   11.000        0.7785
  10.000   11.000        1.0000
  11.000   11.000        0.0000
  12.000   11.000        1.0000
  13.000   11.000        0.6584
  14.000   11.000        0.0000
  15.000   11.000        0.0000
  16.000   11.000        0.0000
  17.000   11.000        0.0000
  18.000   11.000        0.0000
  19.000   11.000        0.0000
  20.000   11.000        0.0000
  21.000   11.000        0.0000
  22.000   11.000        0.0000
  23.000   11.000        0.0000
  24.000   11.000        0.0000
   1.000   12.000        0.0000
   2.000   12.000        0.0000
   3.000   12.000        0.0000
   4.000   12.000        0.0000
   5.000   12.000        0.0000
   6.000   12.000        0.0000
   7.000   12.000        0.0000
   8.000   12.000        0.0989
   9.000   12.000        0.0972
  10.000   12.000        0.9132
  11.000   12.000        1.0000
  12.000   12.000        0.0000
  13.000   12.000        1.0000
  14.000   12.000        0.8008
  15.000   12.000        0.0593
  16.000   12.000        0.0208
  17.000   12.000        0.0000
  18.000   12.000        0.0000
  19.000   12.000        0.0000
  20.000   12.000        0.0000
  21.000   12.000        0.0000
  22.000   12.000        0.0000
  23.000   12.000        0.0000
  24.000   12.000        0.0000
   1.000   13.000        0.0000
   2.000   13.000        0.0000
   3.000   13.000        0.0000
   4.000   13.000        0.0000
   5.000   13.000        0.0000
   6.000   13.000        0.0000
   7.000   13.000        0.0000
   8.000   13.000        0.0000
   9.000   13.000        0.0000
  10.000   13.000        0.1250
  11.000   13.000        0.6584
  12.000   13.000        1.0000
  13.000   13.000        0.0000
  14.000   13.000        1.0000
  15.000   13.000        0.8625
  16.000   13.000        0.0314
  17.000   13.000        0.0000
  18.000   13.000        0.0000
  19.000   13.000        0.0000
  20.000   13.000        0.0000
  21.000   13.000        0.0000
  22.000   13.000        0.0000
  23.000   13.000        0.0202
  24.000   13.000        0.0000
   1.000   14.000        0.0000
   2.000   14.000        0.0000
   3.000   14.000        0.0000
   4.000   14.000        0.0000
   5.000   14.000        0.0000
   6.000   14.000        0.0000
   7.000   14.000        0.0000
   8.000   14.000        0.0000
   9.000   14.000        0.0000
  10.000   14.000        0.0000
  11.000   14.000        0.0000
  12.000   14.000        0.8008
  13.000   14.000        1.0000
  14.000   14.000        0.0000
  15.000   14.000        1.0000
  16.000   14.000        0.8094
  17.000   14.000        0.0000
  18.000   14.000        0.0000
  19.000   14.000        0.0000
  20.000   14.000        0.0097
  21.000   14.000        0.0138
  22.000   14.000        0.0128
  23.000   14.000        0.0169
  24.000   14.000        0.0000
   1.000   15.000        0.0000
   2.000   15.000        0.0000
   3.000   15.000        0.0000
   4.000   15.000        0.0000
   5.000   15.000        0.0000
   6.000   15.000        0.0000
   7.000   15.000        0.0000
   8.000   15.000        0.0000
   9.000   15.000        0.0000
  10.000   15.000        0.0000
  11.000   15.000        0.0000
  12.000   15.000        0.0593
  13.000   15.000        0.8625
  14.000   15.000        1.0000
  15.000   15.000        0.0000
  16.000   15.000        1.0000
  17.000   15.000        0.6316
  18.000   15.000        0.0180
  19.000   15.000        0.0118
  20.000   15.000        0.0105
  21.000   15.000        0.0130
  22.000   15.000        0.0000
  23.000   15.000        0.0000
  24.000   15.000        0.0000
   1.000   16.000        0.0000
   2.000   16.000        0.0000
   3.000   16.000        0.0000
   4.000   16.000        0.0000
   5.000   16.000        0.0000
   6.000   16.000        0.0000
   7.000   16.000        0.0000
   8.000   16.000        0.0000
   9.000   16.000        0.0000
  10.000   16.000        0.0000
  11.000   16.000        0.0000
  12.000   16.000        0.0208
  13.000   16.000        0.0314
  14.000   16.000        0.8094
  15.000   16.000        1.0000
  16.000   16.000        0.0000
  17.000   16.000        1.0000
  18.000   16.000        0.4578
  19.000   16.000        0.0000
  20.000   16.000        0.0000
  21.000   16.000        0.0000
  22.000   16.000        0.0000
  23.000   16.000        0.0000
  24.000   16.000        0.0000
   1.000   17.000        0.0000
   2.000   17.000        0.0000
   3.000   17.000        0.0000
   4.000   17.000        0.0000
   5.000   17.000        0.0000
   6.000   17.000        0.0000
   7.000   17.000        0.0000
   8.000   17.000        0.0000
   9.000   17.000        0.0000
  10.000   17.000        0.0000
  11.000   17.000        0.0000
  12.000   17.000        0.0000
  13.000   17.000        0.0000
  14.000   17.000        0.0000
  15.000   17.000        0.6316
  16.000   17.000        1.0000
  17.000   17.000        0.0000
  18.000   17.000        1.0000
  19.000   17.000        0.0000
  20.000   17.000        0.0000
  21.000   17.000        0.0000
  22.000   17.000        0.0000
  23.000   17.000        0.0000
  24.000   17.000        0.0000
   1.000   18.000        0.0000
   2.000   18.000        0.0000
   3.000   18.000        0.0000
   4.000   18.000        0.0000
   5.000   18.000        0.0000
   6.000   18.000        0.0000
   7.000   18.000        0.0000
   8.000   18.000        0.0000
   9.000   18.000        0.0000
  10.000   18.000        0.0000
  11.000   18.000        0.0000
  12.000   18.000        0.0000
  13.000   18.000        0.0000
  14.000   18.000        0.0000
  15.000   18.000        0.0180
  16.000   18.000        0.4578
  17.000   18.000        1.0000
  18.000   18.000        0.0000
  19.000   18.000        1.0000
  20.000   18.000        0.9649
  21.000   18.000        0.2983
  22.000   18.000        0.0000
  23.000   18.000        0.0000
  24.000   18.000        0.0000
   1.000   19.000        0.0000
   2.000   19.000        0.0000
   3.000   19.000        0.0000
   4.000   19.000        0.0000
   5.000   19.000        0.0000
   6.000   19.000        0.0000
   7.000   19.000        0.0000
   8.000   19.000        0.0000
   9.000   19.000        0.0000
  10.000   19.000        0.0000
  11.000   19.000        0.0000
  12.000   19.000        0.0000
  13.000   19.000        0.0000
  14.000   19.000        0.0000
  15.000   19.000        0.0118
  16.000   19.000        0.0000
  17.000   19.000        0.0000
  18.000   19.000        1.0000
  19.000   19.000        0.0000
  20.000   19.000        1.0000
  21.000   19.000        0.7071
  22.000   19.000        0.0000
  23.000   19.000        0.0000
  24.000   19.000        0.0000
   1.000   20.000        0.0000
   2.000   20.000        0.0000
   3.000   20.000        0.0000
   4.000   20.000        0.0000
   5.000   20.000        0.0000
   6.000   20.000        0.0000
   7.000   20.000        0.0000
   8.000   20.000        0.0000
   9.000   20.000        0.0000
  10.000   20.000        0.0000
  11.000   20.000        0.0000
  12.000   20.000        0.0000
  13.000   20.000        0.0000
  14.000   20.000        0.0097
  15.000   20.000        0.0105
  16.000   20.000        0.0000
  17.000   20.000        0.0000
  18.000   20.000        0.9649
  19.000   20.000        1.0000
  20.000   20.000        0.0000
  21.000   20.000        1.0000
  22.000   20.000        0.8146
  23.000   20.000        0.0000
  24.000   20.000        0.0000
   1.000   21.000        0.0000
   2.000   21.000        0.0000
   3.000   21.000        0.0000
   4.000   21.000        0.0000
   5.000   21.000        0.0000
   6.000   21.000        0.0000
   7.000   21.000        0.0000
   8.000   21.000        0.0000
   9.000   21.000        0.0000
  10.000   21.000        0.0000
  11.000   21.000        0.0000
  12.000   21.000        0.0000
  13.000   21.000        0.0000
  14.000   21.000        0.0138
  15.000   21.000        0.0130
  16.000   21.000        0.0000
  17.000   21.000        0.0000
  18.000   21.000        0.2983
  19.000   21.000        0.7071
  20.000   21.000        1.0000
  21.000   21.000        0.0000
  22.000   21.000        1.0000
  23.000   21.000        0.8844
  24.000   21.000        0.0000
   1.000   22.000        0.0000
   2.000   22.000        0.0000
   3.000   22.000        0.0000
   4.000   22.000        0.0000
   5.000   22.000        0.0000
   6.000   22.000        0.0000
   7.000   22.000        0.0000
   8.000   22.000        0.0000
   9.000   22.000        0.0000
  10.000   22.000        0.0000
  11.000   22.000        0.0000
  12.000   22.000        0.0000
  13.000   22.000        0.0000
  14.000   22.000        0.0128
  15.000   22.000        0.0000
  16.000   22.000        0.0000
  17.000   22.000        0.0000
  18.000   22.000        0.0000
  19.000   22.000        0.0000
  20.000   22.000        0.8146
  21.000   22.000        1.0000
  22.000   22.000        0.0000
  23.000   22.000        1.0000
  24.000   22.000        0.9557
   1.000   23.000        0.0000
   2.000   23.000        0.0000
   3.000   23.000        0.0000
   4.000   23.000        0.0000
   5.000   23.000        0.0000
   6.000   23.000        0.0000
   7.000   23.000        0.0000
   8.000   23.000        0.0000
   9.000   23.000        0.0000
  10.000   23.000        0.0000
  11.000   23.000        0.0000
  12.000   23.000        0.0000
  13.000   23.000        0.0202
  14.000   23.000        0.0169
  15.000   23.000        0.0000
  16.000   23.000        0.0000
  17.000   23.000        0.0000
  18.000   23.000        0.0000
  19.000   23.000        0.0000
  20.000   23.000        0.0000
  21.000   23.000        0.8844
  22.000   23.000        1.0000
  23.000   23.000        0.0000
  24.000   23.000        1.0000
   1.000   24.000        0.0000
   2.000   24.000        0.0000
   3.000   24.000        0.0000
   4.000   24.000        0.0000
   5.000   24.000        0.0000
   6.000   24.000        0.0000
   7.000   24.000        0.0000
   8.000   24.000        0.0000
   9.000   24.000        0.0000
  10.000   24.000        0.0000
  11.000   24.000        0.0000
  12.000   24.000        0.0000
  13.000   24.000        0.0000
  14.000   24.000        0.0000
  15.000   24.000        0.0000
  16.000   24.000        0.0000
  17.000   24.000        0.0000
  18.000   24.000        0.0000
  19.000   24.000        0.0000
  20.000   24.000        0.0000
  21.000   24.000        0.0000
  22.000   24.000        0.9557
  23.000   24.000        1.0000
  24.000   24.000        0.0000
