#Residue Residue Contacts_00005[nonnatmap]
   1.000    1.000        0.0000
   2.000    1.000        0.0000
   3.000    1.000        0.0000
   4.000    1.000        0.2464
   5.000    1.000        0.0000
   6.000    1.000        0.0004
   7.000    1.000        0.0001
   8.000    1.000        0.0008
   9.000    1.000        0.0001
  10.000    1.000        0.0000
  11.000    1.000        0.1134
  12.000    1.000        0.0777
  13.000    1.000        0.0000
  14.000    1.000        0.0053
  15.000    1.000        0.0052
  16.000    1.000        0.0000
  17.000    1.000        0.0000
  18.000    1.000        0.0042
  19.000    1.000        0.0030
  20.000    1.000        0.0077
  21.000    1.000        0.0068
  22.000    1.000        0.0336
  23.000    1.000        0.0712
  24.000    1.000        0.1428
   1.000    2.000        0.0000
   2.000    2.000        0.0000
   3.000    2.000        0.0000
   4.000    2.000        0.0000
   5.000    2.000        0.0000
   6.000    2.000        0.1025
   7.000    2.000        0.0173
   8.000    2.000        0.0014
   9.000    2.000        0.0133
  10.000    2.000        0.0000
  11.000    2.000        0.0030
  12.000    2.000        0.0152
  13.000    2.000        0.0000
  14.000    2.000        0.0000
  15.000    2.000        0.0000
  16.000    2.000        0.0000
  17.000    2.000        0.0002
  18.000    2.000        0.0044
  19.000    2.000        0.0026
  20.000    2.000        0.0079
  21.000    2.000        0.0119
  22.000    2.000        0.0319
  23.000    2.000        0.0594
  24.000    2.000        0.0635
   1.000    3.000        0.0000
   2.000    3.000        0.0000
   3.000    3.000        0.0000
   4.000    3.000        0.0000
   5.000    3.000        0.0000
   6.000    3.000        0.5004
   7.000    3.000        0.0603
   8.000    3.000        0.0180
   9.000    3.000        0.0232
  10.000    3.000        0.0000
  11.000    3.000        0.0000
  12.000    3.000        0.0006
  13.000    3.000        0.0000
  14.000    3.000        0.0000
  15.000    3.000        0.0000
  16.000    3.000        0.0000
  17.000    3.000        0.0002
  18.000    3.000        0.0060
  19.000    3.000        0.0079
  20.000    3.000        0.0179
  21.000    3.000        0.0242
  22.000    3.000        0.0600
  23.000    3.000        0.0707
  24.000    3.000        0.0189
   1.000    4.000        0.2464
   2.000    4.000        0.0000
   3.000    4.000        0.0000
   4.000    4.000        0.0000
   5.000    4.000        0.0000
   6.000    4.000        0.0000
   7.000    4.000        0.0000
   8.000    4.000        0.0000
   9.000    4.000        0.2296
  10.000    4.000        0.0004
  11.000    4.000        0.0666
  12.000    4.000        0.0023
  13.000    4.000        0.0000
  14.000    4.000        0.0000
  15.000    4.000        0.0000
  16.000    4.000        0.0059
  17.000    4.000        0.0239
  18.000    4.000        0.0264
  19.000    4.000        0.0314
  20.000    4.000        0.0346
  21.000    4.000        0.0418
  22.000    4.000        0.0100
  23.000    4.000        0.0068
  24.000    4.000        0.0037
   1.000    5.000        0.0000
   2.000    5.000        0.0000
   3.000    5.000        0.0000
   4.000    5.000        0.0000
   5.000    5.000        0.0000
   6.000    5.000        0.0000
   7.000    5.000        0.0000
   8.000    5.000        0.0000
   9.000    5.000        0.0000
  10.000    5.000        0.0526
  11.000    5.000        0.0865
  12.000    5.000        0.0594
  13.000    5.000        0.0002
  14.000    5.000        0.0000
  15.000    5.000        0.0000
  16.000    5.000        0.0252
  17.000    5.000        0.0354
  18.000    5.000        0.0353
  19.000    5.000        0.1185
  20.000    5.000        0.1174
  21.000    5.000        0.0930
  22.000    5.000        0.0904
  23.000    5.000        0.0382
  24.000    5.000        0.0123
   1.000    6.000        0.0004
   2.000    6.000        0.1025
   3.000    6.000        0.5004
   4.000    6.000        0.0000
   5.000    6.000        0.0000
   6.000    6.000        0.0000
   7.000    6.000        0.0000
   8.000    6.000        0.0000
   9.000    6.000        0.0000
  10.000    6.000        0.0000
  11.000    6.000        0.0001
  12.000    6.000        0.0006
  13.000    6.000        0.0000
  14.000    6.000        0.0004
  15.000    6.000        0.0012
  16.000    6.000        0.0127
  17.000    6.000        0.0156
  18.000    6.000        0.0059
  19.000    6.000        0.0289
  20.000    6.000        0.0328
  21.000    6.000        0.0235
  22.000    6.000        0.0295
  23.000    6.000        0.0754
  24.000    6.000        0.0778
   1.000    7.000        0.0001
   2.000    7.000        0.0173
   3.000    7.000        0.0603
   4.000    7.000        0.0000
   5.000    7.000        0.0000
   6.000    7.000        0.0000
   7.000    7.000        0.0000
   8.000    7.000        0.0000
   9.000    7.000        0.0000
  10.000    7.000        0.0000
  11.000    7.000        0.0000
  12.000    7.000        0.0049
  13.000    7.000        0.0000
  14.000    7.000        0.0003
  15.000    7.000        0.0009
  16.000    7.000        0.0075
  17.000    7.000        0.0094
  18.000    7.000        0.0114
  19.000    7.000        0.0504
  20.000    7.000        0.0239
  21.000    7.000        0.0003
  22.000    7.000        0.0000
  23.000    7.000        0.0051
  24.000    7.000        0.0603
   1.000    8.000        0.0008
   2.000    8.000        0.0014
   3.000    8.000        0.0180
   4.000    8.000        0.0000
   5.000    8.000        0.0000
   6.000    8.000        0.0000
   7.000    8.000        0.0000
   8.000    8.000        0.0000
   9.000    8.000        0.0000
  10.000    8.000        0.0000
  11.000    8.000        0.0000
  12.000    8.000        0.0000
  13.000    8.000        0.0117
  14.000    8.000        0.0000
  15.000    8.000        0.0000
  16.000    8.000        0.0000
  17.000    8.000        0.0086
  18.000    8.000        0.0075
  19.000    8.000        0.0036
  20.000    8.000        0.0000
  21.000    8.000        0.0040
  22.000    8.000        0.0000
  23.000    8.000        0.0085
  24.000    8.000        0.0223
   1.000    9.000        0.0001
   2.000    9.000        0.0133
   3.000    9.000        0.0232
   4.000    9.000        0.2296
   5.000    9.000        0.0000
   6.000    9.000        0.0000
   7.000    9.000        0.0000
   8.000    9.000        0.0000
   9.000    9.000        0.0000
  10.000    9.000        0.0000
  11.000    9.000        0.0000
  12.000    9.000        0.0000
  13.000    9.000        0.0000
  14.000    9.000        0.0234
  15.000    9.000        0.0018
  16.000    9.000        0.0538
  17.000    9.000        0.1414
  18.000    9.000        0.1104
  19.000    9.000        0.1225
  20.000    9.000        0.0911
  21.000    9.000        0.0655
  22.000    9.000        0.0698
  23.000    9.000        0.0424
  24.000    9.000        0.0409
   1.000   10.000        0.0000
   2.000   10.000        0.0000
   3.000   10.000        0.0000
   4.000   10.000        0.0004
   5.000   10.000        0.0526
   6.000   10.000        0.0000
   7.000   10.000        0.0000
   8.000   10.000        0.0000
   9.000   10.000        0.0000
  10.000   10.000        0.0000
  11.000   10.000        0.0000
  12.000   10.000        0.0000
  13.000   10.000        0.0000
  14.000   10.000        0.0000
  15.000   10.000        0.0601
  16.000   10.000        0.1055
  17.000   10.000        0.0654
  18.000   10.000        0.0418
  19.000   10.000        0.1046
  20.000   10.000        0.0555
  21.000   10.000        0.0158
  22.000   10.000        0.0006
  23.000   10.000        0.0022
  24.000   10.000        0.0012
   1.000   11.000        0.1134
   2.000   11.000        0.0030
   3.000   11.000        0.0000
   4.000   11.000        0.0666
   5.000   11.000        0.0865
   6.000   11.000        0.0001
   7.000   11.000        0.0000
   8.000   11.000        0.0000
   9.000   11.000        0.0000
  10.000   11.000        0.0000
  11.000   11.000        0.0000
  12.000   11.000        0.0000
  13.000   11.000        0.0000
  14.000   11.000        0.0000
  15.000   11.000        0.0000
  16.000   11.000        0.0521
  17.000   11.000        0.0072
  18.000   11.000        0.0005
  19.000   11.000        0.0199
  20.000   11.000        0.0002
  21.000   11.000        0.0000
  22.000   11.000        0.0000
  23.000   11.000        0.0000
  24.000   11.000        0.0000
   1.000   12.000        0.0777
   2.000   12.000        0.0152
   3.000   12.000        0.0006
   4.000   12.000        0.0023
   5.000   12.000        0.0594
   6.000   12.000        0.0006
   7.000   12.000        0.0049
   8.000   12.000        0.0000
   9.000   12.000        0.0000
  10.000   12.000        0.0000
  11.000   12.000        0.0000
  12.000   12.000        0.0000
  13.000   12.000        0.0000
  14.000   12.000        0.0000
  15.000   12.000        0.0000
  16.000   12.000        0.0000
  17.000   12.000        0.3178
  18.000   12.000        0.1424
  19.000   12.000        0.1080
  20.000   12.000        0.0369
  21.000   12.000        0.0006
  22.000   12.000        0.0004
  23.000   12.000        0.0074
  24.000   12.000        0.0026
   1.000   13.000        0.0000
   2.000   13.000        0.0000
   3.000   13.000        0.0000
   4.000   13.000        0.0000
   5.000   13.000        0.0002
   6.000   13.000        0.0000
   7.000   13.000        0.0000
   8.000   13.000        0.0117
   9.000   13.000        0.0000
  10.000   13.000        0.0000
  11.000   13.000        0.0000
  12.000   13.000        0.0000
  13.000   13.000        0.0000
  14.000   13.000        0.0000
  15.000   13.000        0.0000
  16.000   13.000        0.0000
  17.000   13.000        0.4452
  18.000   13.000        0.2379
  19.000   13.000        0.1614
  20.000   13.000        0.0119
  21.000   13.000        0.0020
  22.000   13.000        0.0042
  23.000   13.000        0.0000
  24.000   13.000        0.0014
   1.000   14.000        0.0053
   2.000   14.000        0.0000
   3.000   14.000        0.0000
   4.000   14.000        0.0000
   5.000   14.000        0.0000
   6.000   14.000        0.0004
   7.000   14.000        0.0003
   8.000   14.000        0.0000
   9.000   14.000        0.0234
  10.000   14.000        0.0000
  11.000   14.000        0.0000
  12.000   14.000        0.0000
  13.000   14.000        0.0000
  14.000   14.000        0.0000
  15.000   14.000        0.0000
  16.000   14.000        0.0000
  17.000   14.000        0.1498
  18.000   14.000        0.0123
  19.000   14.000        0.0021
  20.000   14.000        0.0000
  21.000   14.000        0.0021
  22.000   14.000        0.0077
  23.000   14.000        0.0089
  24.000   14.000        0.0005
   1.000   15.000        0.0052
   2.000   15.000        0.0000
   3.000   15.000        0.0000
   4.000   15.000        0.0000
   5.000   15.000        0.0000
   6.000   15.000        0.0012
   7.000   15.000        0.0009
   8.000   15.000        0.0000
   9.000   15.000        0.0018
  10.000   15.000        0.0601
  11.000   15.000        0.0000
  12.000   15.000        0.0000
  13.000   15.000        0.0000
  14.000   15.000        0.0000
  15.000   15.000        0.0000
  16.000   15.000        0.0000
  17.000   15.000        0.6952
  18.000   15.000        0.0104
  19.000   15.000        0.0000
  20.000   15.000        0.0000
  21.000   15.000        0.0095
  22.000   15.000        0.0098
  23.000   15.000        0.0178
  24.000   15.000        0.0038
   1.000   16.000        0.0000
   2.000   16.000        0.0000
   3.000   16.000        0.0000
   4.000   16.000        0.0059
   5.000   16.000        0.0252
   6.000   16.000        0.0127
   7.000   16.000        0.0075
   8.000   16.000        0.0000
   9.000   16.000        0.0538
  10.000   16.000        0.1055
  11.000   16.000        0.0521
  12.000   16.000        0.0000
  13.000   16.000        0.0000
  14.000   16.000        0.0000
  15.000   16.000        0.0000
  16.000   16.000        0.0000
  17.000   16.000        0.0000
  18.000   16.000        0.0000
  19.000   16.000        0.0000
  20.000   16.000        0.0000
  21.000   16.000        0.0000
  22.000   16.000        0.0000
  23.000   16.000        0.0000
  24.000   16.000        0.0000
   1.000   17.000        0.0000
   2.000   17.000        0.0002
   3.000   17.000        0.0002
   4.000   17.000        0.0239
   5.000   17.000        0.0354
   6.000   17.000        0.0156
   7.000   17.000        0.0094
   8.000   17.000        0.0086
   9.000   17.000        0.1414
  10.000   17.000        0.0654
  11.000   17.000        0.0072
  12.000   17.000        0.3178
  13.000   17.000        0.4452
  14.000   17.000        0.1498
  15.000   17.000        0.6952
  16.000   17.000        0.0000
  17.000   17.000        0.0000
  18.000   17.000        0.0000
  19.000   17.000        0.0000
  20.000   17.000        0.0002
  21.000   17.000        0.0901
  22.000   17.000        0.0000
  23.000   17.000        0.0000
  24.000   17.000        0.0000
   1.000   18.000        0.0042
   2.000   18.000        0.0044
   3.000   18.000        0.0060
   4.000   18.000        0.0264
   5.000   18.000        0.0353
   6.000   18.000        0.0059
   7.000   18.000        0.0114
   8.000   18.000        0.0075
   9.000   18.000        0.1104
  10.000   18.000        0.0418
  11.000   18.000        0.0005
  12.000   18.000        0.1424
  13.000   18.000        0.2379
  14.000   18.000        0.0123
  15.000   18.000        0.0104
  16.000   18.000        0.0000
  17.000   18.000        0.0000
  18.000   18.000        0.0000
  19.000   18.000        0.0000
  20.000   18.000        0.0000
  21.000   18.000        0.0000
  22.000   18.000        0.0000
  23.000   18.000        0.0000
  24.000   18.000        0.0069
   1.000   19.000        0.0030
   2.000   19.000        0.0026
   3.000   19.000        0.0079
   4.000   19.000        0.0314
   5.000   19.000        0.1185
   6.000   19.000        0.0289
   7.000   19.000        0.0504
   8.000   19.000        0.0036
   9.000   19.000        0.1225
  10.000   19.000        0.1046
  11.000   19.000        0.0199
  12.000   19.000        0.1080
  13.000   19.000        0.1614
  14.000   19.000        0.0021
  15.000   19.000        0.0000
  16.000   19.000        0.0000
  17.000   19.000        0.0000
  18.000   19.000        0.0000
  19.000   19.000        0.0000
  20.000   19.000        0.0000
  21.000   19.000        0.0000
  22.000   19.000        0.0183
  23.000   19.000        0.0115
  24.000   19.000        0.0014
   1.000   20.000        0.0077
   2.000   20.000        0.0079
   3.000   20.000        0.0179
   4.000   20.000        0.0346
   5.000   20.000        0.1174
   6.000   20.000        0.0328
   7.000   20.000        0.0239
   8.000   20.000        0.0000
   9.000   20.000        0.0911
  10.000   20.000        0.0555
  11.000   20.000        0.0002
  12.000   20.000        0.0369
  13.000   20.000        0.0119
  14.000   20.000        0.0000
  15.000   20.000        0.0000
  16.000   20.000        0.0000
  17.000   20.000        0.0002
  18.000   20.000        0.0000
  19.000   20.000        0.0000
  20.000   20.000        0.0000
  21.000   20.000        0.0000
  22.000   20.000        0.0000
  23.000   20.000        0.0521
  24.000   20.000        0.0015
   1.000   21.000        0.0068
   2.000   21.000        0.0119
   3.000   21.000        0.0242
   4.000   21.000        0.0418
   5.000   21.000        0.0930
   6.000   21.000        0.0235
   7.000   21.000        0.0003
   8.000   21.000        0.0040
   9.000   21.000        0.0655
  10.000   21.000        0.0158
  11.000   21.000        0.0000
  12.000   21.000        0.0006
  13.000   21.000        0.0020
  14.000   21.000        0.0021
  15.000   21.000        0.0095
  16.000   21.000        0.0000
  17.000   21.000        0.0901
  18.000   21.000        0.0000
  19.000   21.000        0.0000
  20.000   21.000        0.0000
  21.000   21.000        0.0000
  22.000   21.000        0.0000
  23.000   21.000        0.6970
  24.000   21.000        0.0000
   1.000   22.000        0.0336
   2.000   22.000        0.0319
   3.000   22.000        0.0600
   4.000   22.000        0.0100
   5.000   22.000        0.0904
   6.000   22.000        0.0295
   7.000   22.000        0.0000
   8.000   22.000        0.0000
   9.000   22.000        0.0698
  10.000   22.000        0.0006
  11.000   22.000        0.0000
  12.000   22.000        0.0004
  13.000   22.000        0.0042
  14.000   22.000        0.0077
  15.000   22.000        0.0098
  16.000   22.000        0.0000
  17.000   22.000        0.0000
  18.000   22.000        0.0000
  19.000   22.000        0.0183
  20.000   22.000        0.0000
  21.000   22.000        0.0000
  22.000   22.000        0.0000
  23.000   22.000        0.0000
  24.000   22.000        0.0000
   1.000   23.000        0.0712
   2.000   23.000        0.0594
   3.000   23.000        0.0707
   4.000   23.000        0.0068
   5.000   23.000        0.0382
   6.000   23.000        0.0754
   7.000   23.000        0.0051
   8.000   23.000        0.0085
   9.000   23.000        0.0424
  10.000   23.000        0.0022
  11.000   23.000        0.0000
  12.000   23.000        0.0074
  13.000   23.000        0.0000
  14.000   23.000        0.0089
  15.000   23.000        0.0178
  16.000   23.000        0.0000
  17.000   23.000        0.0000
  18.000   23.000        0.0000
  19.000   23.000        0.0115
  20.000   23.000        0.0521
  21.000   23.000        0.6970
  22.000   23.000        0.0000
  23.000   23.000        0.0000
  24.000   23.000        0.0000
   1.000   24.000        0.1428
   2.000   24.000        0.0635
   3.000   24.000        0.0189
   4.000   24.000        0.0037
   5.000   24.000        0.0123
   6.000   24.000        0.0778
   7.000   24.000        0.0603
   8.000   24.000        0.0223
   9.000   24.000        0.0409
  10.000   24.000        0.0012
  11.000   24.000        0.0000
  12.000   24.000        0.0026
  13.000   24.000        0.0014
  14.000   24.000        0.0005
  15.000   24.000        0.0038
  16.000   24.000        0.0000
  17.000   24.000        0.0000
  18.000   24.000        0.0069
  19.000   24.000        0.0014
  20.000   24.000        0.0015
  21.000   24.000        0.0000
  22.000   24.000        0.0000
  23.000   24.000        0.0000
  24.000   24.000        0.0000
