#Residue Residue Contacts_00004[nonnatmap]
   1.000    1.000       0.0000
   2.000    1.000       0.0000
   3.000    1.000       0.0000
   4.000    1.000       0.0000
   5.000    1.000       0.0890
   6.000    1.000       0.0016
   7.000    1.000       0.0004
   8.000    1.000       0.0004
   9.000    1.000       0.0000
  10.000    1.000       0.0000
  11.000    1.000       0.0000
  12.000    1.000       0.0000
  13.000    1.000       0.0000
  14.000    1.000       0.0000
  15.000    1.000       0.0242
  16.000    1.000       0.0000
  17.000    1.000       0.0000
  18.000    1.000       0.0008
  19.000    1.000       0.0053
  20.000    1.000       0.0452
  21.000    1.000       0.0564
  22.000    1.000       0.0241
  23.000    1.000       0.1308
  24.000    1.000       0.2083
   1.000    2.000       0.0000
   2.000    2.000       0.0000
   3.000    2.000       0.0000
   4.000    2.000       0.0000
   5.000    2.000       0.2505
   6.000    2.000       0.0258
   7.000    2.000       0.0109
   8.000    2.000       0.0380
   9.000    2.000       0.0006
  10.000    2.000       0.0000
  11.000    2.000       0.0000
  12.000    2.000       0.0000
  13.000    2.000       0.0000
  14.000    2.000       0.0000
  15.000    2.000       0.0000
  16.000    2.000       0.0000
  17.000    2.000       0.0000
  18.000    2.000       0.0008
  19.000    2.000       0.0009
  20.000    2.000       0.0390
  21.000    2.000       0.0580
  22.000    2.000       0.0079
  23.000    2.000       0.0366
  24.000    2.000       0.0804
   1.000    3.000       0.0000
   2.000    3.000       0.0000
   3.000    3.000       0.0000
   4.000    3.000       0.0000
   5.000    3.000       0.0000
   6.000    3.000       0.0000
   7.000    3.000       0.2562
   8.000    3.000       0.0832
   9.000    3.000       0.0000
  10.000    3.000       0.0000
  11.000    3.000       0.0000
  12.000    3.000       0.0001
  13.000    3.000       0.0000
  14.000    3.000       0.0000
  15.000    3.000       0.0000
  16.000    3.000       0.0000
  17.000    3.000       0.0000
  18.000    3.000       0.0009
  19.000    3.000       0.0014
  20.000    3.000       0.0000
  21.000    3.000       0.0182
  22.000    3.000       0.0192
  23.000    3.000       0.0798
  24.000    3.000       0.0552
   1.000    4.000       0.0000
   2.000    4.000       0.0000
   3.000    4.000       0.0000
   4.000    4.000       0.0000
   5.000    4.000       0.0000
   6.000    4.000       0.0000
   7.000    4.000       0.0000
   8.000    4.000       0.0000
   9.000    4.000       0.1482
  10.000    4.000       0.0000
  11.000    4.000       0.0000
  12.000    4.000       0.0111
  13.000    4.000       0.0000
  14.000    4.000       0.0000
  15.000    4.000       0.0002
  16.000    4.000       0.0002
  17.000    4.000       0.0095
  18.000    4.000       0.0164
  19.000    4.000       0.0019
  20.000    4.000       0.0000
  21.000    4.000       0.0408
  22.000    4.000       0.0315
  23.000    4.000       0.0666
  24.000    4.000       0.0170
   1.000    5.000       0.0890
   2.000    5.000       0.2505
   3.000    5.000       0.0000
   4.000    5.000       0.0000
   5.000    5.000       0.0000
   6.000    5.000       0.0000
   7.000    5.000       0.0000
   8.000    5.000       0.0000
   9.000    5.000       0.0000
  10.000    5.000       0.0089
  11.000    5.000       0.0000
  12.000    5.000       0.0000
  13.000    5.000       0.0000
  14.000    5.000       0.0000
  15.000    5.000       0.0000
  16.000    5.000       0.0001
  17.000    5.000       0.0055
  18.000    5.000       0.0024
  19.000    5.000       0.0248
  20.000    5.000       0.0674
  21.000    5.000       0.1275
  22.000    5.000       0.1140
  23.000    5.000       0.1818
  24.000    5.000       0.0166
   1.000    6.000       0.0016
   2.000    6.000       0.0258
   3.000    6.000       0.0000
   4.000    6.000       0.0000
   5.000    6.000       0.0000
   6.000    6.000       0.0000
   7.000    6.000       0.0000
   8.000    6.000       0.0000
   9.000    6.000       0.0000
  10.000    6.000       0.0000
  11.000    6.000       0.0012
  12.000    6.000       0.0000
  13.000    6.000       0.0000
  14.000    6.000       0.0000
  15.000    6.000       0.0000
  16.000    6.000       0.0000
  17.000    6.000       0.0000
  18.000    6.000       0.0003
  19.000    6.000       0.0000
  20.000    6.000       0.0580
  21.000    6.000       0.0649
  22.000    6.000       0.0444
  23.000    6.000       0.0682
  24.000    6.000       0.0170
   1.000    7.000       0.0004
   2.000    7.000       0.0109
   3.000    7.000       0.2562
   4.000    7.000       0.0000
   5.000    7.000       0.0000
   6.000    7.000       0.0000
   7.000    7.000       0.0000
   8.000    7.000       0.0000
   9.000    7.000       0.0000
  10.000    7.000       0.0000
  11.000    7.000       0.0000
  12.000    7.000       0.1716
  13.000    7.000       0.0000
  14.000    7.000       0.0000
  15.000    7.000       0.0000
  16.000    7.000       0.0000
  17.000    7.000       0.0000
  18.000    7.000       0.0000
  19.000    7.000       0.0000
  20.000    7.000       0.0266
  21.000    7.000       0.0078
  22.000    7.000       0.0081
  23.000    7.000       0.0105
  24.000    7.000       0.0003
   1.000    8.000       0.0004
   2.000    8.000       0.0380
   3.000    8.000       0.0832
   4.000    8.000       0.0000
   5.000    8.000       0.0000
   6.000    8.000       0.0000
   7.000    8.000       0.0000
   8.000    8.000       0.0000
   9.000    8.000       0.0000
  10.000    8.000       0.0000
  11.000    8.000       0.0000
  12.000    8.000       0.0000
  13.000    8.000       0.0082
  14.000    8.000       0.0000
  15.000    8.000       0.0000
  16.000    8.000       0.0039
  17.000    8.000       0.0328
  18.000    8.000       0.0295
  19.000    8.000       0.1454
  20.000    8.000       0.0965
  21.000    8.000       0.0654
  22.000    8.000       0.0137
  23.000    8.000       0.0583
  24.000    8.000       0.0029
   1.000    9.000       0.0000
   2.000    9.000       0.0006
   3.000    9.000       0.0000
   4.000    9.000       0.1482
   5.000    9.000       0.0000
   6.000    9.000       0.0000
   7.000    9.000       0.0000
   8.000    9.000       0.0000
   9.000    9.000       0.0000
  10.000    9.000       0.0000
  11.000    9.000       0.0000
  12.000    9.000       0.0000
  13.000    9.000       0.0000
  14.000    9.000       0.0000
  15.000    9.000       0.0000
  16.000    9.000       0.0258
  17.000    9.000       0.1099
  18.000    9.000       0.1674
  19.000    9.000       0.3372
  20.000    9.000       0.2073
  21.000    9.000       0.2377
  22.000    9.000       0.2234
  23.000    9.000       0.0936
  24.000    9.000       0.0024
   1.000   10.000       0.0000
   2.000   10.000       0.0000
   3.000   10.000       0.0000
   4.000   10.000       0.0000
   5.000   10.000       0.0089
   6.000   10.000       0.0000
   7.000   10.000       0.0000
   8.000   10.000       0.0000
   9.000   10.000       0.0000
  10.000   10.000       0.0000
  11.000   10.000       0.0000
  12.000   10.000       0.0000
  13.000   10.000       0.0000
  14.000   10.000       0.0000
  15.000   10.000       0.0000
  16.000   10.000       0.0004
  17.000   10.000       0.0077
  18.000   10.000       0.0163
  19.000   10.000       0.1115
  20.000   10.000       0.0563
  21.000   10.000       0.0054
  22.000   10.000       0.0013
  23.000   10.000       0.0091
  24.000   10.000       0.0021
   1.000   11.000       0.0000
   2.000   11.000       0.0000
   3.000   11.000       0.0000
   4.000   11.000       0.0000
   5.000   11.000       0.0000
   6.000   11.000       0.0012
   7.000   11.000       0.0000
   8.000   11.000       0.0000
   9.000   11.000       0.0000
  10.000   11.000       0.0000
  11.000   11.000       0.0000
  12.000   11.000       0.0000
  13.000   11.000       0.0000
  14.000   11.000       0.0000
  15.000   11.000       0.3462
  16.000   11.000       0.1405
  17.000   11.000       0.0944
  18.000   11.000       0.0011
  19.000   11.000       0.0033
  20.000   11.000       0.0004
  21.000   11.000       0.0000
  22.000   11.000       0.0000
  23.000   11.000       0.0002
  24.000   11.000       0.0001
   1.000   12.000       0.0000
   2.000   12.000       0.0000
   3.000   12.000       0.0001
   4.000   12.000       0.0111
   5.000   12.000       0.0000
   6.000   12.000       0.0000
   7.000   12.000       0.1716
   8.000   12.000       0.0000
   9.000   12.000       0.0000
  10.000   12.000       0.0000
  11.000   12.000       0.0000
  12.000   12.000       0.0000
  13.000   12.000       0.0000
  14.000   12.000       0.0000
  15.000   12.000       0.9825
  16.000   12.000       0.0000
  17.000   12.000       0.7214
  18.000   12.000       0.4205
  19.000   12.000       0.2690
  20.000   12.000       0.0186
  21.000   12.000       0.0306
  22.000   12.000       0.0072
  23.000   12.000       0.0000
  24.000   12.000       0.0002
   1.000   13.000       0.0000
   2.000   13.000       0.0000
   3.000   13.000       0.0000
   4.000   13.000       0.0000
   5.000   13.000       0.0000
   6.000   13.000       0.0000
   7.000   13.000       0.0000
   8.000   13.000       0.0082
   9.000   13.000       0.0000
  10.000   13.000       0.0000
  11.000   13.000       0.0000
  12.000   13.000       0.0000
  13.000   13.000       0.0000
  14.000   13.000       0.0000
  15.000   13.000       0.0000
  16.000   13.000       0.0000
  17.000   13.000       0.6638
  18.000   13.000       0.3982
  19.000   13.000       0.1748
  20.000   13.000       0.0102
  21.000   13.000       0.0058
  22.000   13.000       0.0090
  23.000   13.000       0.0000
  24.000   13.000       0.0012
   1.000   14.000       0.0000
   2.000   14.000       0.0000
   3.000   14.000       0.0000
   4.000   14.000       0.0000
   5.000   14.000       0.0000
   6.000   14.000       0.0000
   7.000   14.000       0.0000
   8.000   14.000       0.0000
   9.000   14.000       0.0000
  10.000   14.000       0.0000
  11.000   14.000       0.0000
  12.000   14.000       0.0000
  13.000   14.000       0.0000
  14.000   14.000       0.0000
  15.000   14.000       0.0000
  16.000   14.000       0.0000
  17.000   14.000       0.2624
  18.000   14.000       0.0304
  19.000   14.000       0.0133
  20.000   14.000       0.0028
  21.000   14.000       0.0002
  22.000   14.000       0.0004
  23.000   14.000       0.0148
  24.000   14.000       0.0006
   1.000   15.000       0.0242
   2.000   15.000       0.0000
   3.000   15.000       0.0000
   4.000   15.000       0.0002
   5.000   15.000       0.0000
   6.000   15.000       0.0000
   7.000   15.000       0.0000
   8.000   15.000       0.0000
   9.000   15.000       0.0000
  10.000   15.000       0.0000
  11.000   15.000       0.3462
  12.000   15.000       0.9825
  13.000   15.000       0.0000
  14.000   15.000       0.0000
  15.000   15.000       0.0000
  16.000   15.000       0.0000
  17.000   15.000       0.0000
  18.000   15.000       0.0066
  19.000   15.000       0.0035
  20.000   15.000       0.0005
  21.000   15.000       0.0024
  22.000   15.000       0.0127
  23.000   15.000       0.0658
  24.000   15.000       0.0032
   1.000   16.000       0.0000
   2.000   16.000       0.0000
   3.000   16.000       0.0000
   4.000   16.000       0.0002
   5.000   16.000       0.0001
   6.000   16.000       0.0000
   7.000   16.000       0.0000
   8.000   16.000       0.0039
   9.000   16.000       0.0258
  10.000   16.000       0.0004
  11.000   16.000       0.1405
  12.000   16.000       0.0000
  13.000   16.000       0.0000
  14.000   16.000       0.0000
  15.000   16.000       0.0000
  16.000   16.000       0.0000
  17.000   16.000       0.0000
  18.000   16.000       0.0000
  19.000   16.000       0.0071
  20.000   16.000       0.0010
  21.000   16.000       0.0000
  22.000   16.000       0.0000
  23.000   16.000       0.0000
  24.000   16.000       0.0185
   1.000   17.000       0.0000
   2.000   17.000       0.0000
   3.000   17.000       0.0000
   4.000   17.000       0.0095
   5.000   17.000       0.0055
   6.000   17.000       0.0000
   7.000   17.000       0.0000
   8.000   17.000       0.0328
   9.000   17.000       0.1099
  10.000   17.000       0.0077
  11.000   17.000       0.0944
  12.000   17.000       0.7214
  13.000   17.000       0.6638
  14.000   17.000       0.2624
  15.000   17.000       0.0000
  16.000   17.000       0.0000
  17.000   17.000       0.0000
  18.000   17.000       0.0000
  19.000   17.000       0.0000
  20.000   17.000       0.0000
  21.000   17.000       0.0000
  22.000   17.000       0.0000
  23.000   17.000       0.0813
  24.000   17.000       0.0123
   1.000   18.000       0.0008
   2.000   18.000       0.0008
   3.000   18.000       0.0009
   4.000   18.000       0.0164
   5.000   18.000       0.0024
   6.000   18.000       0.0003
   7.000   18.000       0.0000
   8.000   18.000       0.0295
   9.000   18.000       0.1674
  10.000   18.000       0.0163
  11.000   18.000       0.0011
  12.000   18.000       0.4205
  13.000   18.000       0.3982
  14.000   18.000       0.0304
  15.000   18.000       0.0066
  16.000   18.000       0.0000
  17.000   18.000       0.0000
  18.000   18.000       0.0000
  19.000   18.000       0.0000
  20.000   18.000       0.0000
  21.000   18.000       0.0000
  22.000   18.000       0.0911
  23.000   18.000       0.0488
  24.000   18.000       0.0040
   1.000   19.000       0.0053
   2.000   19.000       0.0009
   3.000   19.000       0.0014
   4.000   19.000       0.0019
   5.000   19.000       0.0248
   6.000   19.000       0.0000
   7.000   19.000       0.0000
   8.000   19.000       0.1454
   9.000   19.000       0.3372
  10.000   19.000       0.1115
  11.000   19.000       0.0033
  12.000   19.000       0.2690
  13.000   19.000       0.1748
  14.000   19.000       0.0133
  15.000   19.000       0.0035
  16.000   19.000       0.0071
  17.000   19.000       0.0000
  18.000   19.000       0.0000
  19.000   19.000       0.0000
  20.000   19.000       0.0000
  21.000   19.000       0.0000
  22.000   19.000       0.0916
  23.000   19.000       0.0280
  24.000   19.000       0.0058
   1.000   20.000       0.0452
   2.000   20.000       0.0390
   3.000   20.000       0.0000
   4.000   20.000       0.0000
   5.000   20.000       0.0674
   6.000   20.000       0.0580
   7.000   20.000       0.0266
   8.000   20.000       0.0965
   9.000   20.000       0.2073
  10.000   20.000       0.0563
  11.000   20.000       0.0004
  12.000   20.000       0.0186
  13.000   20.000       0.0102
  14.000   20.000       0.0028
  15.000   20.000       0.0005
  16.000   20.000       0.0010
  17.000   20.000       0.0000
  18.000   20.000       0.0000
  19.000   20.000       0.0000
  20.000   20.000       0.0000
  21.000   20.000       0.0000
  22.000   20.000       0.0000
  23.000   20.000       0.0211
  24.000   20.000       0.0012
   1.000   21.000       0.0564
   2.000   21.000       0.0580
   3.000   21.000       0.0182
   4.000   21.000       0.0408
   5.000   21.000       0.1275
   6.000   21.000       0.0649
   7.000   21.000       0.0078
   8.000   21.000       0.0654
   9.000   21.000       0.2377
  10.000   21.000       0.0054
  11.000   21.000       0.0000
  12.000   21.000       0.0306
  13.000   21.000       0.0058
  14.000   21.000       0.0002
  15.000   21.000       0.0024
  16.000   21.000       0.0000
  17.000   21.000       0.0000
  18.000   21.000       0.0000
  19.000   21.000       0.0000
  20.000   21.000       0.0000
  21.000   21.000       0.0000
  22.000   21.000       0.0000
  23.000   21.000       0.0000
  24.000   21.000       0.0000
   1.000   22.000       0.0241
   2.000   22.000       0.0079
   3.000   22.000       0.0192
   4.000   22.000       0.0315
   5.000   22.000       0.1140
   6.000   22.000       0.0444
   7.000   22.000       0.0081
   8.000   22.000       0.0137
   9.000   22.000       0.2234
  10.000   22.000       0.0013
  11.000   22.000       0.0000
  12.000   22.000       0.0072
  13.000   22.000       0.0090
  14.000   22.000       0.0004
  15.000   22.000       0.0127
  16.000   22.000       0.0000
  17.000   22.000       0.0000
  18.000   22.000       0.0911
  19.000   22.000       0.0916
  20.000   22.000       0.0000
  21.000   22.000       0.0000
  22.000   22.000       0.0000
  23.000   22.000       0.0000
  24.000   22.000       0.0000
   1.000   23.000       0.1308
   2.000   23.000       0.0366
   3.000   23.000       0.0798
   4.000   23.000       0.0666
   5.000   23.000       0.1818
   6.000   23.000       0.0682
   7.000   23.000       0.0105
   8.000   23.000       0.0583
   9.000   23.000       0.0936
  10.000   23.000       0.0091
  11.000   23.000       0.0002
  12.000   23.000       0.0000
  13.000   23.000       0.0000
  14.000   23.000       0.0148
  15.000   23.000       0.0658
  16.000   23.000       0.0000
  17.000   23.000       0.0813
  18.000   23.000       0.0488
  19.000   23.000       0.0280
  20.000   23.000       0.0211
  21.000   23.000       0.0000
  22.000   23.000       0.0000
  23.000   23.000       0.0000
  24.000   23.000       0.0000
   1.000   24.000       0.2083
   2.000   24.000       0.0804
   3.000   24.000       0.0552
   4.000   24.000       0.0170
   5.000   24.000       0.0166
   6.000   24.000       0.0170
   7.000   24.000       0.0003
   8.000   24.000       0.0029
   9.000   24.000       0.0024
  10.000   24.000       0.0021
  11.000   24.000       0.0001
  12.000   24.000       0.0002
  13.000   24.000       0.0012
  14.000   24.000       0.0006
  15.000   24.000       0.0032
  16.000   24.000       0.0185
  17.000   24.000       0.0123
  18.000   24.000       0.0040
  19.000   24.000       0.0058
  20.000   24.000       0.0012
  21.000   24.000       0.0000
  22.000   24.000       0.0000
  23.000   24.000       0.0000
  24.000   24.000       0.0000
