#Residue Residue Contacts_00005[nonnatmap]
   1.000    1.000        0.0000
   2.000    1.000        0.0000
   3.000    1.000        0.0000
   4.000    1.000        0.0000
   5.000    1.000        0.0000
   6.000    1.000        0.0008
   7.000    1.000        0.0018
   8.000    1.000        0.0034
   9.000    1.000        0.0017
  10.000    1.000        0.0021
  11.000    1.000        0.0773
  12.000    1.000        0.0148
  13.000    1.000        0.0154
  14.000    1.000        0.0440
  15.000    1.000        0.0392
  16.000    1.000        0.0086
  17.000    1.000        0.0048
  18.000    1.000        0.0006
  19.000    1.000        0.0053
  20.000    1.000        0.0029
  21.000    1.000        0.0478
  22.000    1.000        0.0563
  23.000    1.000        0.0703
  24.000    1.000        0.0993
   1.000    2.000        0.0000
   2.000    2.000        0.0000
   3.000    2.000        0.0000
   4.000    2.000        0.0000
   5.000    2.000        0.0000
   6.000    2.000        0.0710
   7.000    2.000        0.0490
   8.000    2.000        0.0096
   9.000    2.000        0.0009
  10.000    2.000        0.0012
  11.000    2.000        0.0202
  12.000    2.000        0.0023
  13.000    2.000        0.0009
  14.000    2.000        0.0224
  15.000    2.000        0.0456
  16.000    2.000        0.0029
  17.000    2.000        0.0016
  18.000    2.000        0.0007
  19.000    2.000        0.0006
  20.000    2.000        0.0002
  21.000    2.000        0.0501
  22.000    2.000        0.0509
  23.000    2.000        0.0570
  24.000    2.000        0.0154
   1.000    3.000        0.0000
   2.000    3.000        0.0000
   3.000    3.000        0.0000
   4.000    3.000        0.0000
   5.000    3.000        0.0000
   6.000    3.000        0.0000
   7.000    3.000        0.0000
   8.000    3.000        0.0392
   9.000    3.000        0.0054
  10.000    3.000        0.0027
  11.000    3.000        0.0030
  12.000    3.000        0.0017
  13.000    3.000        0.0004
  14.000    3.000        0.0000
  15.000    3.000        0.0002
  16.000    3.000        0.0002
  17.000    3.000        0.0003
  18.000    3.000        0.0000
  19.000    3.000        0.0001
  20.000    3.000        0.0000
  21.000    3.000        0.0011
  22.000    3.000        0.0012
  23.000    3.000        0.0393
  24.000    3.000        0.0095
   1.000    4.000        0.0000
   2.000    4.000        0.0000
   3.000    4.000        0.0000
   4.000    4.000        0.0000
   5.000    4.000        0.0000
   6.000    4.000        0.0000
   7.000    4.000        0.0000
   8.000    4.000        0.0000
   9.000    4.000        0.0599
  10.000    4.000        0.0189
  11.000    4.000        0.0195
  12.000    4.000        0.0007
  13.000    4.000        0.0034
  14.000    4.000        0.0007
  15.000    4.000        0.0013
  16.000    4.000        0.0000
  17.000    4.000        0.0000
  18.000    4.000        0.0000
  19.000    4.000        0.0000
  20.000    4.000        0.0000
  21.000    4.000        0.0000
  22.000    4.000        0.0004
  23.000    4.000        0.0086
  24.000    4.000        0.0131
   1.000    5.000        0.0000
   2.000    5.000        0.0000
   3.000    5.000        0.0000
   4.000    5.000        0.0000
   5.000    5.000        0.0000
   6.000    5.000        0.0000
   7.000    5.000        0.0000
   8.000    5.000        0.0000
   9.000    5.000        0.3204
  10.000    5.000        0.0298
  11.000    5.000        0.0028
  12.000    5.000        0.0056
  13.000    5.000        0.0034
  14.000    5.000        0.0001
  15.000    5.000        0.0000
  16.000    5.000        0.0004
  17.000    5.000        0.0000
  18.000    5.000        0.0023
  19.000    5.000        0.0006
  20.000    5.000        0.0000
  21.000    5.000        0.0000
  22.000    5.000        0.0000
  23.000    5.000        0.0034
  24.000    5.000        0.0011
   1.000    6.000        0.0008
   2.000    6.000        0.0710
   3.000    6.000        0.0000
   4.000    6.000        0.0000
   5.000    6.000        0.0000
   6.000    6.000        0.0000
   7.000    6.000        0.0000
   8.000    6.000        0.0000
   9.000    6.000        0.0000
  10.000    6.000        0.0000
  11.000    6.000        0.1615
  12.000    6.000        0.0740
  13.000    6.000        0.0380
  14.000    6.000        0.0062
  15.000    6.000        0.0016
  16.000    6.000        0.0020
  17.000    6.000        0.0000
  18.000    6.000        0.0003
  19.000    6.000        0.0010
  20.000    6.000        0.0000
  21.000    6.000        0.0000
  22.000    6.000        0.0000
  23.000    6.000        0.0035
  24.000    6.000        0.0140
   1.000    7.000        0.0018
   2.000    7.000        0.0490
   3.000    7.000        0.0000
   4.000    7.000        0.0000
   5.000    7.000        0.0000
   6.000    7.000        0.0000
   7.000    7.000        0.0000
   8.000    7.000        0.0000
   9.000    7.000        0.0000
  10.000    7.000        0.0000
  11.000    7.000        0.0000
  12.000    7.000        0.2224
  13.000    7.000        0.0208
  14.000    7.000        0.0028
  15.000    7.000        0.0001
  16.000    7.000        0.0003
  17.000    7.000        0.0000
  18.000    7.000        0.0001
  19.000    7.000        0.0019
  20.000    7.000        0.0000
  21.000    7.000        0.0000
  22.000    7.000        0.0000
  23.000    7.000        0.0101
  24.000    7.000        0.0273
   1.000    8.000        0.0034
   2.000    8.000        0.0096
   3.000    8.000        0.0392
   4.000    8.000        0.0000
   5.000    8.000        0.0000
   6.000    8.000        0.0000
   7.000    8.000        0.0000
   8.000    8.000        0.0000
   9.000    8.000        0.0000
  10.000    8.000        0.0000
  11.000    8.000        0.0000
  12.000    8.000        0.0000
  13.000    8.000        0.0036
  14.000    8.000        0.0002
  15.000    8.000        0.0000
  16.000    8.000        0.0000
  17.000    8.000        0.0000
  18.000    8.000        0.0000
  19.000    8.000        0.0000
  20.000    8.000        0.0000
  21.000    8.000        0.0000
  22.000    8.000        0.0000
  23.000    8.000        0.0014
  24.000    8.000        0.0105
   1.000    9.000        0.0017
   2.000    9.000        0.0009
   3.000    9.000        0.0054
   4.000    9.000        0.0599
   5.000    9.000        0.3204
   6.000    9.000        0.0000
   7.000    9.000        0.0000
   8.000    9.000        0.0000
   9.000    9.000        0.0000
  10.000    9.000        0.0000
  11.000    9.000        0.0000
  12.000    9.000        0.0000
  13.000    9.000        0.0378
  14.000    9.000        0.0004
  15.000    9.000        0.0000
  16.000    9.000        0.0000
  17.000    9.000        0.0000
  18.000    9.000        0.0000
  19.000    9.000        0.0000
  20.000    9.000        0.0000
  21.000    9.000        0.0000
  22.000    9.000        0.0000
  23.000    9.000        0.0008
  24.000    9.000        0.0003
   1.000   10.000        0.0021
   2.000   10.000        0.0012
   3.000   10.000        0.0027
   4.000   10.000        0.0189
   5.000   10.000        0.0298
   6.000   10.000        0.0000
   7.000   10.000        0.0000
   8.000   10.000        0.0000
   9.000   10.000        0.0000
  10.000   10.000        0.0000
  11.000   10.000        0.0000
  12.000   10.000        0.0000
  13.000   10.000        0.0000
  14.000   10.000        0.0114
  15.000   10.000        0.0038
  16.000   10.000        0.0000
  17.000   10.000        0.0000
  18.000   10.000        0.0000
  19.000   10.000        0.0056
  20.000   10.000        0.0001
  21.000   10.000        0.0002
  22.000   10.000        0.0006
  23.000   10.000        0.0114
  24.000   10.000        0.0018
   1.000   11.000        0.0773
   2.000   11.000        0.0202
   3.000   11.000        0.0030
   4.000   11.000        0.0195
   5.000   11.000        0.0028
   6.000   11.000        0.1615
   7.000   11.000        0.0000
   8.000   11.000        0.0000
   9.000   11.000        0.0000
  10.000   11.000        0.0000
  11.000   11.000        0.0000
  12.000   11.000        0.0000
  13.000   11.000        0.0000
  14.000   11.000        0.0180
  15.000   11.000        0.0062
  16.000   11.000        0.0025
  17.000   11.000        0.0000
  18.000   11.000        0.0000
  19.000   11.000        0.0100
  20.000   11.000        0.0096
  21.000   11.000        0.0076
  22.000   11.000        0.0010
  23.000   11.000        0.0042
  24.000   11.000        0.0001
   1.000   12.000        0.0148
   2.000   12.000        0.0023
   3.000   12.000        0.0017
   4.000   12.000        0.0007
   5.000   12.000        0.0056
   6.000   12.000        0.0740
   7.000   12.000        0.2224
   8.000   12.000        0.0000
   9.000   12.000        0.0000
  10.000   12.000        0.0000
  11.000   12.000        0.0000
  12.000   12.000        0.0000
  13.000   12.000        0.0000
  14.000   12.000        0.0000
  15.000   12.000        0.0000
  16.000   12.000        0.0000
  17.000   12.000        0.0128
  18.000   12.000        0.0106
  19.000   12.000        0.0110
  20.000   12.000        0.0105
  21.000   12.000        0.0054
  22.000   12.000        0.0006
  23.000   12.000        0.0054
  24.000   12.000        0.0010
   1.000   13.000        0.0154
   2.000   13.000        0.0009
   3.000   13.000        0.0004
   4.000   13.000        0.0034
   5.000   13.000        0.0034
   6.000   13.000        0.0380
   7.000   13.000        0.0208
   8.000   13.000        0.0036
   9.000   13.000        0.0378
  10.000   13.000        0.0000
  11.000   13.000        0.0000
  12.000   13.000        0.0000
  13.000   13.000        0.0000
  14.000   13.000        0.0000
  15.000   13.000        0.0000
  16.000   13.000        0.0000
  17.000   13.000        0.0463
  18.000   13.000        0.0196
  19.000   13.000        0.0359
  20.000   13.000        0.0265
  21.000   13.000        0.0199
  22.000   13.000        0.0065
  23.000   13.000        0.0000
  24.000   13.000        0.0030
   1.000   14.000        0.0440
   2.000   14.000        0.0224
   3.000   14.000        0.0000
   4.000   14.000        0.0007
   5.000   14.000        0.0001
   6.000   14.000        0.0062
   7.000   14.000        0.0028
   8.000   14.000        0.0002
   9.000   14.000        0.0004
  10.000   14.000        0.0114
  11.000   14.000        0.0180
  12.000   14.000        0.0000
  13.000   14.000        0.0000
  14.000   14.000        0.0000
  15.000   14.000        0.0000
  16.000   14.000        0.0000
  17.000   14.000        0.1236
  18.000   14.000        0.0066
  19.000   14.000        0.0084
  20.000   14.000        0.0000
  21.000   14.000        0.0000
  22.000   14.000        0.0000
  23.000   14.000        0.0000
  24.000   14.000        0.0016
   1.000   15.000        0.0392
   2.000   15.000        0.0456
   3.000   15.000        0.0002
   4.000   15.000        0.0013
   5.000   15.000        0.0000
   6.000   15.000        0.0016
   7.000   15.000        0.0001
   8.000   15.000        0.0000
   9.000   15.000        0.0000
  10.000   15.000        0.0038
  11.000   15.000        0.0062
  12.000   15.000        0.0000
  13.000   15.000        0.0000
  14.000   15.000        0.0000
  15.000   15.000        0.0000
  16.000   15.000        0.0000
  17.000   15.000        0.0000
  18.000   15.000        0.0000
  19.000   15.000        0.0000
  20.000   15.000        0.0000
  21.000   15.000        0.0000
  22.000   15.000        0.0128
  23.000   15.000        0.0204
  24.000   15.000        0.0107
   1.000   16.000        0.0086
   2.000   16.000        0.0029
   3.000   16.000        0.0002
   4.000   16.000        0.0000
   5.000   16.000        0.0004
   6.000   16.000        0.0020
   7.000   16.000        0.0003
   8.000   16.000        0.0000
   9.000   16.000        0.0000
  10.000   16.000        0.0000
  11.000   16.000        0.0025
  12.000   16.000        0.0000
  13.000   16.000        0.0000
  14.000   16.000        0.0000
  15.000   16.000        0.0000
  16.000   16.000        0.0000
  17.000   16.000        0.0000
  18.000   16.000        0.0000
  19.000   16.000        0.0050
  20.000   16.000        0.0002
  21.000   16.000        0.0197
  22.000   16.000        0.0227
  23.000   16.000        0.0367
  24.000   16.000        0.0242
   1.000   17.000        0.0048
   2.000   17.000        0.0016
   3.000   17.000        0.0003
   4.000   17.000        0.0000
   5.000   17.000        0.0000
   6.000   17.000        0.0000
   7.000   17.000        0.0000
   8.000   17.000        0.0000
   9.000   17.000        0.0000
  10.000   17.000        0.0000
  11.000   17.000        0.0000
  12.000   17.000        0.0128
  13.000   17.000        0.0463
  14.000   17.000        0.1236
  15.000   17.000        0.0000
  16.000   17.000        0.0000
  17.000   17.000        0.0000
  18.000   17.000        0.0000
  19.000   17.000        0.9467
  20.000   17.000        0.0002
  21.000   17.000        0.0993
  22.000   17.000        0.0182
  23.000   17.000        0.0358
  24.000   17.000        0.0069
   1.000   18.000        0.0006
   2.000   18.000        0.0007
   3.000   18.000        0.0000
   4.000   18.000        0.0000
   5.000   18.000        0.0023
   6.000   18.000        0.0003
   7.000   18.000        0.0001
   8.000   18.000        0.0000
   9.000   18.000        0.0000
  10.000   18.000        0.0000
  11.000   18.000        0.0000
  12.000   18.000        0.0106
  13.000   18.000        0.0196
  14.000   18.000        0.0066
  15.000   18.000        0.0000
  16.000   18.000        0.0000
  17.000   18.000        0.0000
  18.000   18.000        0.0000
  19.000   18.000        0.0000
  20.000   18.000        0.0000
  21.000   18.000        0.0000
  22.000   18.000        0.0190
  23.000   18.000        0.0137
  24.000   18.000        0.0016
   1.000   19.000        0.0053
   2.000   19.000        0.0006
   3.000   19.000        0.0001
   4.000   19.000        0.0000
   5.000   19.000        0.0006
   6.000   19.000        0.0010
   7.000   19.000        0.0019
   8.000   19.000        0.0000
   9.000   19.000        0.0000
  10.000   19.000        0.0056
  11.000   19.000        0.0100
  12.000   19.000        0.0110
  13.000   19.000        0.0359
  14.000   19.000        0.0084
  15.000   19.000        0.0000
  16.000   19.000        0.0050
  17.000   19.000        0.9467
  18.000   19.000        0.0000
  19.000   19.000        0.0000
  20.000   19.000        0.0000
  21.000   19.000        0.0000
  22.000   19.000        0.0214
  23.000   19.000        0.0120
  24.000   19.000        0.0020
   1.000   20.000        0.0029
   2.000   20.000        0.0002
   3.000   20.000        0.0000
   4.000   20.000        0.0000
   5.000   20.000        0.0000
   6.000   20.000        0.0000
   7.000   20.000        0.0000
   8.000   20.000        0.0000
   9.000   20.000        0.0000
  10.000   20.000        0.0001
  11.000   20.000        0.0096
  12.000   20.000        0.0105
  13.000   20.000        0.0265
  14.000   20.000        0.0000
  15.000   20.000        0.0000
  16.000   20.000        0.0002
  17.000   20.000        0.0002
  18.000   20.000        0.0000
  19.000   20.000        0.0000
  20.000   20.000        0.0000
  21.000   20.000        0.0000
  22.000   20.000        0.0000
  23.000   20.000        0.0367
  24.000   20.000        0.0014
   1.000   21.000        0.0478
   2.000   21.000        0.0501
   3.000   21.000        0.0011
   4.000   21.000        0.0000
   5.000   21.000        0.0000
   6.000   21.000        0.0000
   7.000   21.000        0.0000
   8.000   21.000        0.0000
   9.000   21.000        0.0000
  10.000   21.000        0.0002
  11.000   21.000        0.0076
  12.000   21.000        0.0054
  13.000   21.000        0.0199
  14.000   21.000        0.0000
  15.000   21.000        0.0000
  16.000   21.000        0.0197
  17.000   21.000        0.0993
  18.000   21.000        0.0000
  19.000   21.000        0.0000
  20.000   21.000        0.0000
  21.000   21.000        0.0000
  22.000   21.000        0.0000
  23.000   21.000        0.0000
  24.000   21.000        0.0000
   1.000   22.000        0.0563
   2.000   22.000        0.0509
   3.000   22.000        0.0012
   4.000   22.000        0.0004
   5.000   22.000        0.0000
   6.000   22.000        0.0000
   7.000   22.000        0.0000
   8.000   22.000        0.0000
   9.000   22.000        0.0000
  10.000   22.000        0.0006
  11.000   22.000        0.0010
  12.000   22.000        0.0006
  13.000   22.000        0.0065
  14.000   22.000        0.0000
  15.000   22.000        0.0128
  16.000   22.000        0.0227
  17.000   22.000        0.0182
  18.000   22.000        0.0190
  19.000   22.000        0.0214
  20.000   22.000        0.0000
  21.000   22.000        0.0000
  22.000   22.000        0.0000
  23.000   22.000        0.0000
  24.000   22.000        0.0000
   1.000   23.000        0.0703
   2.000   23.000        0.0570
   3.000   23.000        0.0393
   4.000   23.000        0.0086
   5.000   23.000        0.0034
   6.000   23.000        0.0035
   7.000   23.000        0.0101
   8.000   23.000        0.0014
   9.000   23.000        0.0008
  10.000   23.000        0.0114
  11.000   23.000        0.0042
  12.000   23.000        0.0054
  13.000   23.000        0.0000
  14.000   23.000        0.0000
  15.000   23.000        0.0204
  16.000   23.000        0.0367
  17.000   23.000        0.0358
  18.000   23.000        0.0137
  19.000   23.000        0.0120
  20.000   23.000        0.0367
  21.000   23.000        0.0000
  22.000   23.000        0.0000
  23.000   23.000        0.0000
  24.000   23.000        0.0000
   1.000   24.000        0.0993
   2.000   24.000        0.0154
   3.000   24.000        0.0095
   4.000   24.000        0.0131
   5.000   24.000        0.0011
   6.000   24.000        0.0140
   7.000   24.000        0.0273
   8.000   24.000        0.0105
   9.000   24.000        0.0003
  10.000   24.000        0.0018
  11.000   24.000        0.0001
  12.000   24.000        0.0010
  13.000   24.000        0.0030
  14.000   24.000        0.0016
  15.000   24.000        0.0107
  16.000   24.000        0.0242
  17.000   24.000        0.0069
  18.000   24.000        0.0016
  19.000   24.000        0.0020
  20.000   24.000        0.0014
  21.000   24.000        0.0000
  22.000   24.000        0.0000
  23.000   24.000        0.0000
  24.000   24.000        0.0000
