#Residue Residue Contacts_00004[nonnatmap]
   1.000    1.000       0.0000
   2.000    1.000       0.0000
   3.000    1.000       0.0000
   4.000    1.000       0.0000
   5.000    1.000       0.0000
   6.000    1.000       0.0001
   7.000    1.000       0.0022
   8.000    1.000       0.0039
   9.000    1.000       0.0000
  10.000    1.000       0.0002
  11.000    1.000       0.0888
  12.000    1.000       0.0000
  13.000    1.000       0.0000
  14.000    1.000       0.0825
  15.000    1.000       0.0557
  16.000    1.000       0.0802
  17.000    1.000       0.0813
  18.000    1.000       0.0913
  19.000    1.000       0.0876
  20.000    1.000       0.0711
  21.000    1.000       0.0560
  22.000    1.000       0.1842
  23.000    1.000       0.1302
  24.000    1.000       0.2243
   1.000    2.000       0.0000
   2.000    2.000       0.0000
   3.000    2.000       0.0000
   4.000    2.000       0.0000
   5.000    2.000       0.0000
   6.000    2.000       0.0242
   7.000    2.000       0.0210
   8.000    2.000       0.0105
   9.000    2.000       0.0002
  10.000    2.000       0.0065
  11.000    2.000       0.0088
  12.000    2.000       0.0000
  13.000    2.000       0.0000
  14.000    2.000       0.0000
  15.000    2.000       0.0002
  16.000    2.000       0.0001
  17.000    2.000       0.0028
  18.000    2.000       0.0620
  19.000    2.000       0.0846
  20.000    2.000       0.0087
  21.000    2.000       0.0265
  22.000    2.000       0.0442
  23.000    2.000       0.0892
  24.000    2.000       0.1600
   1.000    3.000       0.0000
   2.000    3.000       0.0000
   3.000    3.000       0.0000
   4.000    3.000       0.0000
   5.000    3.000       0.0000
   6.000    3.000       0.0000
   7.000    3.000       0.0000
   8.000    3.000       0.0444
   9.000    3.000       0.0000
  10.000    3.000       0.0017
  11.000    3.000       0.0465
  12.000    3.000       0.0000
  13.000    3.000       0.0000
  14.000    3.000       0.0000
  15.000    3.000       0.0000
  16.000    3.000       0.0000
  17.000    3.000       0.0016
  18.000    3.000       0.0265
  19.000    3.000       0.0428
  20.000    3.000       0.0389
  21.000    3.000       0.0519
  22.000    3.000       0.0590
  23.000    3.000       0.0616
  24.000    3.000       0.0670
   1.000    4.000       0.0000
   2.000    4.000       0.0000
   3.000    4.000       0.0000
   4.000    4.000       0.0000
   5.000    4.000       0.0000
   6.000    4.000       0.0000
   7.000    4.000       0.0000
   8.000    4.000       0.0000
   9.000    4.000       0.0149
  10.000    4.000       0.0540
  11.000    4.000       0.1888
  12.000    4.000       0.0006
  13.000    4.000       0.0000
  14.000    4.000       0.0002
  15.000    4.000       0.0119
  16.000    4.000       0.0466
  17.000    4.000       0.0953
  18.000    4.000       0.1367
  19.000    4.000       0.1467
  20.000    4.000       0.1590
  21.000    4.000       0.0914
  22.000    4.000       0.0728
  23.000    4.000       0.0497
  24.000    4.000       0.0673
   1.000    5.000       0.0000
   2.000    5.000       0.0000
   3.000    5.000       0.0000
   4.000    5.000       0.0000
   5.000    5.000       0.0000
   6.000    5.000       0.0000
   7.000    5.000       0.0000
   8.000    5.000       0.0000
   9.000    5.000       0.0000
  10.000    5.000       0.0087
  11.000    5.000       0.0005
  12.000    5.000       0.0065
  13.000    5.000       0.0027
  14.000    5.000       0.0010
  15.000    5.000       0.0074
  16.000    5.000       0.0221
  17.000    5.000       0.0512
  18.000    5.000       0.0932
  19.000    5.000       0.0958
  20.000    5.000       0.0743
  21.000    5.000       0.0615
  22.000    5.000       0.0327
  23.000    5.000       0.0704
  24.000    5.000       0.0565
   1.000    6.000       0.0001
   2.000    6.000       0.0242
   3.000    6.000       0.0000
   4.000    6.000       0.0000
   5.000    6.000       0.0000
   6.000    6.000       0.0000
   7.000    6.000       0.0000
   8.000    6.000       0.0000
   9.000    6.000       0.0000
  10.000    6.000       0.0000
  11.000    6.000       0.1014
  12.000    6.000       0.1260
  13.000    6.000       0.0520
  14.000    6.000       0.0096
  15.000    6.000       0.0125
  16.000    6.000       0.0419
  17.000    6.000       0.0380
  18.000    6.000       0.0554
  19.000    6.000       0.0807
  20.000    6.000       0.0411
  21.000    6.000       0.0170
  22.000    6.000       0.0002
  23.000    6.000       0.0223
  24.000    6.000       0.0420
   1.000    7.000       0.0022
   2.000    7.000       0.0210
   3.000    7.000       0.0000
   4.000    7.000       0.0000
   5.000    7.000       0.0000
   6.000    7.000       0.0000
   7.000    7.000       0.0000
   8.000    7.000       0.0000
   9.000    7.000       0.0000
  10.000    7.000       0.0000
  11.000    7.000       0.0000
  12.000    7.000       0.1340
  13.000    7.000       0.0313
  14.000    7.000       0.0001
  15.000    7.000       0.0082
  16.000    7.000       0.0236
  17.000    7.000       0.0072
  18.000    7.000       0.0116
  19.000    7.000       0.0511
  20.000    7.000       0.0256
  21.000    7.000       0.0263
  22.000    7.000       0.0004
  23.000    7.000       0.0044
  24.000    7.000       0.0048
   1.000    8.000       0.0039
   2.000    8.000       0.0105
   3.000    8.000       0.0444
   4.000    8.000       0.0000
   5.000    8.000       0.0000
   6.000    8.000       0.0000
   7.000    8.000       0.0000
   8.000    8.000       0.0000
   9.000    8.000       0.0000
  10.000    8.000       0.0000
  11.000    8.000       0.0000
  12.000    8.000       0.0000
  13.000    8.000       0.0102
  14.000    8.000       0.0000
  15.000    8.000       0.0000
  16.000    8.000       0.0000
  17.000    8.000       0.0137
  18.000    8.000       0.0056
  19.000    8.000       0.0558
  20.000    8.000       0.1052
  21.000    8.000       0.0114
  22.000    8.000       0.0030
  23.000    8.000       0.0006
  24.000    8.000       0.0006
   1.000    9.000       0.0000
   2.000    9.000       0.0002
   3.000    9.000       0.0000
   4.000    9.000       0.0149
   5.000    9.000       0.0000
   6.000    9.000       0.0000
   7.000    9.000       0.0000
   8.000    9.000       0.0000
   9.000    9.000       0.0000
  10.000    9.000       0.0000
  11.000    9.000       0.0000
  12.000    9.000       0.0000
  13.000    9.000       0.1799
  14.000    9.000       0.0067
  15.000    9.000       0.0000
  16.000    9.000       0.0000
  17.000    9.000       0.0043
  18.000    9.000       0.0061
  19.000    9.000       0.0738
  20.000    9.000       0.0928
  21.000    9.000       0.0384
  22.000    9.000       0.0327
  23.000    9.000       0.0155
  24.000    9.000       0.0004
   1.000   10.000       0.0002
   2.000   10.000       0.0065
   3.000   10.000       0.0017
   4.000   10.000       0.0540
   5.000   10.000       0.0087
   6.000   10.000       0.0000
   7.000   10.000       0.0000
   8.000   10.000       0.0000
   9.000   10.000       0.0000
  10.000   10.000       0.0000
  11.000   10.000       0.0000
  12.000   10.000       0.0000
  13.000   10.000       0.0000
  14.000   10.000       0.2696
  15.000   10.000       0.0758
  16.000   10.000       0.0099
  17.000   10.000       0.0008
  18.000   10.000       0.0002
  19.000   10.000       0.0396
  20.000   10.000       0.0253
  21.000   10.000       0.0046
  22.000   10.000       0.0010
  23.000   10.000       0.0049
  24.000   10.000       0.0024
   1.000   11.000       0.0888
   2.000   11.000       0.0088
   3.000   11.000       0.0465
   4.000   11.000       0.1888
   5.000   11.000       0.0005
   6.000   11.000       0.1014
   7.000   11.000       0.0000
   8.000   11.000       0.0000
   9.000   11.000       0.0000
  10.000   11.000       0.0000
  11.000   11.000       0.0000
  12.000   11.000       0.0000
  13.000   11.000       0.0000
  14.000   11.000       0.0000
  15.000   11.000       0.0000
  16.000   11.000       0.0000
  17.000   11.000       0.1995
  18.000   11.000       0.0793
  19.000   11.000       0.0827
  20.000   11.000       0.0554
  21.000   11.000       0.0070
  22.000   11.000       0.0000
  23.000   11.000       0.0046
  24.000   11.000       0.0000
   1.000   12.000       0.0000
   2.000   12.000       0.0000
   3.000   12.000       0.0000
   4.000   12.000       0.0006
   5.000   12.000       0.0065
   6.000   12.000       0.1260
   7.000   12.000       0.1340
   8.000   12.000       0.0000
   9.000   12.000       0.0000
  10.000   12.000       0.0000
  11.000   12.000       0.0000
  12.000   12.000       0.0000
  13.000   12.000       0.0000
  14.000   12.000       0.0000
  15.000   12.000       0.0000
  16.000   12.000       0.0000
  17.000   12.000       0.3937
  18.000   12.000       0.2131
  19.000   12.000       0.1973
  20.000   12.000       0.0674
  21.000   12.000       0.0116
  22.000   12.000       0.0131
  23.000   12.000       0.0000
  24.000   12.000       0.0246
   1.000   13.000       0.0000
   2.000   13.000       0.0000
   3.000   13.000       0.0000
   4.000   13.000       0.0000
   5.000   13.000       0.0027
   6.000   13.000       0.0520
   7.000   13.000       0.0313
   8.000   13.000       0.0102
   9.000   13.000       0.1799
  10.000   13.000       0.0000
  11.000   13.000       0.0000
  12.000   13.000       0.0000
  13.000   13.000       0.0000
  14.000   13.000       0.0000
  15.000   13.000       0.0000
  16.000   13.000       0.0000
  17.000   13.000       0.1911
  18.000   13.000       0.1189
  19.000   13.000       0.1396
  20.000   13.000       0.0509
  21.000   13.000       0.0025
  22.000   13.000       0.0009
  23.000   13.000       0.0000
  24.000   13.000       0.0000
   1.000   14.000       0.0825
   2.000   14.000       0.0000
   3.000   14.000       0.0000
   4.000   14.000       0.0002
   5.000   14.000       0.0010
   6.000   14.000       0.0096
   7.000   14.000       0.0001
   8.000   14.000       0.0000
   9.000   14.000       0.0067
  10.000   14.000       0.2696
  11.000   14.000       0.0000
  12.000   14.000       0.0000
  13.000   14.000       0.0000
  14.000   14.000       0.0000
  15.000   14.000       0.0000
  16.000   14.000       0.0000
  17.000   14.000       0.1467
  18.000   14.000       0.0122
  19.000   14.000       0.0294
  20.000   14.000       0.0000
  21.000   14.000       0.0026
  22.000   14.000       0.0029
  23.000   14.000       0.0000
  24.000   14.000       0.0200
   1.000   15.000       0.0557
   2.000   15.000       0.0002
   3.000   15.000       0.0000
   4.000   15.000       0.0119
   5.000   15.000       0.0074
   6.000   15.000       0.0125
   7.000   15.000       0.0082
   8.000   15.000       0.0000
   9.000   15.000       0.0000
  10.000   15.000       0.0758
  11.000   15.000       0.0000
  12.000   15.000       0.0000
  13.000   15.000       0.0000
  14.000   15.000       0.0000
  15.000   15.000       0.0000
  16.000   15.000       0.0000
  17.000   15.000       0.0000
  18.000   15.000       0.0000
  19.000   15.000       0.0000
  20.000   15.000       0.0000
  21.000   15.000       0.0000
  22.000   15.000       0.0000
  23.000   15.000       0.0000
  24.000   15.000       0.0044
   1.000   16.000       0.0802
   2.000   16.000       0.0001
   3.000   16.000       0.0000
   4.000   16.000       0.0466
   5.000   16.000       0.0221
   6.000   16.000       0.0419
   7.000   16.000       0.0236
   8.000   16.000       0.0000
   9.000   16.000       0.0000
  10.000   16.000       0.0099
  11.000   16.000       0.0000
  12.000   16.000       0.0000
  13.000   16.000       0.0000
  14.000   16.000       0.0000
  15.000   16.000       0.0000
  16.000   16.000       0.0000
  17.000   16.000       0.0000
  18.000   16.000       0.0000
  19.000   16.000       0.0137
  20.000   16.000       0.0161
  21.000   16.000       0.0000
  22.000   16.000       0.0000
  23.000   16.000       0.0000
  24.000   16.000       0.0147
   1.000   17.000       0.0813
   2.000   17.000       0.0028
   3.000   17.000       0.0016
   4.000   17.000       0.0953
   5.000   17.000       0.0512
   6.000   17.000       0.0380
   7.000   17.000       0.0072
   8.000   17.000       0.0137
   9.000   17.000       0.0043
  10.000   17.000       0.0008
  11.000   17.000       0.1995
  12.000   17.000       0.3937
  13.000   17.000       0.1911
  14.000   17.000       0.1467
  15.000   17.000       0.0000
  16.000   17.000       0.0000
  17.000   17.000       0.0000
  18.000   17.000       0.0000
  19.000   17.000       0.0000
  20.000   17.000       0.0004
  21.000   17.000       0.0000
  22.000   17.000       0.0000
  23.000   17.000       0.1538
  24.000   17.000       0.0200
   1.000   18.000       0.0913
   2.000   18.000       0.0620
   3.000   18.000       0.0265
   4.000   18.000       0.1367
   5.000   18.000       0.0932
   6.000   18.000       0.0554
   7.000   18.000       0.0116
   8.000   18.000       0.0056
   9.000   18.000       0.0061
  10.000   18.000       0.0002
  11.000   18.000       0.0793
  12.000   18.000       0.2131
  13.000   18.000       0.1189
  14.000   18.000       0.0122
  15.000   18.000       0.0000
  16.000   18.000       0.0000
  17.000   18.000       0.0000
  18.000   18.000       0.0000
  19.000   18.000       0.0000
  20.000   18.000       0.0000
  21.000   18.000       0.0000
  22.000   18.000       0.1202
  23.000   18.000       0.0810
  24.000   18.000       0.0048
   1.000   19.000       0.0876
   2.000   19.000       0.0846
   3.000   19.000       0.0428
   4.000   19.000       0.1467
   5.000   19.000       0.0958
   6.000   19.000       0.0807
   7.000   19.000       0.0511
   8.000   19.000       0.0558
   9.000   19.000       0.0738
  10.000   19.000       0.0396
  11.000   19.000       0.0827
  12.000   19.000       0.1973
  13.000   19.000       0.1396
  14.000   19.000       0.0294
  15.000   19.000       0.0000
  16.000   19.000       0.0137
  17.000   19.000       0.0000
  18.000   19.000       0.0000
  19.000   19.000       0.0000
  20.000   19.000       0.0000
  21.000   19.000       0.0000
  22.000   19.000       0.0586
  23.000   19.000       0.0080
  24.000   19.000       0.0003
   1.000   20.000       0.0711
   2.000   20.000       0.0087
   3.000   20.000       0.0389
   4.000   20.000       0.1590
   5.000   20.000       0.0743
   6.000   20.000       0.0411
   7.000   20.000       0.0256
   8.000   20.000       0.1052
   9.000   20.000       0.0928
  10.000   20.000       0.0253
  11.000   20.000       0.0554
  12.000   20.000       0.0674
  13.000   20.000       0.0509
  14.000   20.000       0.0000
  15.000   20.000       0.0000
  16.000   20.000       0.0161
  17.000   20.000       0.0004
  18.000   20.000       0.0000
  19.000   20.000       0.0000
  20.000   20.000       0.0000
  21.000   20.000       0.0000
  22.000   20.000       0.0000
  23.000   20.000       0.0668
  24.000   20.000       0.0006
   1.000   21.000       0.0560
   2.000   21.000       0.0265
   3.000   21.000       0.0519
   4.000   21.000       0.0914
   5.000   21.000       0.0615
   6.000   21.000       0.0170
   7.000   21.000       0.0263
   8.000   21.000       0.0114
   9.000   21.000       0.0384
  10.000   21.000       0.0046
  11.000   21.000       0.0070
  12.000   21.000       0.0116
  13.000   21.000       0.0025
  14.000   21.000       0.0026
  15.000   21.000       0.0000
  16.000   21.000       0.0000
  17.000   21.000       0.0000
  18.000   21.000       0.0000
  19.000   21.000       0.0000
  20.000   21.000       0.0000
  21.000   21.000       0.0000
  22.000   21.000       0.0000
  23.000   21.000       0.0000
  24.000   21.000       0.0000
   1.000   22.000       0.1842
   2.000   22.000       0.0442
   3.000   22.000       0.0590
   4.000   22.000       0.0728
   5.000   22.000       0.0327
   6.000   22.000       0.0002
   7.000   22.000       0.0004
   8.000   22.000       0.0030
   9.000   22.000       0.0327
  10.000   22.000       0.0010
  11.000   22.000       0.0000
  12.000   22.000       0.0131
  13.000   22.000       0.0009
  14.000   22.000       0.0029
  15.000   22.000       0.0000
  16.000   22.000       0.0000
  17.000   22.000       0.0000
  18.000   22.000       0.1202
  19.000   22.000       0.0586
  20.000   22.000       0.0000
  21.000   22.000       0.0000
  22.000   22.000       0.0000
  23.000   22.000       0.0000
  24.000   22.000       0.0000
   1.000   23.000       0.1302
   2.000   23.000       0.0892
   3.000   23.000       0.0616
   4.000   23.000       0.0497
   5.000   23.000       0.0704
   6.000   23.000       0.0223
   7.000   23.000       0.0044
   8.000   23.000       0.0006
   9.000   23.000       0.0155
  10.000   23.000       0.0049
  11.000   23.000       0.0046
  12.000   23.000       0.0000
  13.000   23.000       0.0000
  14.000   23.000       0.0000
  15.000   23.000       0.0000
  16.000   23.000       0.0000
  17.000   23.000       0.1538
  18.000   23.000       0.0810
  19.000   23.000       0.0080
  20.000   23.000       0.0668
  21.000   23.000       0.0000
  22.000   23.000       0.0000
  23.000   23.000       0.0000
  24.000   23.000       0.0000
   1.000   24.000       0.2243
   2.000   24.000       0.1600
   3.000   24.000       0.0670
   4.000   24.000       0.0673
   5.000   24.000       0.0565
   6.000   24.000       0.0420
   7.000   24.000       0.0048
   8.000   24.000       0.0006
   9.000   24.000       0.0004
  10.000   24.000       0.0024
  11.000   24.000       0.0000
  12.000   24.000       0.0246
  13.000   24.000       0.0000
  14.000   24.000       0.0200
  15.000   24.000       0.0044
  16.000   24.000       0.0147
  17.000   24.000       0.0200
  18.000   24.000       0.0048
  19.000   24.000       0.0003
  20.000   24.000       0.0006
  21.000   24.000       0.0000
  22.000   24.000       0.0000
  23.000   24.000       0.0000
  24.000   24.000       0.0000
