-149.3681332405518 162.40705934964666
-46.72859003374455 -36.617521042135905
-56.85814639262473 -47.84221850101705
-67.67519078840836 155.04031774582936
-140.98119619844226 158.90636942472827
-56.54603890389139 -64.3312291192165
-74.27749372989724 -3.362514642307287
-84.34335170194586 53.30129761857818
61.06957708130264 -116.884548056796
61.88976145129838 -117.02439628263117
53.16059169175263 -114.1157291186912
59.69146849743207 -112.03479228716647
-102.46115657022152 -14.829779472115368
-110.69096231878422 -12.443157233730265
-93.33680250887541 137.22580759605952
-61.354919456562186 -40.47743743917473
-59.80664428684738 156.7456489116087
-77.72116147819102 -27.48882651690224
-73.78181949688758 -15.721598231476984
-48.70496997058201 159.9360365436838
-41.45722232189347 -15.776595069557796
-49.10913975410545 -57.330747669631805
-116.38688679603129 -26.364266606744355
-125.5038319266603 2.480548795005479
-121.39323582182729 -12.95778723273379
-167.70439550633003 -91.87662220640142
-65.75729628138605 -32.64270752554933
-58.65931030632843 163.53037865224954
-105.92519117287756 143.02844361679502
-73.71845611211022 -29.30505603577848
-66.50462969657475 4.930617606164634
-60.23619398048258 -39.45420719827736
-57.6096860758272 -38.46339761628961
-108.68540010224989 179.1229480256755
-57.548947062670095 143.4322109268499
-77.5790995049551 160.06824228313266
-73.35569752139396 141.99494829724557
57.94232499000606 -110.90227303383276
-78.08950826337991 25.96028346537755
-35.17467532270287 -21.797828661442374
-99.26832702255338 166.26282394558248
43.96941280259754 -116.20395872869427
52.03206357781431 -121.10950442001219
-49.179900739694496 -44.520386189483354
-66.94483663173503 160.40348718016264
-81.15814245395516 171.1421728093814
-111.49436243167555 125.0560606128433
-133.13601737262405 127.79564539839556
-65.13369857044904 -38.10173798604559
-68.10951766119904 -55.76745928032306
-38.326911742899505 141.95899817206467
-138.48236863166366 110.79106909156451
-51.533618310556164 -56.94913309774327
-46.607187553333134 -67.67228891333154
-47.76321190746995 -56.861311095214916
-56.74275666926881 -40.98165964221061
-100.97060088011102 88.34504435779607
-68.00664205777926 164.29964573805768
-64.80756326443868 159.93733917188626
-66.90284938096144 165.0633579224267
-64.11468854898462 164.39199533642855
-62.85939819740759 161.5214804775187
-63.759108047366276 163.89958482768984
-64.8762946987662 159.55686293818988
-73.08252738936173 -11.51685747775808
-83.40278357661047 -165.23833719532294
-62.519135435844326 162.64978273245762
-66.24199441834362 160.482796812909
-62.723887313261564 -25.712955971551157
-64.92789484794535 161.80561639117295
-65.24674514133693 164.48695646584306
-67.29489795259062 143.78856615398192
-131.50594356436474 167.4321792714158
-63.116512780902205 137.9869699748452
91.3067971093469 -65.67576192597566
99.75915475990949 -77.59066460783676
-54.52702767562194 -38.968543996122875
-52.43367078169388 -40.59749681310553
-58.495542289886146 -34.38949927707152
-53.810773070143156 -39.22224983580148
-57.99174047621812 -37.68782012526939
-52.21023029197601 -51.26055215090873
-94.17025238310529 2.0171889116511874
-55.18886800474296 -59.06364589541277
-63.17693022389423 -50.885144208840295
-150.88519382259605 162.8998743943034
-54.80912465922585 -17.650817113361903
-59.91184482934345 -42.67412594770442
-52.317910761145335 -44.74129209535868
48.04091216078786 -114.59553173229757
-59.74706120842148 153.61738068733854
-10.84569648271292 -83.21988339941595
-100.0152865703608 177.6331237062531
-58.74924951579543 -38.25814825471912
-84.33189058261196 138.92986769936527
-68.71612456565623 -41.5938300344626
-85.39727174202613 148.8367074287931
-79.1263816506982 150.6294620887201
-76.40107518504948 151.34542429240093
-30.82168074186311 -42.301996729847616
-87.58431147969478 -8.303519323542588
-90.40383733305156 6.463997734176664
-47.995933651468235 -50.917730745614065
63.099952997706644 -138.0647513382879
-155.46229070342514 175.896894468782
-63.0042774623049 -38.33596856720246
-60.32543327643742 -41.45785166851271
-61.16269974094889 -32.483510088224925
-132.05031607554673 11.549667314414869
-49.3781719890028 -63.48641692756579
-42.58800655355535 -67.40173815217503
-56.86325419282234 -55.49445658280476
-50.7684353743484 -37.56110635976042
-55.89227320712936 -57.76145258174562
-138.57496213043228 127.10929783070095
-73.21287578550019 134.35398381894393
-60.12389400242171 -54.45533803808878
-67.84297176864617 -26.771048997478527
-58.97821036737052 8.433415596512544
-88.06530524448377 -24.403666641909414
-62.79475024352046 157.55467501306532
-30.569406698210642 -60.83002431157876
-77.23084847401033 -151.98660610032675
-113.99387005018502 12.9072671985731
-112.2384230363759 3.9738364176927448
-121.57745034290072 25.53027608606799
-80.72218134888472 -22.16228930377283
-73.46098047644301 -28.933817442649854
-73.78924293903302 -29.383044707721293
-74.32967783934119 -28.98628763397369
-63.3201188069142 -44.10017385666971
-66.54411689378873 -45.51494418529778
72.34854095711081 -138.9388191419627
-59.554851564725304 -59.9498737041725
-101.3350682983898 -177.89387882462745
-59.58916423685238 -61.11938872762644
-105.27257199070331 177.73001818230642
-54.92950626896952 -53.12306360609252
-86.42208293989219 -30.12367487987613
-166.788224774487 167.45196073945118
-135.70974653324333 176.60060193495227
-138.7740693633055 170.88812850760945
-65.5728752372396 -22.25246397162324
-59.58173283040413 -40.32869676855056
-57.66270999219965 -49.41678488075562
-56.267807748380896 151.50125911767304
-60.85735407879128 -45.866579148002764
-39.66588308880368 -68.4782077848046
-51.343713555310906 -46.53978122193858
-51.343713555310906 -46.53978122193858
-59.33021754914432 -46.14685767114687
-39.31227545325238 -53.959008001314245
-70.93815234599151 142.71156815405047
-51.06273943829433 -59.59074416185898
-78.48795183869076 -58.47753677684178
-70.7255297393089 -58.80495871185666
-104.70249000576295 33.04188579190528
-90.5568406269677 -5.366942300566761
-131.28540830404486 11.367117349336644
-138.44462680405368 173.19300219553915
-133.10769967630273 175.3123595933311
-134.6570730623181 171.45309600645504
-135.66065758407723 173.53687431015666
-138.62413811128016 168.51892876634346
-136.99963965836196 169.2307489005384
-142.03409632370915 170.72475735270172
-60.33190719129049 -46.88287469416899
-58.22300907573836 -44.905896242750714
-61.12418099868891 -50.93233679285445
-105.62473223475754 27.345832660080113
-63.19876426841089 158.3744288782875
-72.15224183302172 148.06128139151716
-91.50019815308809 23.22790447057867
-107.45913332479395 -177.04858545418367
-60.11092862526918 -48.700359786019106
-67.80522111125555 -36.56719921286434
-52.093588099574156 -179.20386795190444
-23.464175804596742 -165.02651579340568
-62.92802996428807 -40.53477187267437
-59.36203858796515 -30.07272346098198
-72.73405873890381 164.56421838814745
-64.11022740314985 160.97239313926036
-67.34182294894812 160.05504628015433
-65.94591985398705 163.66635331282615
-57.94996270874939 -38.41314173179581
-68.74306099561838 160.73940963170548
-75.84794797668418 134.73213194750952
-70.46331915230381 141.31106729909277
-64.7652247168418 -35.311152390550305
-59.48436323970169 153.69386429329444
-69.52070144281325 140.72513459173882
-73.58965597471101 142.89650602400474
-65.82257797524483 144.2192719942669
-125.9008918643986 -7.5300530210739
-94.5784824468927 -3.809819836005929
-56.841753612769274 -39.62587651791126
-55.83966570198797 -36.544791075953384
-71.87482333623458 117.69457657437769
-63.82612965121697 161.36014418355978
-65.41424507100879 159.3623348758725
-64.35977671200435 160.938339648542
-65.50773504149763 162.21276379442466
-41.17040906832192 121.94632733589943
-72.3589529012654 138.51333337760525
-71.73486999205004 136.6047626360803
-62.377518228999065 162.36557920854045
-64.28496652025609 165.37424531220105
-61.356705702065696 161.17278650652548
-65.12476016434016 165.3314495859443
-62.07556130709998 161.10446245435898
-66.58660588896166 161.18288026150435
-68.42745779268643 158.96690686623202
-61.6844748343524 161.85903952979473
-65.77884525980375 164.58074578291894
-67.68113117821785 161.4982217617671
-69.0022256624668 153.6449400567218
-91.81619796199688 144.18764830155027
-76.01289511058339 140.59373113999732
-74.59158980413666 151.58640160078625
57.22257265377102 -107.16760293338362
-64.04110504103384 164.22595990897406
-43.520687585956274 -23.08797629462827
-42.60324763160495 -24.74227573968576
-65.58685260457314 160.57040362211697
-62.04420738703491 163.74660697329125
-67.7427093811827 157.00928874522853
-60.42856143784014 162.71523287493125
-65.04901924450479 162.38256905976527
-67.94306859368592 161.46481712357516
-57.826629526360556 159.2116026426957
-61.5640783701021 162.5871477293546
-62.69146560513733 163.58430678333505
-71.678941379092 165.72629637400232
-97.63635959875225 179.78258954386305
-82.13120765013738 -29.761691031569995
-70.18943907875907 163.05946240632153
-69.34218431071486 139.64783280371242
-72.59786319876468 141.8046314802553
-78.63674102927398 145.67897527441116
-57.331413992321735 144.77159420754458
-81.64361807959878 -22.576164011580214
-77.29851146571575 149.03798399628894
-84.43457034350621 149.0159068777659
-59.78573793032069 -52.06812568062821
-50.49480192002928 -51.68541372667818
-112.76457764574349 135.70134991052578
-50.14620517528381 -28.873585113903278
-61.293530043473766 -48.16912200553404
-56.84258702156069 -39.00818489260851
-57.57761912001127 -40.426059610716706
-62.3408660393542 -37.337910201510816
-46.683005831561545 -54.675834196611866
-49.49489797692331 -58.2497959503023
-83.08617080211297 134.8963282133053
-78.37660363649302 157.39067168570745
-64.15267202098194 154.79235239966303
-48.52351537047098 -61.390062621091175
-88.05285447141965 159.63866009706993
-71.49353899948265 -4.4107645603138
-70.82724688231325 144.2610883189935
-104.78043485225643 133.16728485256525
-85.8806842773139 146.5526824206521
-72.46610836478938 162.89111474377265
-62.37152285040393 159.47972554900713
-71.60586343449192 -50.66909448001704
-105.66733274539665 152.2695543975958
-102.03099254016655 150.14382636248195
-63.33227395894608 -60.26483817862629
-50.44011774574102 -37.2763018903063
-67.68735215869285 160.96236865020455
-62.930487277674274 -42.95763360635044
-161.76760796341944 125.28884119552916
-73.22615047454526 153.15333129895768
-72.87103146554144 -29.461769983681275
-76.72531427751822 -17.526499430609533
-53.67950247825466 -38.125706595078505
-58.85159483153084 10.03114759840348
83.2567371510343 85.71502425467656
-70.98633732319065 136.21339543598597
-73.25736234904898 137.91257109059805
-64.4250133384436 156.06123473136498
-68.22142436981522 -31.556963279345286
-63.07436035335295 164.7064688577915
-57.01469968310933 157.43144891043625
-64.95090804106924 160.07666148781195
-63.069081980011454 161.24347934434394
-70.63849387171942 157.59834891507646
-62.076128777385684 -42.41381320489988
-66.1657861480719 -24.851909518084522
-60.833417039116945 151.24203237497935
-63.828080699937466 164.77814337805435
-65.38888981684117 -35.84884782514724
-62.782729139121805 156.2308041404666
-60.94328532283602 158.08504981636833
-56.453567555300744 162.5139318005494
-74.47379280960459 137.75548216956517
-98.03035128060189 -177.6176335032736
-95.88159380827699 -176.29498653969443
-38.2176296237685 -42.14632998257005
-53.70017630445395 -32.06973617267976
-132.31318926532145 167.94864648702344
-74.17732441106756 139.84340361740394
-49.602957294890075 -65.3714725031221
41.77551178173168 -112.1754985344207
-67.48047020971775 152.49357779899339
-68.8545013108694 -42.74401067828868
-113.43376487146261 -29.740781830632134
-95.49162642005273 163.9703126040367
-125.53564734238356 163.77507770487537
-121.25423702496198 166.74203429806087
-58.6968829036759 -41.58216881453704
-67.5531569602176 133.33020052090237
-66.53796654484869 146.21528480965492
-86.42695383754024 165.69454447352666
-58.587495270171274 139.67329710253102
83.22602099275599 85.69885206509942
-57.14211582554965 -54.343016402491074
-31.08326778987845 -68.50062167922984
-92.04356492498408 143.1053112377434
-123.36098509427043 160.52527174948867
-61.29915533003058 -38.64990287082718
-65.2687098563402 159.08297698095313
-72.10404263932672 156.00314560961036
-39.06870685897483 142.2596966047978
53.766476205109925 -120.46820710079805
-62.2259018084584 -42.89185451915069
-64.6166813350989 -40.70572116406376
-63.69205516285874 -42.83564608798045
-60.4317993361941 -41.72942321785177
-63.89583691575235 -43.12337285235387
-112.73024143197682 -168.92480676881414
-121.33506585952817 166.44745841985804
-70.60997888041777 139.8797247875221
-76.30370996017508 144.84146992961115
-71.99321601813496 141.51306765187837
-75.99693828268646 141.94657268844523
-63.308538934787734 -42.08661847993507
-63.11988585708165 -42.3460041310501
-61.129626164914306 -43.59362759956725
-62.93551507550889 -43.12370247725889
-63.91914880484501 -40.654482391462565
-63.44473503110485 -41.48388368995324
-61.512267321717026 -40.4800161214079
-72.91001387853143 142.0940429886089
-62.27278377468845 -42.67264765977296
-58.41743822230448 -40.30790138641921
-62.99071653271918 164.15311112776376
-63.636846991113885 163.5299459735863
-61.508757834924836 163.11002916386911
-74.42103803535682 -35.0796389868628
-54.63174055541907 -41.15394013008029
-58.77665384184766 -41.42222450877527
-58.969785321894356 -40.99079823404736
-57.72184070041488 -46.527328103428395
-60.0186485887608 -36.87753006423855
-84.63907511150516 157.34260937493772
-59.083935701851416 -42.62694145474267
-60.297054265645116 -40.24767491000891
-60.701272027744004 -39.2921112969173
-55.126593795242194 -37.72606989982727
-85.46873576503536 160.75242165908807
-59.04231284461841 -40.08100977288646
-63.65651596572367 -40.58364863403089
-57.34474465715672 -40.07938473802936
-60.98584855620084 -40.15746051374213
-61.361239009624434 -38.48903967410105
-61.42572487435285 -35.75337965332924
-68.13252921086541 -44.2683954757686
-63.05851441770404 163.73526387253332
-63.18140760827385 164.15321701935045
-62.7134273810723 163.6419954087109
-62.83063262789768 163.8530857400892
-60.26338724335295 159.96115028400038
-60.64564509745377 161.13635636109058
-59.61983268694502 158.7296521551276
-62.58268591949358 163.94341593851814
-60.374740931899915 162.9072622690659
-64.68561345665586 164.23781071999144
-62.16860495330972 161.44545502571842
-61.9383882605131 161.99498983944778
-62.54217709081366 164.28291059259516
-62.07263089904846 162.80193020746913
-55.450285709113 -40.07576208564916
-56.72589748592662 -38.40596028080025
-61.512969689212525 -39.34335069840627
-113.31013690224016 177.71183628702366
-112.95965590105669 177.39538245304976
-115.28225197251778 177.71765086761863
-63.00573240892524 -40.61795475594028
-64.19627526357525 -41.27849576602513
-66.40998579354118 -39.99553075872148
-66.74234417441406 163.4644451921186
-138.98598335481742 155.55613236269636
-61.13971824740841 -43.26440123188265
-84.34155289435857 -31.269205642981884
-123.8838828435865 169.55131528278017
-118.16095047406 173.67817606060893
-64.4159279071209 -33.31084169409162
-42.58448936441521 -54.273726434841635
-32.28520694665878 -58.27122228705789
-109.79765817122875 158.62245702999135
-98.80021539202234 143.96360571718017
-91.3409929094838 154.5203752029818
-45.66451980176291 -55.59233596667072
-51.88095085250919 -51.59110427501024
-85.28454230759453 162.81965675925665
-72.30771637608963 152.0768492802486
-73.96808590244692 153.65873488541374
-80.85650741400495 153.20384890063775
-48.90356416460804 -43.29470672731984
-84.37540460636781 171.40598455521223
-59.81365574039319 160.33886276686115
-37.016270894098156 -55.02316417205237
-115.95136222892506 -179.47245693313215
-74.22942619887529 138.55252895308243
-70.79816509077078 144.8459370255052
-71.70654404726656 131.09221681952462
-75.87189429357788 145.36269711948358
-67.68449781140232 161.89354923898767
-71.28127476289345 154.01098792474323
-79.40390929519354 -39.655978432677536
-60.68490921719297 -57.60967087723861
-66.89881986046368 155.69673662662618
-78.23335537451612 153.04163096421087
-53.27783735138203 -54.432872618216436
-63.28044952756531 138.04523311162862
-74.92997488379186 152.92839108671788
-67.40949015465347 139.40963594838053
-68.2671447266922 147.30071824017722
-53.654889382791524 -66.83942030368526
-49.2966907714234 -60.69054546774661
-56.34599352045273 -37.26851630285764
-128.0498710046081 3.088548551666892
-67.94187674082718 63.32072564901125
-112.78050152241899 -178.9931058767661
-94.33240874204927 -176.952731792163
-87.05191084123653 -170.07785896998215
-95.10424132930954 -179.06095885699895
-77.09955855396319 148.3312700229797
-85.16236977920981 94.2129585060872
-64.11143323392957 -52.60853497321811
-111.971238412536 105.67461863940787
-60.09435280457868 -4.468984471534764
-97.4700763623475 -20.02274413169875
-103.18471671804576 -20.6079470727487
-128.82287604552252 -44.86743688719451
54.0740155088294 -175.9223450316854
-68.05789621638456 158.16726210737917
-135.1712719057783 169.26549672700617
-113.54651989227438 119.19609943712105
-118.70418019401028 166.37881481749216
-131.29373203743106 11.281675124567254
-108.34822511265862 -34.90245350466146
-74.47375303523461 -42.40291629329264
-69.61767930505542 -31.474977600946442
78.59898684094527 -22.01473785931386
-30.97560125044744 -45.79414138468191
-65.5482066305861 171.06310950169677
-72.05324246354594 157.33777879044308
-135.12286732149127 168.96098759732254
-149.99663747479025 147.932483418452
-86.16366354234228 -42.73644752759766
-90.56020386360856 -19.244913656641142
-91.0467827005395 -24.926903066315287
-86.12032880850994 -30.09577690393942
-83.6475103060669 -34.81808043119757
-89.4596137636422 -16.433085293190516
-90.09599745388174 -22.752795481985814
-89.72662777685397 -20.037135171182374
-98.00361557950329 -17.980300260046658
-92.98277121178394 -17.590360944837865
-87.37307574682345 -21.79922484100876
-70.77447090721684 -78.12845121448477
-68.76443303275394 -33.841603362647
-62.06696943689705 -60.52259819099515
146.356154218549 -36.93802068478467
-82.82674272668483 -34.184085503706605
-73.38386299354244 88.73334082933052
-55.88984475682103 152.17363135171558
-131.66045345232993 11.57001724335028
-90.59846649516655 -4.955183167230756
-131.2744169658369 11.328526537745322
-79.93438588079117 66.74166753959722
-66.13901549613831 -52.56429638447625
-98.84705141753915 94.5554123972029
-94.8754940856223 -12.55320543849349
-167.67720034721566 -59.97159792735567
-127.62036328685525 85.83034352483612
-73.00441383334525 157.05176291626287
-28.18827644976064 -60.1749356957965
-135.5968339649 169.37378304487845
-117.86136856477962 165.65271441812283
-135.13911656385 168.94639883507355
-72.098863019819 -40.46928784184832
-63.99733898222462 -38.124446335055296
-58.066655773587605 -17.32972310511907
-104.37301990822868 -160.57734873715216
-76.3062902486316 86.4472547657177
-80.01331856358622 -30.309298611595725
-61.16459291548707 -57.75169067360115
-64.41852652164462 157.55251842665461
-137.89999711037763 0.6016137647695239
-121.37496127442948 -162.8913416521642
-144.37986986036194 89.37682517101845
-72.66420164323732 159.12087605882786
-131.58774297876533 10.923632831685156
-90.98060032248982 -4.832817649137242
-71.44452774174802 18.605328783322513
-112.4054946887885 85.84874250811377
81.05051310991318 -67.26768040429246
-138.27143138613033 -51.29320322094048
-142.489091504157 144.88079729665728
-72.7941149277204 157.05141947120222
-134.03980697958963 169.87870578963324
-118.42519281156711 165.49939153226003
-74.76293602171825 -38.65373852586126
-63.148423402299265 -43.926703420152656
75.94699375484139 -68.22188442950042
-54.04610600644847 -45.26836340317792
-134.24433086925575 89.1581450880142
-40.705941334915124 -46.703100389405655
-60.16408626564039 -52.07300259473464
46.060190259249794 -85.74182082285643
-112.33179448195953 83.86931321570128
-122.82862120928343 142.66597911885918
-131.82118961580616 11.879844565350771
-90.9413343476641 -5.333855277291928
-77.98260597597177 45.464379068438
-104.48560391012106 78.18584876505044
-119.04289937858 0.847589196922124
-168.53581046632402 -39.22567828938503
-79.81370773093944 144.39650281292757
-135.40551463296174 169.52005223555898
-117.98809690676165 164.8708180266364
-34.55072651927898 159.22562170132394
-83.69809928326741 162.60119904738826
-58.80443389265672 150.09537882870038
-45.696755472763996 -34.01104775370705
-50.63230198110967 158.09562396438542
-84.67644662308703 43.92331377444847
-60.84027256712605 154.23624732369709
-70.30392762486734 -30.998704641035943
-62.13186367956057 154.59959668758114
-65.06748001872592 149.38575104354214
-64.72156333895286 159.8015873991313
-70.61398984335997 161.9702865656219
-60.660052955452855 155.52952255697087
-66.10207538973425 144.603095435991
-68.64889227276443 157.77038417651298
-44.455199177250925 -19.144783889485165
-56.16571926571703 -31.11790823195888
-69.30588159151486 91.13093984354242
-56.89308547080593 154.66926171310308
-69.44433633870341 154.16020955636418
-72.68860723459183 163.00417624972184
-68.77870544714546 153.0500031353808
-69.3017628496433 155.18021188147043
-83.4382026575425 159.04642906747333
-65.89168722719774 155.0670563223888
-61.708970994243764 160.25187913045463
-63.65802317423585 160.61006011721904
-57.83022109301702 156.78605728158593
-60.24503660204261 -35.334041476460634
-59.12984370289609 -40.53378949769029
-59.294927629097614 -42.58302830610102
-56.2722971787571 -7.582346556019536
-52.2128885640498 152.7954273494657
-65.21783952280613 155.37790223823382
-109.34056004740171 178.19718406715006
-61.8923632031233 158.29040501575022
-48.10998245183102 157.19230332175422
-35.59921724643212 -26.17304767250383
-87.81084203941892 152.23766146941819
-66.76123953541162 155.77201883566946
-54.27236473686307 153.62471401491464
-59.223221516359004 154.46431519439702
-54.80675459388925 153.90553259636667
-50.95720148419593 152.12878557387197
-68.08148626788984 157.20265354057935
-63.98517843506968 151.2366688145557
-57.747613430586746 157.46266073286793
-63.1992590689208 146.74925883452568
-75.20878580332673 112.50866220702538
-95.7505907917857 -9.583399197331234
-58.01158106465289 -32.60596006536412
-59.52673480513236 -49.66291068365117
-129.11960144409343 86.49142378397012
-66.90976671351766 159.03326681342114
-61.3003656876731 156.24567728202848
-55.878531924323894 153.80329072915936
-66.85625614374479 153.95922724955057
-70.26498421366277 146.91573855220204
-118.692180806851 166.2152624362868
-59.387532007208236 -19.66653366886733
-105.9639634523427 110.44184159777124
-60.44000557462359 152.16211967420605
-73.81552970341352 157.10452893718536
-103.91017646736937 175.20318629439777
-58.581535097650715 155.89553643721308
-56.60463594953519 154.11813466975642
-32.11474072563581 -64.12526979475439
-151.94705371654578 178.14806334487628
-134.9524496647963 169.5699957801089
-71.84107304298429 155.7953074120753
-136.8254452924429 120.32180086021033
-65.8158822181136 -7.659404494550854
-60.539467235845436 157.062305969773
-175.71226423787832 157.02931972572756
-124.30792692185105 173.2110246430958
-65.69150280696805 139.3988670952265
-41.478934036493094 -40.16543165229796
-59.13317482376193 154.65650397130017
-59.873996941873045 136.91854998627718
-67.82955552660665 164.32743734800175
-141.7320253918358 174.24760551723168
-150.81296163154693 157.55982405372683
-147.21413585780937 154.61814263749363
-89.91288393003911 172.62704195735483
-84.93684821712569 -60.194424831676294
-83.6715943149362 -45.3613430134335
-170.18531778551872 -96.29149656285674
-60.60634497320891 -59.851273551827234
-100.4380769776168 172.50867661504572
-62.186931993415996 166.94615038481365
-87.12879881954355 -29.85320079504663
-60.005505039483275 164.59408271874895
-66.10471912443423 154.90811208977217
-57.9331290564527 155.5731368347496
-61.9249947902162 157.32078802262157
-59.658293717748585 154.33781420443916
-136.21257083425002 174.09307180544042
-109.48793352569714 112.7987468321476
-67.0493883749923 152.68243618281016
-99.59054547194525 -52.654545803194736
-75.00898970303925 153.16365870206914
-60.700407290986576 133.2899161551317
-54.50544511871034 140.35962598079544
-122.00706304912093 139.5865171481723
-117.86731826399999 165.88955774509094
-135.17190337197988 168.93806659615558
-103.56681764474575 26.7797854331536
-65.34092712002543 153.41991161329952
-44.736946797834996 150.08980301135068
-57.93373001553459 -31.27702792605171
-135.06123330663902 169.4206965480925
-59.4588880365022 147.55530619356657
-73.63588038528336 158.365015104997
-69.22862620275158 158.10472829068496
-64.23871003412636 161.47095158586586
-62.46554040656037 154.00445376403192
-75.01203469487393 157.3554889926908
-59.15680032529677 154.52733369774987
-72.0916156154784 113.54273050172195
-65.3673238657977 158.7689852848573
-66.58579488111975 162.3459516857287
-69.37425378202 163.3175827944299
-153.90744204567696 148.8079315973284
-64.95890752827566 161.30957366472504
-59.41298182716108 158.11869891797866
-72.73538692347238 159.74773017211922
-91.77300510622382 144.23376566708785
-75.2971336280187 141.65356248017807
-72.96641765797592 144.17786568545702
56.57661580435465 -106.76546850289704
-63.39961914348265 154.67945820160898
-58.6191542669399 155.23242965995655
-60.44592555995018 159.10539790225803
-75.08360819487359 155.786155519621
-70.05261945844671 161.5048335288166
-64.24828573059847 156.65077579970014
-69.49580758102326 155.7281791673425
-69.37057762576615 157.81112882100422
-56.9121052367068 153.86243696141295
-88.97070433443389 -177.65628626545234
-48.266756441135364 149.2022556229244
-146.75859390135258 139.50987798004365
-60.58748250644418 154.3364094006864
-79.58135201489766 8.055463765718688
-65.55505219570182 155.88833727785018
-84.2369428556029 121.19566697227458
-104.46360700067406 150.92587445297264
-46.543309293278014 -47.82596876948805
-67.54758165750222 131.3478287359515
-68.63056210356177 121.84607836891576
-60.7732558711275 153.17896550300833
-56.42026600315877 150.69633364218765
-55.63107952942239 153.2777845628448
-69.94057448586598 154.96451718254966
-64.28593393316329 -31.601536544561593
-69.20582456562127 157.70749417264463
-62.43142586480024 156.99657454818407
-59.714116495302065 158.8392228803664
-62.06816422351449 153.09693740519307
-63.20480270602249 146.38961541394934
-68.25798004024188 158.51157670651412
-48.13524085281837 163.55741233993515
-91.69281306849378 -179.8227367317646
-92.5599879316477 -178.3436237877572
-98.75782015331357 -175.89655265190171
-70.95492417090439 -38.22632627609521
-58.051605965669786 -26.57888056578664
-57.724619140818774 153.71708350056522
-59.84843541942207 155.89815027627282
-79.57678296200588 165.00591937624063
-71.54275872657165 149.2122062558778
-65.66685922304825 156.16874210968788
-97.81178059195928 155.30247190842877
-118.0233784712961 158.66454678953852
-136.91730343519785 157.01094665032707
-71.87984020704374 135.0672747079061
-72.170114768962 150.44438580039952
-117.81366140877431 174.96388378627546
-69.66482795274048 142.08889282038382
91.32703035272603 -22.07177373970811
-94.92277343442343 -139.04185429117953
-74.82995372910761 156.42561212281825
-69.21586568657193 151.43837436999647
-77.5448818333701 161.35047982494203
-68.57048699619607 159.29198964649746
-93.73836926355884 -14.74405740893313
-93.51225737835621 -15.575994976269238
-87.822460299239 -20.676767377528225
-92.61750340009138 -17.169194762557286
-87.67702346810188 -15.364859800139712
-75.72810183501105 -13.013750165314516
-86.0858032608103 122.66868981130364
-112.96123043381498 173.14672890213353
-117.88793125288379 167.85403039391664
-62.34504282519877 158.5816508795495
-68.496422296313 157.6356980954243
-65.43806588743696 161.9160912172573
-65.6637054149389 162.33307053249834
-65.46529418049087 162.135297665698
-66.47519040938437 163.7671704233177
-69.84661949255421 157.80952292424985
-66.47044848820755 163.5756376575763
-63.79069849547561 162.64404205110043
-65.45900692605612 163.73925253527776
-66.39545262956995 163.25636582771128
-63.84048057604518 162.2186897677226
-64.392944699474 162.4779691047186
-58.14037927817799 161.52726632435005
-64.59515790664554 163.16505895191258
-64.38034398633212 162.04594452693362
-69.11861744797135 164.57147444930854
-63.60343275262725 163.4152115364971
-149.64388979297493 150.69763647127644
-58.7392877568973 160.87809852413605
-68.69059644472676 -33.503553854740865
-60.67061594457599 -40.82994330480403
-68.27869348886324 -34.205862922108174
-61.97935208557118 131.74105081153374
-122.96481984156897 170.13742863129775
-95.52057307629083 -173.16640932902018
-49.94388595531142 -55.28387731173012
-35.9309319623158 -53.386644487457275
-40.91276082486068 -55.040553422811264
-68.53024406513137 154.63788561061145
-53.32889521407335 -44.55273599984512
-48.46897641912999 -54.02658041034269
-42.912386027844754 -59.68949301097567
-51.14323183218052 -62.658764633085674
-46.149978298144575 -45.28336634088885
-68.8480506271389 150.19226391474433
-89.14783876371727 -30.27118547224478
-83.90722685556925 -21.827726030552316
-116.24165937545858 179.84592770125124
-67.62015963866843 151.90128306474674
-59.381507844046155 166.1724615667252
-65.23905355571003 152.40167709290287
-60.764952161138865 -0.01283360783570375
-63.89517488082343 133.22595543032514
-63.90272756021223 158.50314951653513
-61.00121278620587 -41.211667412881894
-54.264061014824705 -57.41882960889897
-125.22950783226501 -177.9146081949392
-86.88608853731732 -37.82546111105955
-85.24199376757474 -21.417107115502994
-97.26249417324466 -178.15200997891375
-99.01130457621248 -178.59700942686706
-94.35089584339151 178.65971160411087
-90.77337911411897 -179.22288058269905
-96.50438874360111 -179.41601934398253
-58.36967116305568 -37.982927146500124
-64.4677125207994 -38.98183737369324
-53.880316574262665 -15.91025899269355
-102.48093479413045 147.53267309762052
-54.948544152522075 -43.10354426536287
-58.96132056390818 -43.46336545779634
76.06441469244544 -22.987347990881954
-95.82460289262949 72.07579380253105
-131.63510829137658 11.504634581463185
-91.260087643587 -4.556850403507423
-95.69961556349435 37.0648883160838
-93.14746836775196 53.266981078518974
-60.23486918189208 -4.291716318015664
-65.37835249929134 147.03185955505205
-135.22174728335364 168.95590916544242
-117.9833559226512 165.2602568987856
-58.03665163641307 -52.68403601069391
-61.698197146701865 -47.69963185452162
-63.01630720826546 3.449210674438254
-162.07464166295537 140.66276481991375
-59.32501239415114 -28.285435458162205
-63.529285817358044 -53.88226916979961
71.54095413664398 -65.22449293987867
-74.67056167156746 147.42301387281387
-131.59291505086935 11.310083455273054
-90.75347698356276 -6.156253592917152
-77.23647954059113 82.35294390019602
-83.8616601888567 96.93209423720896
-55.90769068360318 -2.570710606042997
-62.52681021374201 -62.08278567480027
-135.29333583028367 169.94826270277383
-116.65428292760845 166.26339443592784
-81.07967085737968 122.26444946776861
-57.14234500661746 -47.72949152080452
-63.75175576302048 -36.22359659329395
36.00558692056413 43.74761169256264
-143.92029152283138 86.30881265404518
-95.10956990335981 -24.162277208379816
-48.05799764664062 -45.485904916249225
-59.16528932854193 -48.240872541855104
-66.65420241448723 16.381131621961888
-108.27447469028226 80.46752744693765
-131.91121218910732 11.564570278832688
-91.07460359510027 -5.091093841996109
-134.8868506686892 154.24563933179968
-95.40515542988777 28.436875228503038
-116.06370725385806 109.5812635820141
115.43862272982078 -25.04274214785856
-62.96162519195272 143.46704585222744
-135.73685081072512 169.04277835974827
-118.79240064005322 165.4934520933915
-59.16880423371506 -16.872233749908293
-61.715225460644135 -47.40804449291044
53.48366677403973 3.053142807092689
-63.42238527612203 -62.11493903239463
-55.08125026401867 163.74043662738882
-74.62597923970901 157.72238389496582
-85.80834250461146 145.15768238497043
-63.67299049617511 159.45540521556916
-68.30761230487379 -46.13289639269895
-87.68712910018841 -12.35859085851266
-89.2628461381507 -11.120295001425783
-61.29832879345904 156.0380121560946
-66.41844793225658 157.76140658023127
-75.13929634288418 148.53074508345648
-67.31144834896028 -50.74033226245004
-53.46520453495554 161.15013059364654
-62.034593204739664 156.9062362035949
-55.67920515646947 146.62280084812417
-43.73167921879679 -17.148069182314803
-143.55884099103687 -61.20234904402281
-76.03970989325151 157.88494452959534
-57.7622457149625 -40.145866970895995
-67.45998697874968 158.52580341023653
89.56776047703161 -18.69980043312105
-35.08870514126364 -29.74583745493635
-70.85371892611018 154.9359939012668
-62.478700861940204 154.82955403010328
-48.38662138590785 142.92030577083844
-58.85022542011316 -33.12378277266871
-61.97728643453059 155.10802942857595
-112.48856442772438 175.98534737970536
-95.35227146459408 -33.40977528443175
-76.96440407337153 -27.564146341435155
-68.72841926587132 159.09639998654862
-116.46881071643821 -47.81611410796259
-88.35515924815418 86.26723111070835
-64.19468476581183 154.39377200702194
-59.87006982803869 155.7161222157762
-58.923511482434485 154.17896399630357
-60.60089542123069 153.42882907326302
-59.54577047350862 151.98598624939885
-59.41554930030604 154.91119458300514
-62.16052886114088 157.20911111056503
-60.38740287344578 155.62359155025698
-57.71546949855765 152.68520354823576
-62.91280453812886 159.45723304097788
-57.285919489661126 157.89632525337794
-57.76893436015658 156.70604845343271
-99.24019332494473 175.70447470858485
-56.540386315330394 -14.21380612766988
-122.13458731320014 -1.6536023039634788
-65.5868886549553 157.8739730673401
-57.73942508235705 152.78555064342376
-56.62162596823569 152.05123309647183
-57.797836413531826 152.87814531935905
-64.28253819396929 62.28025850161043
-74.58558037861425 157.05068257432163
-72.7197090728168 160.84526553108392
-151.0136939143151 111.85265559475265
-50.621748573917905 -49.04000853549171
-19.833841230600388 -62.29847379098292
-62.151466414468956 143.7427798570816
-58.72466906486874 154.74674847492417
-5.2719358588118785 -59.66614038190439
-40.50542595522004 163.25169266609652
-64.81165021421673 146.00556282509214
-91.83749737382723 -24.766482137739263
-101.08766651063681 -6.811711996890429
-55.1418783144645 129.21480902643486
-60.48161894328246 -32.06296481254059
-46.46486454859331 136.40242278482867
-131.2923109346835 11.35450518169078
-99.07029909857823 24.747616210676807
-63.19559591893874 158.37263631074245
-70.00358077586098 164.2777008836653
-64.79849996374165 158.70981210603964
-63.146174989382125 155.59541075005444
-70.07614448067844 158.65055528759765
-66.99256173244498 164.2278247906802
-124.55803158708963 -1.1994253916981914
-57.75991857716943 -20.879989575671125
-67.17902665289692 157.0259495694548
-65.52791894322827 157.91989391026246
-65.65244205096921 157.98167564086197
-98.74701261724174 -116.30519975794856
-94.96229027348383 -123.43235351781334
-66.26648756879678 155.64750678884715
-73.79520922158927 157.15746853394901
-68.7929652693827 153.79248282174365
-70.8807726204757 154.7401708103477
-61.08827570767407 161.836933953009
-58.94226478778039 160.46444071290716
-67.32966925260992 148.96915725178863
-66.9373315759729 155.28400130359077
-56.73003908138735 158.8816249061194
-70.92965059171108 154.16043426741544
-77.20768550946116 161.57259199767714
-69.43609583059641 160.6283986677799
-76.43111141843868 166.8009712707293
-72.8111444174615 163.57217587432146
-62.152745528193826 154.51428204473277
-71.20587270105929 157.61233311333072
-71.44877096015412 160.83798495017285
-81.24507853028527 164.3927869724798
-112.5660344073096 156.79915153326482
-43.41879669771385 130.9193607664041
-91.77387141370893 7.224125903448593
-98.15681312336834 -25.973599641291703
-74.38197216313698 -18.551049674426526
-72.13007402007817 155.5533823600858
-97.26583821908935 -8.820302978465428
-66.10070398176036 137.78778055959233
-98.53070615703513 -176.6073972175113
-53.49224876705756 131.81560595556854
-86.0656665268208 -17.99584487196127
-61.69340266915603 154.34719949560218
-67.0925696804674 153.13542702457897
-56.67726509400855 159.14209979528727
-70.76675200176604 158.16330996963512
-63.8974085207816 162.15666586608899
-87.01207367079293 -43.45233415268804
-73.02138907366626 160.8130507296949
-97.16905943889115 -174.3901615325894
-92.69065629189515 -14.502452261007264
-92.38725742328423 -24.11863507334215
-88.46547578138913 -27.990468475253916
-65.54883345936733 -39.09235720555232
-97.12035889228157 -63.20645951551477
-83.98216195776921 -34.69793741172682
-91.59635102363599 -13.413875591970266
-90.70208021388457 -22.764069803204123
-99.52493393483199 163.41093959240075
-57.59306437271042 156.44173564163756
-57.84715955076663 154.8524899890467
-55.86920459404486 146.42934027477872
-69.96127184100737 142.09086040689817
-66.18845490715032 150.4624716684304
-86.72086966945962 -178.24154231253846
-43.53097129862618 137.106723805908
-85.99659739887065 -13.581792885300379
-89.67491360510537 -18.613271580183934
-65.68966865336684 154.82651568938383
-59.2536494175361 154.12786039915636
-70.93114732344968 155.41365676170597
-71.45964461670033 153.2439717752972
-69.89794527485033 155.6808986187786
-95.74485199181862 -34.5106024690491
-107.42507962548139 -172.85491920276547
-120.56548463335675 167.085883415162
-63.102140017019394 154.47751664225964
-81.64263655907799 151.27156700677904
-91.33819346126789 -166.18590823787395
-96.88765501964723 -167.60231853224536
-68.6549933831743 160.24411803707216
-62.1193058056532 155.060951908997
-56.24959276145553 152.53980103068605
150.81212018592365 145.47598422812243
-65.93191221804172 157.17727869617602
-79.49679734572378 -1.9408786788185233
-67.59499717650847 152.60725937613236
-65.43255367648696 155.06411398624513
-62.05237753673073 151.79854626937617
-61.55375150950795 152.36756271881285
-62.07328008320401 151.54541400186207
-65.71348990681871 151.2573398784224
-78.12857698929595 157.4491552479344
-63.45873771230675 151.6015894119873
-61.26487753051776 151.61764566633556
-65.25885430973499 153.38413161466667
-62.83100467853528 152.64946185244827
-65.90828587518877 155.51802056095624
-64.80628200327735 150.03707566547328
-60.76597320320314 151.70451987961357
-63.39099976758204 151.64547201867867
-62.99892716521612 154.2475021724847
-62.636735684282 152.97109038303367
-62.26175223066309 150.6423353500534
-65.43446658093917 155.87045607501946
-61.66731721590737 152.74553662057082
-64.08422676441246 153.12041206830483
-62.233180607996026 156.40033243357655
-63.236734060718376 154.9859116532353
-67.43073431403135 158.01962286987597
-129.83563360303685 155.88575064158977
-159.5494319006618 162.79634088690884
-77.16719941633767 -0.4553469881250569
-124.08205118988603 168.40873436639765
-55.93756846959261 -30.53123930041183
-54.785657889595846 -37.8323182983518
-97.99307002739937 -19.905417577206947
-92.64595061125779 -20.474745404616538
-87.86591767660008 -31.68483805820928
-94.59761687765193 -11.40939146802429
-62.399959553252636 157.75273365882083
-82.38199728503763 161.8768214468172
-90.53947273357835 -41.16013017776194
-97.39138691717098 153.87287068398305
-55.69914117200947 -36.270856334453256
-59.21864044129204 -44.12136057328008
-119.520626061495 176.94733865873837
-84.88581140676432 -19.71339939495795
-93.90863309719897 -178.63127590471998
-94.34855981240796 -178.70673772302183
-92.29950029261613 -178.22781836217152
-93.6833803751443 -179.90920586025385
-20.197553949952873 -87.44396273429838
-57.89829364157596 -44.36874174150687
-62.31579403941537 4.5152780874534875
-128.91183209480744 142.87486736495106
-131.53777224110053 11.195606734600618
-91.15466318727704 -5.299209042817896
-78.8432985437722 76.99764075432732
-93.30542787559229 76.67316047613137
63.92174741488567 -33.775696449964386
-87.58878380018929 154.31400801111295
-135.69427144778845 169.51157635318913
-118.41638756445188 166.1112756930018
-75.27856994295317 -34.59599672649626
-63.57073428820084 -38.0516307259801
83.29263472544986 -29.52993633328456
-163.0859206816122 88.98127125958527
-60.53509779075053 -68.36509106019493
-59.816233050314985 -51.707627153589215
-60.00399726542238 -6.153803795198764
-129.73630083632537 86.75739886788132
-132.17635844211324 11.4951104197544
-92.00661107913201 -5.394073481868731
-76.18432523472734 26.950486627708507
-109.83415751544884 91.93707545590061
145.13891551403015 -58.42857468771602
-129.40836604123407 143.11612604954624
-135.5466662336141 169.39800512706174
-117.05660137546633 165.72793212625965
-71.36075718666791 -51.88302762003819
-64.70628948315736 -35.25197004576353
-131.53212798250354 -9.53985820845844
-123.97338993288975 89.20757021390025
-58.04413755821302 -68.42918871188465
-58.85417568540201 -50.72340135775376
-55.62953554632491 -5.127361473245041
-103.58896558152765 141.62043039387308
-131.09618480724066 11.69531388361573
-90.38137215141323 -5.586746228449535
-72.43658920603852 9.860721893191952
-109.28422720978266 68.71654374715075
-58.06883299732072 -4.931422356784312
-136.38170197253785 86.48174510892156
-135.42805069534205 169.41268010127737
-118.0613230411372 165.63610088797893
-70.88400403423057 -52.16699404992681
-62.118924568997045 -39.089145933128194
-135.1660662357742 -3.5148959984211126
-112.3976332627233 144.36316777951066
-53.345305325888084 -80.937266797904
-58.7460007675829 -68.83706789343145
-65.37734244600138 3.3894805054454666
-130.23183733258935 152.3384851766437
-131.80752235145764 11.151030019469495
-90.37985386487625 -4.440809037226114
-62.853589665441554 -51.34300362921954
-56.11716235134116 149.63402113771278
-41.81588897049116 -15.494637574813806
-51.73846720780428 -50.21740379625772
-58.97921538741272 -54.2040346891275
-64.728883234617 161.68305452398027
-74.81335837378576 50.986932832843266
-62.29575233938336 139.42681774346204
-35.10000215975473 -26.15728132744783
-53.873878977785765 141.82886032807804
-95.87029747472754 -11.423016196769204
92.99576603119078 -73.36249635264329
-163.29530088806436 143.48568386377482
-92.50633774639952 -168.39482431979104
-61.320234167378 -31.91126986416899
-102.6513997427479 117.88588824405531
-61.610956574153015 155.68264919278667
-57.50910347594339 124.15370164744462
-54.689575005370436 -33.03836386308142
-131.2849098691554 11.329540363695488
-141.55574763934655 127.81112747868983
104.98868092785277 -58.69940365054557
-61.58245535483056 146.6152377548092
-56.34856524788003 -170.33738408760917
-37.4638025921816 -43.68899143374897
-61.99199378944216 153.93901222337033
-71.54757342333865 147.64603970530686
-114.4482235488638 13.406070097753313
-111.93007858511841 3.555612981297492
-120.8547688826207 23.340681119858406
-48.73257576342737 154.31364915236108
-86.41867295048827 -30.733003556554216
-70.5977909060792 171.50956975504937
-163.65563828868065 131.61091411020828
-90.16989853731096 -5.782533277272796
-135.16069132909806 168.92339238495987
-103.45391148788431 19.32002748552084
-65.3703950204294 153.48332632883447
-66.1567395290481 156.54932523471516
-75.3057375832893 157.19488243187925
-151.3868952389255 175.73525647991704
-62.65799925712425 149.37696973360272
-66.67487428798017 156.1664306094434
-76.36525469071177 161.6485738890386
-63.085191294698326 161.53427942528538
-60.88376009876037 156.6091713515838
-159.2234842702524 139.77659399362034
-60.099999938910884 137.5535406960163
-60.80783500547569 139.71649788383903
-146.37205615467485 -175.16819982723104
-67.63513212742154 158.76758525437836
-73.13177978702613 -38.87814901359233
-145.9585163052256 164.31812329685025
-119.9147965138654 119.75072973617037
-100.39517038705097 -147.26026781620232
-54.69824665591657 156.54109003564633
-83.64958817957417 -33.200141051445456
-86.58766860843994 -12.631364161604806
-88.57204350241828 -17.460947778220582
-80.70280892414303 -34.226747636543955
-87.99840136183215 -14.785148797193898
-111.7902091935857 -173.28497515087972
-116.72990296499114 169.66859772579727
-100.66005157252025 -169.13039035770814
-68.3370455138844 155.51814408584752
-66.7609630278782 157.0674383908858
-71.97999029807566 155.37129911693222
-76.02449367064926 155.30352770331064
-63.705317346697896 161.4552895388569
-67.33621814385836 155.47984176190468
-69.85256832010988 157.2483565748497
-64.57152260917616 154.87926934570285
-72.6251234311412 157.72346196216728
-64.96073567843881 153.5195712797664
-71.79805105677163 154.90553668895345
-65.25839062730164 155.0118086944373
-67.00893238774908 160.40586629593537
-66.30568464009875 154.79651679370988
-66.92727339012896 155.50079136224562
-141.53211907982032 147.98479816587107
-67.64682795194044 154.96033183839566
-65.02818005624782 115.71615941977
-123.75467691225599 170.45752277240487
-89.81879104931049 -9.45762208851022
-72.30044396396528 147.53857359277987
-93.47379585942775 -117.28530622550521
-77.5031898111219 165.15173089798046
-127.59916656679165 3.7651366855707793
-118.50022608964112 178.8848416896814
-90.14719309990038 -37.22884371952762
-96.04831397923651 -19.88948698103848
-76.62880087974706 38.08668999025656
-107.75576945037373 95.4394303796735
-62.753557744007296 -8.520863116361518
-144.0257544958606 144.07860483437847
-135.15621508956198 169.10154389126492
-118.99845099020385 165.97940283985355
-68.93012578997298 -61.09310490970838
-63.458394131338395 -42.48823207357108
52.75646123308932 48.579413478310094
-68.22202247737526 -61.9531887443398
-62.32302126507863 -85.3843356244489
-60.766158051058774 -32.996937551343265
86.7695297015032 -19.869846938471056
-162.86961929207993 -62.00402420548052
-110.92492741937315 79.73279451305946
-80.06452591073456 75.32760444844271
56.301936088686695 -57.11931892923937
-139.90587599454173 153.91712485067058
-66.17073303178239 -58.43188841293068
-58.574485885081444 -49.36401656280348
-177.2572156592733 -25.008952663812792
-130.90174810173272 87.99320464917753
-49.051718978561006 -77.97650686199347
-58.5827211633659 74.37073645728374
-73.85869429915662 -62.11962540836638
-62.187506673726695 -7.429643147435204
156.31046302127862 -63.264679192711625
-142.3123205829451 87.82997192597638
-67.44700472742043 -39.88883913009716
-70.27007623205095 6.516246702916769
-72.66099712276329 85.06464869251869
70.04017072658786 -20.03911996135541
-103.57967494716642 143.49677942492227
-64.45753553076682 3.4713322403185503
-82.49412041706339 -62.073913746514755
-114.39576672994694 82.7509356752743
-80.53917315031805 -21.05524504697903
-88.13592540571418 -1.2725489493385855
-111.94456258208155 94.5682161981702
-152.9061884345883 9.278370246998069
-60.346201211667136 138.21204472892134
-103.30566055120259 -7.453979501253969
-87.27583774696267 -23.974045565782088
-82.22287644729391 -39.5218697633903
-73.19657408170865 147.0715320608811
-107.24324505614456 -0.9255872565302186
-58.40965219594448 159.67818940244274
-38.35299619142021 -40.966345605211515
-73.31218384778491 161.59635831536892
-135.11538473011382 168.93662112509742
12.612067340785151 -81.64805364227404
-142.26403852415595 173.84899026442008
-149.80700404743038 157.78904366217057
-145.45049362772968 156.03071831947113
-104.13854604551237 115.45386795594405
-73.57451620276849 145.81814218587039
-118.27228747704649 165.98630521375864
-131.29143961726842 11.367443700829734
-131.22882638483264 6.133365343592157
-115.79105508483808 -175.10055955299106
-69.64119942000697 158.35608889908056
-113.2619458092275 144.95106266386838
-90.87532257102363 -20.318181460057904
-81.57254964111577 165.14419565136038
-64.31234515894276 146.48206600980615
-118.87389278376693 -170.21617273504765
-71.86167158748705 148.14623137617008
-93.96890930793445 -175.32117356973453
-79.69615493477768 -14.622566482291182
-105.98658585183553 177.7778798337489
-157.2886742702195 138.6650101024314
-80.37658566282552 -34.95917973554744
-61.957329360427586 -26.09020329183324
-60.86081617806098 -41.3224176148206
-87.26159327081469 -16.141464904033224
-55.56873021612228 74.2334251764794
-142.9176943893542 143.09020241373403
-59.90629318794519 -11.819323496782335
-135.59955199259528 144.01568038423719
-54.80380575066404 0.08685391356042181
-149.83561350012133 147.32989515412976
69.92806295886734 48.404968268735104
-129.23371686532457 -62.13302611168236
53.16975174122701 51.00710791368848
-160.72682919031007 148.1375524397451
-69.14967843157103 -6.905269306285479
-125.34959640937267 89.81326563508472
-41.5247310423716 82.22279769251554
-114.0673993038193 146.04369229585626
-135.71131311727652 9.709518026810667
-106.22559779566355 -61.886399177755365
-151.44876059905602 -15.497290164296157
60.66455220504423 88.77427825571147
-70.37278087001745 -8.647174203435611
-124.34749041470917 89.3821303740072
-78.84932641320502 -52.828860897211264
-60.44812216770132 -28.545595063700784
-64.90837709880016 155.16156330572312
-91.27369866679192 -31.868643450742155
-62.83418372890979 -40.04574889185284
-46.25499231117599 -8.243661674106292
-107.54829316939023 -10.83669862178443
-68.29003581990804 -36.591792495676344
-62.596740655596385 -62.13634408627623
-100.09109550466756 124.41787440718717
-21.103324851534758 -78.4392019903144
-71.77837088345687 156.73054565694173
-30.049462100836703 -23.211279011038982
-76.56732736537096 145.4786022125993
-42.75419797805139 -46.69372927159164
-51.47288826879588 151.13669608835121
-108.40272253176958 122.01494407962926
-135.09820593410956 168.949703493252
-101.83852693303427 -115.85498875703809
-102.46659706293366 -111.54788210057768
-165.6872612514169 121.67224808215687
-81.40558997921862 125.37486393085412
-86.41407784561818 -41.51099038576268
-92.92589215454146 -6.706892236547349
-90.65565295178197 -25.681844999975603
-88.13236046945143 -28.05318664267782
-81.81512393957298 7.301762639898934
-83.09858543183996 -34.30752903985725
-90.61199341980686 -15.660996152384875
-90.14431762028343 -22.477523268073664
-92.69643946043901 -16.98703945148044
-81.49629901353089 -34.30638134371857
-93.49335208986896 -17.361880504505383
-85.6007733143286 -13.782828945235076
-89.54080687227996 -20.69476945561804
-112.84527673575785 -172.174494147688
-94.30750848833875 176.4466415931741
-95.92887494882481 -167.37844312894399
-77.54880383068394 167.94500720936847
-145.8465092344793 160.533225623666
-97.38204009844871 -18.623863470142126
-92.37005741324785 -18.06645897583767
-89.86383888958653 -33.89007394920495
-93.90384257406978 -10.574319769803482
-78.6041531437591 -41.15667687117039
-102.04796896777928 119.70306428629382
80.13286680807146 -12.492671036150655
-154.95158393573263 147.0985072623537
-57.53646682541311 -7.478635101920484
-126.44457894177911 85.24568843608263
-61.40272538438045 -6.509599071304638
-97.08559191328357 90.22859157088882
65.26824376164392 -18.882749023561246
-61.60950913048202 141.08380632949442
-61.14659305188178 -7.389117323350849
-146.95757533403733 147.2182408415758
-56.083655673438926 -7.301035370778135
-132.99242550485644 88.42154378695116
64.25608283268991 -14.977031128410049
-88.9606690535441 141.74127913993001
-64.67716794186569 80.06719501825218
-154.639091778497 138.3529273301544
-142.41901207311125 0.5486580500967313
-163.1191913381579 88.36597423374386
-51.38616661620107 -8.299381113621491
-98.88721485711717 -62.18721537601219
-74.28553563911338 -59.46672536575592
-74.84882565598754 -49.33778701130603
-53.882283574109536 -44.877238460056546
-71.26849347877423 -82.9283844332383
-139.43908908269216 -9.405776444321525
-79.50500090136987 -27.62412135824209
-115.65265066873361 141.81115247767463
175.76129903718 -28.599053286728346
68.5521632894984 36.24997078595705
-132.02731149312598 12.272849141573197
-100.74299358000876 -8.130931278381615
-91.79471030364793 -5.947407782276245
-131.27091503200677 11.289129765569012
-114.0642151581715 -176.9249773288544
-103.67548964855965 -175.23307510847084
-120.72740261434123 167.6324433499862
-84.6790319045682 -34.82989281021748
-157.38209219028366 164.6855698271697
65.41793557631577 -19.981188821929635
-163.09808831194624 146.95000446982502
34.812160100654985 22.208650369878864
-104.72994351630766 143.589379285624
-118.29026745067893 -3.6378452632485123
-86.82228756490734 149.47362876581653
78.60967983498377 -30.284075351747607
-113.55967736888307 79.46406642116011
-62.05750503367055 -17.470089637150735
-72.97834016104986 148.26188491910222
65.56069983644535 38.69973146008136
63.20881164086948 159.4095063140342
-49.995785355403505 -8.4950191667859
-62.29481514925713 147.3353348352438
83.85548608787269 52.663795240654295
-83.84858674273332 -62.327735675541746
-19.95999784243955 83.45383335637428
-163.37540717031226 147.68228042239852
-126.72872412267758 -9.971151393888821
-65.24159792193485 154.8855068068953
-81.60523797407154 25.010138810177526
-73.98896426539956 101.77059808285594
-19.951180355726567 88.01864209499489
-90.82013536600238 -12.49302792589128
-98.31111341719004 -40.47924690474564
-75.15578015512673 -30.7892169890189
-157.02196014645068 67.0943609189554
-134.5309090930364 88.3585834712243
-95.59579215418717 126.72585299342086
-69.00573029918965 155.51115988207303
-136.0499639475066 168.5815455541619
-108.6702717539682 121.0452785832544
-116.86751798156725 166.72782825380415
-135.13663490218693 168.98392439661774
-104.03938166417211 -175.85811493029365
-80.67740263821052 152.75899687281694
-87.35477114096582 -6.471451861671343
-84.86994839539823 -9.09014155305469
-136.25395366529065 163.78575421882428
-101.80064911056918 -89.84032416956119
-86.22847072204814 -164.17240533240525
-93.45808469127711 -17.218157456861917
-100.35668457427846 -172.30154565492222
-94.21820903997225 -111.67324348647348
86.94773860699938 -31.560006232439797
-66.5176540277832 -5.980491721700172
58.05663998673277 -59.68517754893678
67.15690247472071 38.639184214205216
-67.89693496562585 21.01138576567035
-63.22575373477599 -13.600086652744679
51.16509213599165 -66.996461735094
-48.73892286543204 -6.762110243182909
-44.27763845328085 -11.894238531131016
-170.3303756984599 -11.781461602143835
-72.36984916442451 -62.353082758452196
-81.35658778074783 -23.759462296379297
-63.48799811748244 -45.77487140260683
-62.38117113674601 -11.27797075933927
-71.93020680893862 -34.50820376236163
-62.15400242216843 148.80976269429004
-74.75611615672341 158.32380661214506
-64.08658357819279 -1.4146778591774865
-131.267731223503 11.358592689716819
-104.71243986321055 -175.62033259805673
-85.68996458747509 -43.74055209075593
-92.39015065457518 -18.024876721467454
-90.62096785336473 -26.067844933019423
-86.54893910690876 -30.7694615348797
-79.3834391410052 -37.30899116510014
-89.03805187462503 -14.708647015137549
-90.31796754656405 -23.19320271496101
-89.22042650078468 -19.167550763871386
-81.6604325252985 2.756653123904512
-97.65651593485529 -16.93100630659941
-93.93692049375207 -17.51216587244928
-87.34685257005086 -22.23518421257317
87.78297823806913 -25.24299793163752
83.34813001943542 40.826617122395
-133.44394623520168 -19.898433772608257
-59.7305451261622 0.07037481699183247
-150.20197373446214 -3.7239375938348456
-141.2613980076 -13.47283327290412
69.63088946806322 43.60166954266678
88.46311009688645 -28.003826875758218
75.8413113317061 43.44542978914134
75.15717081345137 -26.433217022861594
-64.4684405604787 -87.33272594463763
-62.113948808627946 -38.413651114171245
-60.146641888672036 -64.1194436675867
-70.7715917101988 2.7539858198738045
-116.66904918929832 55.059171448790636
-109.62690508185177 77.63540313314601
60.88053617799296 -88.35965445183813
-131.89042693126655 10.909507358485374
-91.24530934310633 -4.905812766730771
-135.1563601277469 168.9023961346194
-92.9280027039629 121.26237916605157
