#Residue Residue Contacts_00006[nativemap]
   1.000    1.000       0.0000
   2.000    1.000       1.0000
   3.000    1.000       0.7801
   4.000    1.000       0.0949
   5.000    1.000       0.0223
   6.000    1.000       0.0049
   7.000    1.000       0.0000
   8.000    1.000       0.0000
   9.000    1.000       0.0000
  10.000    1.000       0.0000
  11.000    1.000       0.0000
  12.000    1.000       0.0000
  13.000    1.000       0.0000
  14.000    1.000       0.0000
  15.000    1.000       0.0000
  16.000    1.000       0.0000
  17.000    1.000       0.0000
  18.000    1.000       0.0000
  19.000    1.000       0.0000
   1.000    2.000       1.0000
   2.000    2.000       0.0000
   3.000    2.000       1.0000
   4.000    2.000       0.7767
   5.000    2.000       0.0210
   6.000    2.000       0.0000
   7.000    2.000       0.0000
   8.000    2.000       0.0000
   9.000    2.000       0.0000
  10.000    2.000       0.0000
  11.000    2.000       0.0000
  12.000    2.000       0.0000
  13.000    2.000       0.0000
  14.000    2.000       0.0000
  15.000    2.000       0.0000
  16.000    2.000       0.0000
  17.000    2.000       0.0000
  18.000    2.000       0.0000
  19.000    2.000       0.0000
   1.000    3.000       0.7801
   2.000    3.000       1.0000
   3.000    3.000       0.0000
   4.000    3.000       1.0000
   5.000    3.000       0.7782
   6.000    3.000       0.0000
   7.000    3.000       0.0000
   8.000    3.000       0.0000
   9.000    3.000       0.0000
  10.000    3.000       0.0000
  11.000    3.000       0.0000
  12.000    3.000       0.0000
  13.000    3.000       0.0000
  14.000    3.000       0.0758
  15.000    3.000       0.0986
  16.000    3.000       0.0000
  17.000    3.000       0.0000
  18.000    3.000       0.0000
  19.000    3.000       0.0000
   1.000    4.000       0.0949
   2.000    4.000       0.7767
   3.000    4.000       1.0000
   4.000    4.000       0.0000
   5.000    4.000       1.0000
   6.000    4.000       0.5380
   7.000    4.000       0.0274
   8.000    4.000       0.0000
   9.000    4.000       0.0000
  10.000    4.000       0.2855
  11.000    4.000       0.0000
  12.000    4.000       0.0000
  13.000    4.000       0.0000
  14.000    4.000       0.0000
  15.000    4.000       0.0000
  16.000    4.000       0.0000
  17.000    4.000       0.0000
  18.000    4.000       0.0000
  19.000    4.000       0.0000
   1.000    5.000       0.0223
   2.000    5.000       0.0210
   3.000    5.000       0.7782
   4.000    5.000       1.0000
   5.000    5.000       0.0000
   6.000    5.000       1.0000
   7.000    5.000       0.8044
   8.000    5.000       0.0000
   9.000    5.000       0.0000
  10.000    5.000       0.0000
  11.000    5.000       0.0000
  12.000    5.000       0.0000
  13.000    5.000       0.0000
  14.000    5.000       0.0000
  15.000    5.000       0.0000
  16.000    5.000       0.0000
  17.000    5.000       0.0000
  18.000    5.000       0.0000
  19.000    5.000       0.0000
   1.000    6.000       0.0049
   2.000    6.000       0.0000
   3.000    6.000       0.0000
   4.000    6.000       0.5380
   5.000    6.000       1.0000
   6.000    6.000       0.0000
   7.000    6.000       1.0000
   8.000    6.000       0.6896
   9.000    6.000       0.0000
  10.000    6.000       0.0000
  11.000    6.000       0.0000
  12.000    6.000       0.0000
  13.000    6.000       0.0000
  14.000    6.000       0.0000
  15.000    6.000       0.0000
  16.000    6.000       0.0000
  17.000    6.000       0.0000
  18.000    6.000       0.0000
  19.000    6.000       0.0000
   1.000    7.000       0.0000
   2.000    7.000       0.0000
   3.000    7.000       0.0000
   4.000    7.000       0.0274
   5.000    7.000       0.8044
   6.000    7.000       1.0000
   7.000    7.000       0.0000
   8.000    7.000       1.0000
   9.000    7.000       0.8000
  10.000    7.000       0.2876
  11.000    7.000       0.0000
  12.000    7.000       0.0000
  13.000    7.000       0.0000
  14.000    7.000       0.0000
  15.000    7.000       0.0000
  16.000    7.000       0.0000
  17.000    7.000       0.0000
  18.000    7.000       0.0000
  19.000    7.000       0.0000
   1.000    8.000       0.0000
   2.000    8.000       0.0000
   3.000    8.000       0.0000
   4.000    8.000       0.0000
   5.000    8.000       0.0000
   6.000    8.000       0.6896
   7.000    8.000       1.0000
   8.000    8.000       0.0000
   9.000    8.000       1.0000
  10.000    8.000       0.8544
  11.000    8.000       0.0000
  12.000    8.000       0.0000
  13.000    8.000       0.0000
  14.000    8.000       0.0000
  15.000    8.000       0.0000
  16.000    8.000       0.0000
  17.000    8.000       0.0000
  18.000    8.000       0.0000
  19.000    8.000       0.0000
   1.000    9.000       0.0000
   2.000    9.000       0.0000
   3.000    9.000       0.0000
   4.000    9.000       0.0000
   5.000    9.000       0.0000
   6.000    9.000       0.0000
   7.000    9.000       0.8000
   8.000    9.000       1.0000
   9.000    9.000       0.0000
  10.000    9.000       1.0000
  11.000    9.000       0.8056
  12.000    9.000       0.0133
  13.000    9.000       0.0000
  14.000    9.000       0.0000
  15.000    9.000       0.0000
  16.000    9.000       0.0000
  17.000    9.000       0.0000
  18.000    9.000       0.0000
  19.000    9.000       0.0000
   1.000   10.000       0.0000
   2.000   10.000       0.0000
   3.000   10.000       0.0000
   4.000   10.000       0.2855
   5.000   10.000       0.0000
   6.000   10.000       0.0000
   7.000   10.000       0.2876
   8.000   10.000       0.8544
   9.000   10.000       1.0000
  10.000   10.000       0.0000
  11.000   10.000       1.0000
  12.000   10.000       0.7845
  13.000   10.000       0.0000
  14.000   10.000       0.0000
  15.000   10.000       0.0000
  16.000   10.000       0.0000
  17.000   10.000       0.0000
  18.000   10.000       0.0000
  19.000   10.000       0.0000
   1.000   11.000       0.0000
   2.000   11.000       0.0000
   3.000   11.000       0.0000
   4.000   11.000       0.0000
   5.000   11.000       0.0000
   6.000   11.000       0.0000
   7.000   11.000       0.0000
   8.000   11.000       0.0000
   9.000   11.000       0.8056
  10.000   11.000       1.0000
  11.000   11.000       0.0000
  12.000   11.000       1.0000
  13.000   11.000       0.0000
  14.000   11.000       0.0000
  15.000   11.000       0.0000
  16.000   11.000       0.0000
  17.000   11.000       0.0000
  18.000   11.000       0.0000
  19.000   11.000       0.0000
   1.000   12.000       0.0000
   2.000   12.000       0.0000
   3.000   12.000       0.0000
   4.000   12.000       0.0000
   5.000   12.000       0.0000
   6.000   12.000       0.0000
   7.000   12.000       0.0000
   8.000   12.000       0.0000
   9.000   12.000       0.0133
  10.000   12.000       0.7845
  11.000   12.000       1.0000
  12.000   12.000       0.0000
  13.000   12.000       1.0000
  14.000   12.000       0.8172
  15.000   12.000       0.0221
  16.000   12.000       0.0000
  17.000   12.000       0.0000
  18.000   12.000       0.0000
  19.000   12.000       0.0000
   1.000   13.000       0.0000
   2.000   13.000       0.0000
   3.000   13.000       0.0000
   4.000   13.000       0.0000
   5.000   13.000       0.0000
   6.000   13.000       0.0000
   7.000   13.000       0.0000
   8.000   13.000       0.0000
   9.000   13.000       0.0000
  10.000   13.000       0.0000
  11.000   13.000       0.0000
  12.000   13.000       1.0000
  13.000   13.000       0.0000
  14.000   13.000       1.0000
  15.000   13.000       0.8454
  16.000   13.000       0.0000
  17.000   13.000       0.0000
  18.000   13.000       0.0000
  19.000   13.000       0.0113
   1.000   14.000       0.0000
   2.000   14.000       0.0000
   3.000   14.000       0.0758
   4.000   14.000       0.0000
   5.000   14.000       0.0000
   6.000   14.000       0.0000
   7.000   14.000       0.0000
   8.000   14.000       0.0000
   9.000   14.000       0.0000
  10.000   14.000       0.0000
  11.000   14.000       0.0000
  12.000   14.000       0.8172
  13.000   14.000       1.0000
  14.000   14.000       0.0000
  15.000   14.000       1.0000
  16.000   14.000       0.9568
  17.000   14.000       0.0000
  18.000   14.000       0.0000
  19.000   14.000       0.0000
   1.000   15.000       0.0000
   2.000   15.000       0.0000
   3.000   15.000       0.0986
   4.000   15.000       0.0000
   5.000   15.000       0.0000
   6.000   15.000       0.0000
   7.000   15.000       0.0000
   8.000   15.000       0.0000
   9.000   15.000       0.0000
  10.000   15.000       0.0000
  11.000   15.000       0.0000
  12.000   15.000       0.0221
  13.000   15.000       0.8454
  14.000   15.000       1.0000
  15.000   15.000       0.0000
  16.000   15.000       1.0000
  17.000   15.000       0.9243
  18.000   15.000       0.0000
  19.000   15.000       0.0000
   1.000   16.000       0.0000
   2.000   16.000       0.0000
   3.000   16.000       0.0000
   4.000   16.000       0.0000
   5.000   16.000       0.0000
   6.000   16.000       0.0000
   7.000   16.000       0.0000
   8.000   16.000       0.0000
   9.000   16.000       0.0000
  10.000   16.000       0.0000
  11.000   16.000       0.0000
  12.000   16.000       0.0000
  13.000   16.000       0.0000
  14.000   16.000       0.9568
  15.000   16.000       1.0000
  16.000   16.000       0.0000
  17.000   16.000       1.0000
  18.000   16.000       0.9429
  19.000   16.000       0.0000
   1.000   17.000       0.0000
   2.000   17.000       0.0000
   3.000   17.000       0.0000
   4.000   17.000       0.0000
   5.000   17.000       0.0000
   6.000   17.000       0.0000
   7.000   17.000       0.0000
   8.000   17.000       0.0000
   9.000   17.000       0.0000
  10.000   17.000       0.0000
  11.000   17.000       0.0000
  12.000   17.000       0.0000
  13.000   17.000       0.0000
  14.000   17.000       0.0000
  15.000   17.000       0.9243
  16.000   17.000       1.0000
  17.000   17.000       0.0000
  18.000   17.000       1.0000
  19.000   17.000       0.8510
   1.000   18.000       0.0000
   2.000   18.000       0.0000
   3.000   18.000       0.0000
   4.000   18.000       0.0000
   5.000   18.000       0.0000
   6.000   18.000       0.0000
   7.000   18.000       0.0000
   8.000   18.000       0.0000
   9.000   18.000       0.0000
  10.000   18.000       0.0000
  11.000   18.000       0.0000
  12.000   18.000       0.0000
  13.000   18.000       0.0000
  14.000   18.000       0.0000
  15.000   18.000       0.0000
  16.000   18.000       0.9429
  17.000   18.000       1.0000
  18.000   18.000       0.0000
  19.000   18.000       1.0000
   1.000   19.000       0.0000
   2.000   19.000       0.0000
   3.000   19.000       0.0000
   4.000   19.000       0.0000
   5.000   19.000       0.0000
   6.000   19.000       0.0000
   7.000   19.000       0.0000
   8.000   19.000       0.0000
   9.000   19.000       0.0000
  10.000   19.000       0.0000
  11.000   19.000       0.0000
  12.000   19.000       0.0000
  13.000   19.000       0.0113
  14.000   19.000       0.0000
  15.000   19.000       0.0000
  16.000   19.000       0.0000
  17.000   19.000       0.8510
  18.000   19.000       1.0000
  19.000   19.000       0.0000
