#Residue Residue Contacts_00006[nonnatmap]
   1.000    1.000       0.0000
   2.000    1.000       0.0000
   3.000    1.000       0.0000
   4.000    1.000       0.0000
   5.000    1.000       0.0000
   6.000    1.000       0.0000
   7.000    1.000       0.0002
   8.000    1.000       0.0003
   9.000    1.000       0.0002
  10.000    1.000       0.0798
  11.000    1.000       0.1688
  12.000    1.000       0.3796
  13.000    1.000       0.3290
  14.000    1.000       0.3653
  15.000    1.000       0.0308
  16.000    1.000       0.0244
  17.000    1.000       0.0372
  18.000    1.000       0.0905
  19.000    1.000       0.0996
   1.000    2.000       0.0000
   2.000    2.000       0.0000
   3.000    2.000       0.0000
   4.000    2.000       0.0000
   5.000    2.000       0.0000
   6.000    2.000       0.0172
   7.000    2.000       0.0139
   8.000    2.000       0.0189
   9.000    2.000       0.0509
  10.000    2.000       0.3368
  11.000    2.000       0.2266
  12.000    2.000       0.2476
  13.000    2.000       0.1930
  14.000    2.000       0.0991
  15.000    2.000       0.0571
  16.000    2.000       0.0186
  17.000    2.000       0.0346
  18.000    2.000       0.0847
  19.000    2.000       0.0697
   1.000    3.000       0.0000
   2.000    3.000       0.0000
   3.000    3.000       0.0000
   4.000    3.000       0.0000
   5.000    3.000       0.0000
   6.000    3.000       0.1271
   7.000    3.000       0.0159
   8.000    3.000       0.0638
   9.000    3.000       0.0741
  10.000    3.000       0.2733
  11.000    3.000       0.1500
  12.000    3.000       0.1417
  13.000    3.000       0.1336
  14.000    3.000       0.0000
  15.000    3.000       0.0000
  16.000    3.000       0.0124
  17.000    3.000       0.0160
  18.000    3.000       0.0577
  19.000    3.000       0.0058
   1.000    4.000       0.0000
   2.000    4.000       0.0000
   3.000    4.000       0.0000
   4.000    4.000       0.0000
   5.000    4.000       0.0000
   6.000    4.000       0.0000
   7.000    4.000       0.0000
   8.000    4.000       0.1556
   9.000    4.000       0.1450
  10.000    4.000       0.0000
  11.000    4.000       0.0368
  12.000    4.000       0.0424
  13.000    4.000       0.0308
  14.000    4.000       0.0221
  15.000    4.000       0.0964
  16.000    4.000       0.0472
  17.000    4.000       0.0391
  18.000    4.000       0.0480
  19.000    4.000       0.0007
   1.000    5.000       0.0000
   2.000    5.000       0.0000
   3.000    5.000       0.0000
   4.000    5.000       0.0000
   5.000    5.000       0.0000
   6.000    5.000       0.0000
   7.000    5.000       0.0000
   8.000    5.000       0.3998
   9.000    5.000       0.1853
  10.000    5.000       0.4147
  11.000    5.000       0.0441
  12.000    5.000       0.0220
  13.000    5.000       0.0094
  14.000    5.000       0.0150
  15.000    5.000       0.0854
  16.000    5.000       0.0473
  17.000    5.000       0.0117
  18.000    5.000       0.0043
  19.000    5.000       0.0005
   1.000    6.000       0.0000
   2.000    6.000       0.0172
   3.000    6.000       0.1271
   4.000    6.000       0.0000
   5.000    6.000       0.0000
   6.000    6.000       0.0000
   7.000    6.000       0.0000
   8.000    6.000       0.0000
   9.000    6.000       0.0773
  10.000    6.000       0.2029
  11.000    6.000       0.0237
  12.000    6.000       0.0000
  13.000    6.000       0.0001
  14.000    6.000       0.0000
  15.000    6.000       0.0154
  16.000    6.000       0.0012
  17.000    6.000       0.0030
  18.000    6.000       0.0001
  19.000    6.000       0.0000
   1.000    7.000       0.0002
   2.000    7.000       0.0139
   3.000    7.000       0.0159
   4.000    7.000       0.0000
   5.000    7.000       0.0000
   6.000    7.000       0.0000
   7.000    7.000       0.0000
   8.000    7.000       0.0000
   9.000    7.000       0.0000
  10.000    7.000       0.0000
  11.000    7.000       0.0265
  12.000    7.000       0.0002
  13.000    7.000       0.0000
  14.000    7.000       0.0000
  15.000    7.000       0.0013
  16.000    7.000       0.0000
  17.000    7.000       0.0000
  18.000    7.000       0.0004
  19.000    7.000       0.0002
   1.000    8.000       0.0003
   2.000    8.000       0.0189
   3.000    8.000       0.0638
   4.000    8.000       0.1556
   5.000    8.000       0.3998
   6.000    8.000       0.0000
   7.000    8.000       0.0000
   8.000    8.000       0.0000
   9.000    8.000       0.0000
  10.000    8.000       0.0000
  11.000    8.000       0.0311
  12.000    8.000       0.0002
  13.000    8.000       0.0000
  14.000    8.000       0.0000
  15.000    8.000       0.0000
  16.000    8.000       0.0000
  17.000    8.000       0.0000
  18.000    8.000       0.0000
  19.000    8.000       0.0000
   1.000    9.000       0.0002
   2.000    9.000       0.0509
   3.000    9.000       0.0741
   4.000    9.000       0.1450
   5.000    9.000       0.1853
   6.000    9.000       0.0773
   7.000    9.000       0.0000
   8.000    9.000       0.0000
   9.000    9.000       0.0000
  10.000    9.000       0.0000
  11.000    9.000       0.0000
  12.000    9.000       0.0000
  13.000    9.000       0.0000
  14.000    9.000       0.0002
  15.000    9.000       0.0000
  16.000    9.000       0.0000
  17.000    9.000       0.0000
  18.000    9.000       0.0000
  19.000    9.000       0.0000
   1.000   10.000       0.0798
   2.000   10.000       0.3368
   3.000   10.000       0.2733
   4.000   10.000       0.0000
   5.000   10.000       0.4147
   6.000   10.000       0.2029
   7.000   10.000       0.0000
   8.000   10.000       0.0000
   9.000   10.000       0.0000
  10.000   10.000       0.0000
  11.000   10.000       0.0000
  12.000   10.000       0.0000
  13.000   10.000       0.0356
  14.000   10.000       0.0192
  15.000   10.000       0.0412
  16.000   10.000       0.0079
  17.000   10.000       0.0002
  18.000   10.000       0.0000
  19.000   10.000       0.0000
   1.000   11.000       0.1688
   2.000   11.000       0.2266
   3.000   11.000       0.1500
   4.000   11.000       0.0368
   5.000   11.000       0.0441
   6.000   11.000       0.0237
   7.000   11.000       0.0265
   8.000   11.000       0.0311
   9.000   11.000       0.0000
  10.000   11.000       0.0000
  11.000   11.000       0.0000
  12.000   11.000       0.0000
  13.000   11.000       0.8575
  14.000   11.000       0.0827
  15.000   11.000       0.0279
  16.000   11.000       0.0130
  17.000   11.000       0.0001
  18.000   11.000       0.0001
  19.000   11.000       0.0000
   1.000   12.000       0.3796
   2.000   12.000       0.2476
   3.000   12.000       0.1417
   4.000   12.000       0.0424
   5.000   12.000       0.0220
   6.000   12.000       0.0000
   7.000   12.000       0.0002
   8.000   12.000       0.0002
   9.000   12.000       0.0000
  10.000   12.000       0.0000
  11.000   12.000       0.0000
  12.000   12.000       0.0000
  13.000   12.000       0.0000
  14.000   12.000       0.0000
  15.000   12.000       0.0000
  16.000   12.000       0.0005
  17.000   12.000       0.0008
  18.000   12.000       0.0001
  19.000   12.000       0.0000
   1.000   13.000       0.3290
   2.000   13.000       0.1930
   3.000   13.000       0.1336
   4.000   13.000       0.0308
   5.000   13.000       0.0094
   6.000   13.000       0.0001
   7.000   13.000       0.0000
   8.000   13.000       0.0000
   9.000   13.000       0.0000
  10.000   13.000       0.0356
  11.000   13.000       0.8575
  12.000   13.000       0.0000
  13.000   13.000       0.0000
  14.000   13.000       0.0000
  15.000   13.000       0.0000
  16.000   13.000       0.0000
  17.000   13.000       0.0599
  18.000   13.000       0.0094
  19.000   13.000       0.0000
   1.000   14.000       0.3653
   2.000   14.000       0.0991
   3.000   14.000       0.0000
   4.000   14.000       0.0221
   5.000   14.000       0.0150
   6.000   14.000       0.0000
   7.000   14.000       0.0000
   8.000   14.000       0.0000
   9.000   14.000       0.0002
  10.000   14.000       0.0192
  11.000   14.000       0.0827
  12.000   14.000       0.0000
  13.000   14.000       0.0000
  14.000   14.000       0.0000
  15.000   14.000       0.0000
  16.000   14.000       0.0000
  17.000   14.000       0.1498
  18.000   14.000       0.0054
  19.000   14.000       0.0047
   1.000   15.000       0.0308
   2.000   15.000       0.0571
   3.000   15.000       0.0000
   4.000   15.000       0.0964
   5.000   15.000       0.0854
   6.000   15.000       0.0154
   7.000   15.000       0.0013
   8.000   15.000       0.0000
   9.000   15.000       0.0000
  10.000   15.000       0.0412
  11.000   15.000       0.0279
  12.000   15.000       0.0000
  13.000   15.000       0.0000
  14.000   15.000       0.0000
  15.000   15.000       0.0000
  16.000   15.000       0.0000
  17.000   15.000       0.0000
  18.000   15.000       0.1493
  19.000   15.000       0.0045
   1.000   16.000       0.0244
   2.000   16.000       0.0186
   3.000   16.000       0.0124
   4.000   16.000       0.0472
   5.000   16.000       0.0473
   6.000   16.000       0.0012
   7.000   16.000       0.0000
   8.000   16.000       0.0000
   9.000   16.000       0.0000
  10.000   16.000       0.0079
  11.000   16.000       0.0130
  12.000   16.000       0.0005
  13.000   16.000       0.0000
  14.000   16.000       0.0000
  15.000   16.000       0.0000
  16.000   16.000       0.0000
  17.000   16.000       0.0000
  18.000   16.000       0.0000
  19.000   16.000       0.0119
   1.000   17.000       0.0372
   2.000   17.000       0.0346
   3.000   17.000       0.0160
   4.000   17.000       0.0391
   5.000   17.000       0.0117
   6.000   17.000       0.0030
   7.000   17.000       0.0000
   8.000   17.000       0.0000
   9.000   17.000       0.0000
  10.000   17.000       0.0002
  11.000   17.000       0.0001
  12.000   17.000       0.0008
  13.000   17.000       0.0599
  14.000   17.000       0.1498
  15.000   17.000       0.0000
  16.000   17.000       0.0000
  17.000   17.000       0.0000
  18.000   17.000       0.0000
  19.000   17.000       0.0000
   1.000   18.000       0.0905
   2.000   18.000       0.0847
   3.000   18.000       0.0577
   4.000   18.000       0.0480
   5.000   18.000       0.0043
   6.000   18.000       0.0001
   7.000   18.000       0.0004
   8.000   18.000       0.0000
   9.000   18.000       0.0000
  10.000   18.000       0.0000
  11.000   18.000       0.0001
  12.000   18.000       0.0001
  13.000   18.000       0.0094
  14.000   18.000       0.0054
  15.000   18.000       0.1493
  16.000   18.000       0.0000
  17.000   18.000       0.0000
  18.000   18.000       0.0000
  19.000   18.000       0.0000
   1.000   19.000       0.0996
   2.000   19.000       0.0697
   3.000   19.000       0.0058
   4.000   19.000       0.0007
   5.000   19.000       0.0005
   6.000   19.000       0.0000
   7.000   19.000       0.0002
   8.000   19.000       0.0000
   9.000   19.000       0.0000
  10.000   19.000       0.0000
  11.000   19.000       0.0000
  12.000   19.000       0.0000
  13.000   19.000       0.0000
  14.000   19.000       0.0047
  15.000   19.000       0.0045
  16.000   19.000       0.0119
  17.000   19.000       0.0000
  18.000   19.000       0.0000
  19.000   19.000       0.0000
