#Residue Residue Contacts_00007[nonnatmap]
   1.000    1.000        0.0000
   2.000    1.000        0.0000
   3.000    1.000        0.0000
   4.000    1.000        0.0000
   5.000    1.000        0.0000
   6.000    1.000        0.0000
   7.000    1.000        0.0698
   8.000    1.000        0.0750
   9.000    1.000        0.0320
  10.000    1.000        0.0190
  11.000    1.000        0.0066
  12.000    1.000        0.0398
  13.000    1.000        0.1367
  14.000    1.000        0.1830
  15.000    1.000        0.0697
  16.000    1.000        0.0533
  17.000    1.000        0.0558
  18.000    1.000        0.0134
  19.000    1.000        0.0453
   1.000    2.000        0.0000
   2.000    2.000        0.0000
   3.000    2.000        0.0000
   4.000    2.000        0.0000
   5.000    2.000        0.0000
   6.000    2.000        0.0294
   7.000    2.000        0.0129
   8.000    2.000        0.0011
   9.000    2.000        0.0008
  10.000    2.000        0.0000
  11.000    2.000        0.0001
  12.000    2.000        0.0444
  13.000    2.000        0.0648
  14.000    2.000        0.0325
  15.000    2.000        0.0793
  16.000    2.000        0.1053
  17.000    2.000        0.1294
  18.000    2.000        0.1094
  19.000    2.000        0.0624
   1.000    3.000        0.0000
   2.000    3.000        0.0000
   3.000    3.000        0.0000
   4.000    3.000        0.0000
   5.000    3.000        0.0000
   6.000    3.000        0.0076
   7.000    3.000        0.0002
   8.000    3.000        0.0012
   9.000    3.000        0.0002
  10.000    3.000        0.0512
  11.000    3.000        0.0101
  12.000    3.000        0.0290
  13.000    3.000        0.0492
  14.000    3.000        0.1080
  15.000    3.000        0.0000
  16.000    3.000        0.0204
  17.000    3.000        0.1037
  18.000    3.000        0.1261
  19.000    3.000        0.0861
   1.000    4.000        0.0000
   2.000    4.000        0.0000
   3.000    4.000        0.0000
   4.000    4.000        0.0000
   5.000    4.000        0.0000
   6.000    4.000        0.0000
   7.000    4.000        0.0000
   8.000    4.000        0.0000
   9.000    4.000        0.0000
  10.000    4.000        0.0000
  11.000    4.000        0.0072
  12.000    4.000        0.0430
  13.000    4.000        0.0172
  14.000    4.000        0.0520
  15.000    4.000        0.1116
  16.000    4.000        0.0544
  17.000    4.000        0.1083
  18.000    4.000        0.1109
  19.000    4.000        0.1068
   1.000    5.000        0.0000
   2.000    5.000        0.0000
   3.000    5.000        0.0000
   4.000    5.000        0.0000
   5.000    5.000        0.0000
   6.000    5.000        0.0000
   7.000    5.000        0.0000
   8.000    5.000        0.0225
   9.000    5.000        0.0604
  10.000    5.000        0.0000
  11.000    5.000        0.0120
  12.000    5.000        0.0182
  13.000    5.000        0.0816
  14.000    5.000        0.0348
  15.000    5.000        0.0912
  16.000    5.000        0.0216
  17.000    5.000        0.0286
  18.000    5.000        0.0701
  19.000    5.000        0.0838
   1.000    6.000        0.0000
   2.000    6.000        0.0294
   3.000    6.000        0.0076
   4.000    6.000        0.0000
   5.000    6.000        0.0000
   6.000    6.000        0.0000
   7.000    6.000        0.0000
   8.000    6.000        0.0000
   9.000    6.000        0.1155
  10.000    6.000        0.3974
  11.000    6.000        0.0009
  12.000    6.000        0.0140
  13.000    6.000        0.0854
  14.000    6.000        0.0105
  15.000    6.000        0.0667
  16.000    6.000        0.0234
  17.000    6.000        0.0252
  18.000    6.000        0.0065
  19.000    6.000        0.0030
   1.000    7.000        0.0698
   2.000    7.000        0.0129
   3.000    7.000        0.0002
   4.000    7.000        0.0000
   5.000    7.000        0.0000
   6.000    7.000        0.0000
   7.000    7.000        0.0000
   8.000    7.000        0.0000
   9.000    7.000        0.0000
  10.000    7.000        0.5914
  11.000    7.000        0.0671
  12.000    7.000        0.0681
  13.000    7.000        0.0719
  14.000    7.000        0.0124
  15.000    7.000        0.0447
  16.000    7.000        0.0186
  17.000    7.000        0.0147
  18.000    7.000        0.0077
  19.000    7.000        0.0006
   1.000    8.000        0.0750
   2.000    8.000        0.0011
   3.000    8.000        0.0012
   4.000    8.000        0.0000
   5.000    8.000        0.0225
   6.000    8.000        0.0000
   7.000    8.000        0.0000
   8.000    8.000        0.0000
   9.000    8.000        0.0000
  10.000    8.000        0.0000
  11.000    8.000        0.3481
  12.000    8.000        0.0987
  13.000    8.000        0.0138
  14.000    8.000        0.0000
  15.000    8.000        0.0052
  16.000    8.000        0.0003
  17.000    8.000        0.0000
  18.000    8.000        0.0000
  19.000    8.000        0.0000
   1.000    9.000        0.0320
   2.000    9.000        0.0008
   3.000    9.000        0.0002
   4.000    9.000        0.0000
   5.000    9.000        0.0604
   6.000    9.000        0.1155
   7.000    9.000        0.0000
   8.000    9.000        0.0000
   9.000    9.000        0.0000
  10.000    9.000        0.0000
  11.000    9.000        0.0000
  12.000    9.000        0.1509
  13.000    9.000        0.0422
  14.000    9.000        0.0014
  15.000    9.000        0.0020
  16.000    9.000        0.0003
  17.000    9.000        0.0006
  18.000    9.000        0.0005
  19.000    9.000        0.0029
   1.000   10.000        0.0190
   2.000   10.000        0.0000
   3.000   10.000        0.0512
   4.000   10.000        0.0000
   5.000   10.000        0.0000
   6.000   10.000        0.3974
   7.000   10.000        0.5914
   8.000   10.000        0.0000
   9.000   10.000        0.0000
  10.000   10.000        0.0000
  11.000   10.000        0.0000
  12.000   10.000        0.0000
  13.000   10.000        0.1250
  14.000   10.000        0.1310
  15.000   10.000        0.2039
  16.000   10.000        0.0854
  17.000   10.000        0.0196
  18.000   10.000        0.0068
  19.000   10.000        0.0056
   1.000   11.000        0.0066
   2.000   11.000        0.0001
   3.000   11.000        0.0101
   4.000   11.000        0.0072
   5.000   11.000        0.0120
   6.000   11.000        0.0009
   7.000   11.000        0.0671
   8.000   11.000        0.3481
   9.000   11.000        0.0000
  10.000   11.000        0.0000
  11.000   11.000        0.0000
  12.000   11.000        0.0000
  13.000   11.000        0.8317
  14.000   11.000        0.2689
  15.000   11.000        0.1435
  16.000   11.000        0.1020
  17.000   11.000        0.0523
  18.000   11.000        0.0020
  19.000   11.000        0.0005
   1.000   12.000        0.0398
   2.000   12.000        0.0444
   3.000   12.000        0.0290
   4.000   12.000        0.0430
   5.000   12.000        0.0182
   6.000   12.000        0.0140
   7.000   12.000        0.0681
   8.000   12.000        0.0987
   9.000   12.000        0.1509
  10.000   12.000        0.0000
  11.000   12.000        0.0000
  12.000   12.000        0.0000
  13.000   12.000        0.0000
  14.000   12.000        0.0000
  15.000   12.000        0.0588
  16.000   12.000        0.0023
  17.000   12.000        0.0068
  18.000   12.000        0.0000
  19.000   12.000        0.0000
   1.000   13.000        0.1367
   2.000   13.000        0.0648
   3.000   13.000        0.0492
   4.000   13.000        0.0172
   5.000   13.000        0.0816
   6.000   13.000        0.0854
   7.000   13.000        0.0719
   8.000   13.000        0.0138
   9.000   13.000        0.0422
  10.000   13.000        0.1250
  11.000   13.000        0.8317
  12.000   13.000        0.0000
  13.000   13.000        0.0000
  14.000   13.000        0.0000
  15.000   13.000        0.0000
  16.000   13.000        0.0000
  17.000   13.000        0.0000
  18.000   13.000        0.0004
  19.000   13.000        0.0002
   1.000   14.000        0.1830
   2.000   14.000        0.0325
   3.000   14.000        0.1080
   4.000   14.000        0.0520
   5.000   14.000        0.0348
   6.000   14.000        0.0105
   7.000   14.000        0.0124
   8.000   14.000        0.0000
   9.000   14.000        0.0014
  10.000   14.000        0.1310
  11.000   14.000        0.2689
  12.000   14.000        0.0000
  13.000   14.000        0.0000
  14.000   14.000        0.0000
  15.000   14.000        0.0000
  16.000   14.000        0.0000
  17.000   14.000        0.0000
  18.000   14.000        0.0013
  19.000   14.000        0.0000
   1.000   15.000        0.0697
   2.000   15.000        0.0793
   3.000   15.000        0.0000
   4.000   15.000        0.1116
   5.000   15.000        0.0912
   6.000   15.000        0.0667
   7.000   15.000        0.0447
   8.000   15.000        0.0052
   9.000   15.000        0.0020
  10.000   15.000        0.2039
  11.000   15.000        0.1435
  12.000   15.000        0.0588
  13.000   15.000        0.0000
  14.000   15.000        0.0000
  15.000   15.000        0.0000
  16.000   15.000        0.0000
  17.000   15.000        0.0000
  18.000   15.000        0.1420
  19.000   15.000        0.0501
   1.000   16.000        0.0533
   2.000   16.000        0.1053
   3.000   16.000        0.0204
   4.000   16.000        0.0544
   5.000   16.000        0.0216
   6.000   16.000        0.0234
   7.000   16.000        0.0186
   8.000   16.000        0.0003
   9.000   16.000        0.0003
  10.000   16.000        0.0854
  11.000   16.000        0.1020
  12.000   16.000        0.0023
  13.000   16.000        0.0000
  14.000   16.000        0.0000
  15.000   16.000        0.0000
  16.000   16.000        0.0000
  17.000   16.000        0.0000
  18.000   16.000        0.0000
  19.000   16.000        0.1532
   1.000   17.000        0.0558
   2.000   17.000        0.1294
   3.000   17.000        0.1037
   4.000   17.000        0.1083
   5.000   17.000        0.0286
   6.000   17.000        0.0252
   7.000   17.000        0.0147
   8.000   17.000        0.0000
   9.000   17.000        0.0006
  10.000   17.000        0.0196
  11.000   17.000        0.0523
  12.000   17.000        0.0068
  13.000   17.000        0.0000
  14.000   17.000        0.0000
  15.000   17.000        0.0000
  16.000   17.000        0.0000
  17.000   17.000        0.0000
  18.000   17.000        0.0000
  19.000   17.000        0.0000
   1.000   18.000        0.0134
   2.000   18.000        0.1094
   3.000   18.000        0.1261
   4.000   18.000        0.1109
   5.000   18.000        0.0701
   6.000   18.000        0.0065
   7.000   18.000        0.0077
   8.000   18.000        0.0000
   9.000   18.000        0.0005
  10.000   18.000        0.0068
  11.000   18.000        0.0020
  12.000   18.000        0.0000
  13.000   18.000        0.0004
  14.000   18.000        0.0013
  15.000   18.000        0.1420
  16.000   18.000        0.0000
  17.000   18.000        0.0000
  18.000   18.000        0.0000
  19.000   18.000        0.0000
   1.000   19.000        0.0453
   2.000   19.000        0.0624
   3.000   19.000        0.0861
   4.000   19.000        0.1068
   5.000   19.000        0.0838
   6.000   19.000        0.0030
   7.000   19.000        0.0006
   8.000   19.000        0.0000
   9.000   19.000        0.0029
  10.000   19.000        0.0056
  11.000   19.000        0.0005
  12.000   19.000        0.0000
  13.000   19.000        0.0002
  14.000   19.000        0.0000
  15.000   19.000        0.0501
  16.000   19.000        0.1532
  17.000   19.000        0.0000
  18.000   19.000        0.0000
  19.000   19.000        0.0000
