#Residue Residue Contacts_00007[nonnatmap]
   1.000    1.000        0.0000
   2.000    1.000        0.0000
   3.000    1.000        0.0000
   4.000    1.000        0.0000
   5.000    1.000        0.0000
   6.000    1.000        0.0000
   7.000    1.000        0.0000
   8.000    1.000        0.0018
   9.000    1.000        0.0046
  10.000    1.000        0.0364
  11.000    1.000        0.0229
  12.000    1.000        0.0842
  13.000    1.000        0.1066
  14.000    1.000        0.1952
  15.000    1.000        0.0448
  16.000    1.000        0.0246
  17.000    1.000        0.0465
  18.000    1.000        0.0597
  19.000    1.000        0.0940
   1.000    2.000        0.0000
   2.000    2.000        0.0000
   3.000    2.000        0.0000
   4.000    2.000        0.0000
   5.000    2.000        0.0107
   6.000    2.000        0.0609
   7.000    2.000        0.0202
   8.000    2.000        0.0006
   9.000    2.000        0.0268
  10.000    2.000        0.0293
  11.000    2.000        0.0081
  12.000    2.000        0.0254
  13.000    2.000        0.0130
  14.000    2.000        0.0594
  15.000    2.000        0.0182
  16.000    2.000        0.0064
  17.000    2.000        0.0356
  18.000    2.000        0.0478
  19.000    2.000        0.0797
   1.000    3.000        0.0000
   2.000    3.000        0.0000
   3.000    3.000        0.0000
   4.000    3.000        0.0000
   5.000    3.000        0.0000
   6.000    3.000        0.2218
   7.000    3.000        0.0147
   8.000    3.000        0.0127
   9.000    3.000        0.0069
  10.000    3.000        0.0000
  11.000    3.000        0.0004
  12.000    3.000        0.0066
  13.000    3.000        0.0058
  14.000    3.000        0.0854
  15.000    3.000        0.0000
  16.000    3.000        0.0369
  17.000    3.000        0.0453
  18.000    3.000        0.0800
  19.000    3.000        0.0609
   1.000    4.000        0.0000
   2.000    4.000        0.0000
   3.000    4.000        0.0000
   4.000    4.000        0.0000
   5.000    4.000        0.0000
   6.000    4.000        0.0000
   7.000    4.000        0.0000
   8.000    4.000        0.0000
   9.000    4.000        0.0000
  10.000    4.000        0.0000
  11.000    4.000        0.0009
  12.000    4.000        0.0241
  13.000    4.000        0.0145
  14.000    4.000        0.1077
  15.000    4.000        0.0868
  16.000    4.000        0.0337
  17.000    4.000        0.0306
  18.000    4.000        0.0597
  19.000    4.000        0.0419
   1.000    5.000        0.0000
   2.000    5.000        0.0107
   3.000    5.000        0.0000
   4.000    5.000        0.0000
   5.000    5.000        0.0000
   6.000    5.000        0.0000
   7.000    5.000        0.0000
   8.000    5.000        0.1643
   9.000    5.000        0.0342
  10.000    5.000        0.0000
  11.000    5.000        0.0056
  12.000    5.000        0.0224
  13.000    5.000        0.0576
  14.000    5.000        0.0898
  15.000    5.000        0.1454
  16.000    5.000        0.0216
  17.000    5.000        0.0498
  18.000    5.000        0.0732
  19.000    5.000        0.0459
   1.000    6.000        0.0000
   2.000    6.000        0.0609
   3.000    6.000        0.2218
   4.000    6.000        0.0000
   5.000    6.000        0.0000
   6.000    6.000        0.0000
   7.000    6.000        0.0000
   8.000    6.000        0.0000
   9.000    6.000        0.0000
  10.000    6.000        0.2015
  11.000    6.000        0.0008
  12.000    6.000        0.0006
  13.000    6.000        0.0000
  14.000    6.000        0.0000
  15.000    6.000        0.0315
  16.000    6.000        0.0022
  17.000    6.000        0.0418
  18.000    6.000        0.0460
  19.000    6.000        0.0340
   1.000    7.000        0.0000
   2.000    7.000        0.0202
   3.000    7.000        0.0147
   4.000    7.000        0.0000
   5.000    7.000        0.0000
   6.000    7.000        0.0000
   7.000    7.000        0.0000
   8.000    7.000        0.0000
   9.000    7.000        0.0000
  10.000    7.000        0.3149
  11.000    7.000        0.0166
  12.000    7.000        0.0008
  13.000    7.000        0.0004
  14.000    7.000        0.0028
  15.000    7.000        0.0168
  16.000    7.000        0.0002
  17.000    7.000        0.0024
  18.000    7.000        0.0002
  19.000    7.000        0.0000
   1.000    8.000        0.0018
   2.000    8.000        0.0006
   3.000    8.000        0.0127
   4.000    8.000        0.0000
   5.000    8.000        0.1643
   6.000    8.000        0.0000
   7.000    8.000        0.0000
   8.000    8.000        0.0000
   9.000    8.000        0.0000
  10.000    8.000        0.0000
  11.000    8.000        0.1356
  12.000    8.000        0.0647
  13.000    8.000        0.0508
  14.000    8.000        0.0025
  15.000    8.000        0.0060
  16.000    8.000        0.0002
  17.000    8.000        0.0000
  18.000    8.000        0.0001
  19.000    8.000        0.0000
   1.000    9.000        0.0046
   2.000    9.000        0.0268
   3.000    9.000        0.0069
   4.000    9.000        0.0000
   5.000    9.000        0.0342
   6.000    9.000        0.0000
   7.000    9.000        0.0000
   8.000    9.000        0.0000
   9.000    9.000        0.0000
  10.000    9.000        0.0000
  11.000    9.000        0.7794
  12.000    9.000        0.1034
  13.000    9.000        0.0651
  14.000    9.000        0.0564
  15.000    9.000        0.0068
  16.000    9.000        0.0000
  17.000    9.000        0.0000
  18.000    9.000        0.0000
  19.000    9.000        0.0009
   1.000   10.000        0.0364
   2.000   10.000        0.0293
   3.000   10.000        0.0000
   4.000   10.000        0.0000
   5.000   10.000        0.0000
   6.000   10.000        0.2015
   7.000   10.000        0.3149
   8.000   10.000        0.0000
   9.000   10.000        0.0000
  10.000   10.000        0.0000
  11.000   10.000        0.0000
  12.000   10.000        0.0000
  13.000   10.000        0.2744
  14.000   10.000        0.1965
  15.000   10.000        0.0911
  16.000   10.000        0.0000
  17.000   10.000        0.0000
  18.000   10.000        0.0001
  19.000   10.000        0.0010
   1.000   11.000        0.0229
   2.000   11.000        0.0081
   3.000   11.000        0.0004
   4.000   11.000        0.0009
   5.000   11.000        0.0056
   6.000   11.000        0.0008
   7.000   11.000        0.0166
   8.000   11.000        0.1356
   9.000   11.000        0.7794
  10.000   11.000        0.0000
  11.000   11.000        0.0000
  12.000   11.000        0.0000
  13.000   11.000        0.0000
  14.000   11.000        0.1722
  15.000   11.000        0.0796
  16.000   11.000        0.0000
  17.000   11.000        0.0000
  18.000   11.000        0.0000
  19.000   11.000        0.0000
   1.000   12.000        0.0842
   2.000   12.000        0.0254
   3.000   12.000        0.0066
   4.000   12.000        0.0241
   5.000   12.000        0.0224
   6.000   12.000        0.0006
   7.000   12.000        0.0008
   8.000   12.000        0.0647
   9.000   12.000        0.1034
  10.000   12.000        0.0000
  11.000   12.000        0.0000
  12.000   12.000        0.0000
  13.000   12.000        0.0000
  14.000   12.000        0.0000
  15.000   12.000        0.0295
  16.000   12.000        0.0000
  17.000   12.000        0.0006
  18.000   12.000        0.0000
  19.000   12.000        0.0000
   1.000   13.000        0.1066
   2.000   13.000        0.0130
   3.000   13.000        0.0058
   4.000   13.000        0.0145
   5.000   13.000        0.0576
   6.000   13.000        0.0000
   7.000   13.000        0.0004
   8.000   13.000        0.0508
   9.000   13.000        0.0651
  10.000   13.000        0.2744
  11.000   13.000        0.0000
  12.000   13.000        0.0000
  13.000   13.000        0.0000
  14.000   13.000        0.0000
  15.000   13.000        0.0000
  16.000   13.000        0.0000
  17.000   13.000        0.0388
  18.000   13.000        0.0011
  19.000   13.000        0.0008
   1.000   14.000        0.1952
   2.000   14.000        0.0594
   3.000   14.000        0.0854
   4.000   14.000        0.1077
   5.000   14.000        0.0898
   6.000   14.000        0.0000
   7.000   14.000        0.0028
   8.000   14.000        0.0025
   9.000   14.000        0.0564
  10.000   14.000        0.1965
  11.000   14.000        0.1722
  12.000   14.000        0.0000
  13.000   14.000        0.0000
  14.000   14.000        0.0000
  15.000   14.000        0.0000
  16.000   14.000        0.0000
  17.000   14.000        0.1185
  18.000   14.000        0.0016
  19.000   14.000        0.0002
   1.000   15.000        0.0448
   2.000   15.000        0.0182
   3.000   15.000        0.0000
   4.000   15.000        0.0868
   5.000   15.000        0.1454
   6.000   15.000        0.0315
   7.000   15.000        0.0168
   8.000   15.000        0.0060
   9.000   15.000        0.0068
  10.000   15.000        0.0911
  11.000   15.000        0.0796
  12.000   15.000        0.0295
  13.000   15.000        0.0000
  14.000   15.000        0.0000
  15.000   15.000        0.0000
  16.000   15.000        0.0000
  17.000   15.000        0.8892
  18.000   15.000        0.1132
  19.000   15.000        0.0014
   1.000   16.000        0.0246
   2.000   16.000        0.0064
   3.000   16.000        0.0369
   4.000   16.000        0.0337
   5.000   16.000        0.0216
   6.000   16.000        0.0022
   7.000   16.000        0.0002
   8.000   16.000        0.0002
   9.000   16.000        0.0000
  10.000   16.000        0.0000
  11.000   16.000        0.0000
  12.000   16.000        0.0000
  13.000   16.000        0.0000
  14.000   16.000        0.0000
  15.000   16.000        0.0000
  16.000   16.000        0.0000
  17.000   16.000        0.0000
  18.000   16.000        0.0000
  19.000   16.000        0.0485
   1.000   17.000        0.0465
   2.000   17.000        0.0356
   3.000   17.000        0.0453
   4.000   17.000        0.0306
   5.000   17.000        0.0498
   6.000   17.000        0.0418
   7.000   17.000        0.0024
   8.000   17.000        0.0000
   9.000   17.000        0.0000
  10.000   17.000        0.0000
  11.000   17.000        0.0000
  12.000   17.000        0.0006
  13.000   17.000        0.0388
  14.000   17.000        0.1185
  15.000   17.000        0.8892
  16.000   17.000        0.0000
  17.000   17.000        0.0000
  18.000   17.000        0.0000
  19.000   17.000        0.7847
   1.000   18.000        0.0597
   2.000   18.000        0.0478
   3.000   18.000        0.0800
   4.000   18.000        0.0597
   5.000   18.000        0.0732
   6.000   18.000        0.0460
   7.000   18.000        0.0002
   8.000   18.000        0.0001
   9.000   18.000        0.0000
  10.000   18.000        0.0001
  11.000   18.000        0.0000
  12.000   18.000        0.0000
  13.000   18.000        0.0011
  14.000   18.000        0.0016
  15.000   18.000        0.1132
  16.000   18.000        0.0000
  17.000   18.000        0.0000
  18.000   18.000        0.0000
  19.000   18.000        0.0000
   1.000   19.000        0.0940
   2.000   19.000        0.0797
   3.000   19.000        0.0609
   4.000   19.000        0.0419
   5.000   19.000        0.0459
   6.000   19.000        0.0340
   7.000   19.000        0.0000
   8.000   19.000        0.0000
   9.000   19.000        0.0009
  10.000   19.000        0.0010
  11.000   19.000        0.0000
  12.000   19.000        0.0000
  13.000   19.000        0.0008
  14.000   19.000        0.0002
  15.000   19.000        0.0014
  16.000   19.000        0.0485
  17.000   19.000        0.7847
  18.000   19.000        0.0000
  19.000   19.000        0.0000
