#Residue Residue Contacts_00006[nonnatmap]
   1.000    1.000       0.0000
   2.000    1.000       0.0000
   3.000    1.000       0.0000
   4.000    1.000       0.0000
   5.000    1.000       0.0000
   6.000    1.000       0.0000
   7.000    1.000       0.0000
   8.000    1.000       0.0000
   9.000    1.000       0.3438
  10.000    1.000       0.0841
  11.000    1.000       0.0018
  12.000    1.000       0.0143
  13.000    1.000       0.0670
  14.000    1.000       0.1129
  15.000    1.000       0.1301
  16.000    1.000       0.1554
  17.000    1.000       0.1758
  18.000    1.000       0.0860
  19.000    1.000       0.0664
   1.000    2.000       0.0000
   2.000    2.000       0.0000
   3.000    2.000       0.0000
   4.000    2.000       0.0000
   5.000    2.000       0.1704
   6.000    2.000       0.0621
   7.000    2.000       0.0717
   8.000    2.000       0.1466
   9.000    2.000       0.0564
  10.000    2.000       0.0654
  11.000    2.000       0.0019
  12.000    2.000       0.0050
  13.000    2.000       0.0838
  14.000    2.000       0.0168
  15.000    2.000       0.0308
  16.000    2.000       0.1175
  17.000    2.000       0.1001
  18.000    2.000       0.1099
  19.000    2.000       0.0613
   1.000    3.000       0.0000
   2.000    3.000       0.0000
   3.000    3.000       0.0000
   4.000    3.000       0.0000
   5.000    3.000       0.0000
   6.000    3.000       0.0587
   7.000    3.000       0.0609
   8.000    3.000       0.2241
   9.000    3.000       0.0563
  10.000    3.000       0.1930
  11.000    3.000       0.0186
  12.000    3.000       0.0902
  13.000    3.000       0.1226
  14.000    3.000       0.1220
  15.000    3.000       0.1042
  16.000    3.000       0.1499
  17.000    3.000       0.0051
  18.000    3.000       0.0048
  19.000    3.000       0.0268
   1.000    4.000       0.0000
   2.000    4.000       0.0000
   3.000    4.000       0.0000
   4.000    4.000       0.0000
   5.000    4.000       0.0000
   6.000    4.000       0.0000
   7.000    4.000       0.0000
   8.000    4.000       0.0000
   9.000    4.000       0.1565
  10.000    4.000       0.2940
  11.000    4.000       0.0352
  12.000    4.000       0.0989
  13.000    4.000       0.0898
  14.000    4.000       0.0696
  15.000    4.000       0.0837
  16.000    4.000       0.0262
  17.000    4.000       0.0042
  18.000    4.000       0.0099
  19.000    4.000       0.0278
   1.000    5.000       0.0000
   2.000    5.000       0.1704
   3.000    5.000       0.0000
   4.000    5.000       0.0000
   5.000    5.000       0.0000
   6.000    5.000       0.0000
   7.000    5.000       0.0000
   8.000    5.000       0.2314
   9.000    5.000       0.0806
  10.000    5.000       0.3007
  11.000    5.000       0.0624
  12.000    5.000       0.0776
  13.000    5.000       0.0683
  14.000    5.000       0.0234
  15.000    5.000       0.0207
  16.000    5.000       0.0257
  17.000    5.000       0.0018
  18.000    5.000       0.0054
  19.000    5.000       0.0046
   1.000    6.000       0.0000
   2.000    6.000       0.0621
   3.000    6.000       0.0587
   4.000    6.000       0.0000
   5.000    6.000       0.0000
   6.000    6.000       0.0000
   7.000    6.000       0.0000
   8.000    6.000       0.0000
   9.000    6.000       0.0804
  10.000    6.000       0.2604
  11.000    6.000       0.1232
  12.000    6.000       0.0843
  13.000    6.000       0.0416
  14.000    6.000       0.0010
  15.000    6.000       0.0069
  16.000    6.000       0.0047
  17.000    6.000       0.0024
  18.000    6.000       0.0025
  19.000    6.000       0.0088
   1.000    7.000       0.0000
   2.000    7.000       0.0717
   3.000    7.000       0.0609
   4.000    7.000       0.0000
   5.000    7.000       0.0000
   6.000    7.000       0.0000
   7.000    7.000       0.0000
   8.000    7.000       0.0000
   9.000    7.000       0.0000
  10.000    7.000       0.0000
  11.000    7.000       0.1306
  12.000    7.000       0.0049
  13.000    7.000       0.0016
  14.000    7.000       0.0000
  15.000    7.000       0.0026
  16.000    7.000       0.0064
  17.000    7.000       0.0033
  18.000    7.000       0.0021
  19.000    7.000       0.0024
   1.000    8.000       0.0000
   2.000    8.000       0.1466
   3.000    8.000       0.2241
   4.000    8.000       0.0000
   5.000    8.000       0.2314
   6.000    8.000       0.0000
   7.000    8.000       0.0000
   8.000    8.000       0.0000
   9.000    8.000       0.0000
  10.000    8.000       0.0000
  11.000    8.000       0.2331
  12.000    8.000       0.1684
  13.000    8.000       0.0114
  14.000    8.000       0.0015
  15.000    8.000       0.0099
  16.000    8.000       0.0022
  17.000    8.000       0.0007
  18.000    8.000       0.0000
  19.000    8.000       0.0002
   1.000    9.000       0.3438
   2.000    9.000       0.0564
   3.000    9.000       0.0563
   4.000    9.000       0.1565
   5.000    9.000       0.0806
   6.000    9.000       0.0804
   7.000    9.000       0.0000
   8.000    9.000       0.0000
   9.000    9.000       0.0000
  10.000    9.000       0.0000
  11.000    9.000       0.0000
  12.000    9.000       0.0000
  13.000    9.000       0.1509
  14.000    9.000       0.0053
  15.000    9.000       0.0012
  16.000    9.000       0.0000
  17.000    9.000       0.0000
  18.000    9.000       0.0000
  19.000    9.000       0.0003
   1.000   10.000       0.0841
   2.000   10.000       0.0654
   3.000   10.000       0.1930
   4.000   10.000       0.2940
   5.000   10.000       0.3007
   6.000   10.000       0.2604
   7.000   10.000       0.0000
   8.000   10.000       0.0000
   9.000   10.000       0.0000
  10.000   10.000       0.0000
  11.000   10.000       0.0000
  12.000   10.000       0.0000
  13.000   10.000       0.2404
  14.000   10.000       0.1260
  15.000   10.000       0.0482
  16.000   10.000       0.0160
  17.000   10.000       0.0005
  18.000   10.000       0.0000
  19.000   10.000       0.0013
   1.000   11.000       0.0018
   2.000   11.000       0.0019
   3.000   11.000       0.0186
   4.000   11.000       0.0352
   5.000   11.000       0.0624
   6.000   11.000       0.1232
   7.000   11.000       0.1306
   8.000   11.000       0.2331
   9.000   11.000       0.0000
  10.000   11.000       0.0000
  11.000   11.000       0.0000
  12.000   11.000       0.0000
  13.000   11.000       0.0000
  14.000   11.000       0.1890
  15.000   11.000       0.1559
  16.000   11.000       0.0969
  17.000   11.000       0.0001
  18.000   11.000       0.0164
  19.000   11.000       0.0205
   1.000   12.000       0.0143
   2.000   12.000       0.0050
   3.000   12.000       0.0902
   4.000   12.000       0.0989
   5.000   12.000       0.0776
   6.000   12.000       0.0843
   7.000   12.000       0.0049
   8.000   12.000       0.1684
   9.000   12.000       0.0000
  10.000   12.000       0.0000
  11.000   12.000       0.0000
  12.000   12.000       0.0000
  13.000   12.000       0.0000
  14.000   12.000       0.0000
  15.000   12.000       0.1184
  16.000   12.000       0.0010
  17.000   12.000       0.0230
  18.000   12.000       0.0082
  19.000   12.000       0.0041
   1.000   13.000       0.0670
   2.000   13.000       0.0838
   3.000   13.000       0.1226
   4.000   13.000       0.0898
   5.000   13.000       0.0683
   6.000   13.000       0.0416
   7.000   13.000       0.0016
   8.000   13.000       0.0114
   9.000   13.000       0.1509
  10.000   13.000       0.2404
  11.000   13.000       0.0000
  12.000   13.000       0.0000
  13.000   13.000       0.0000
  14.000   13.000       0.0000
  15.000   13.000       0.0000
  16.000   13.000       0.0006
  17.000   13.000       0.3234
  18.000   13.000       0.3081
  19.000   13.000       0.0508
   1.000   14.000       0.1129
   2.000   14.000       0.0168
   3.000   14.000       0.1220
   4.000   14.000       0.0696
   5.000   14.000       0.0234
   6.000   14.000       0.0010
   7.000   14.000       0.0000
   8.000   14.000       0.0015
   9.000   14.000       0.0053
  10.000   14.000       0.1260
  11.000   14.000       0.1890
  12.000   14.000       0.0000
  13.000   14.000       0.0000
  14.000   14.000       0.0000
  15.000   14.000       0.0000
  16.000   14.000       0.0000
  17.000   14.000       0.6203
  18.000   14.000       0.3377
  19.000   14.000       0.0000
   1.000   15.000       0.1301
   2.000   15.000       0.0308
   3.000   15.000       0.1042
   4.000   15.000       0.0837
   5.000   15.000       0.0207
   6.000   15.000       0.0069
   7.000   15.000       0.0026
   8.000   15.000       0.0099
   9.000   15.000       0.0012
  10.000   15.000       0.0482
  11.000   15.000       0.1559
  12.000   15.000       0.1184
  13.000   15.000       0.0000
  14.000   15.000       0.0000
  15.000   15.000       0.0000
  16.000   15.000       0.0000
  17.000   15.000       0.0000
  18.000   15.000       0.3562
  19.000   15.000       0.2478
   1.000   16.000       0.1554
   2.000   16.000       0.1175
   3.000   16.000       0.1499
   4.000   16.000       0.0262
   5.000   16.000       0.0257
   6.000   16.000       0.0047
   7.000   16.000       0.0064
   8.000   16.000       0.0022
   9.000   16.000       0.0000
  10.000   16.000       0.0160
  11.000   16.000       0.0969
  12.000   16.000       0.0010
  13.000   16.000       0.0006
  14.000   16.000       0.0000
  15.000   16.000       0.0000
  16.000   16.000       0.0000
  17.000   16.000       0.0000
  18.000   16.000       0.0000
  19.000   16.000       0.1609
   1.000   17.000       0.1758
   2.000   17.000       0.1001
   3.000   17.000       0.0051
   4.000   17.000       0.0042
   5.000   17.000       0.0018
   6.000   17.000       0.0024
   7.000   17.000       0.0033
   8.000   17.000       0.0007
   9.000   17.000       0.0000
  10.000   17.000       0.0005
  11.000   17.000       0.0001
  12.000   17.000       0.0230
  13.000   17.000       0.3234
  14.000   17.000       0.6203
  15.000   17.000       0.0000
  16.000   17.000       0.0000
  17.000   17.000       0.0000
  18.000   17.000       0.0000
  19.000   17.000       0.0000
   1.000   18.000       0.0860
   2.000   18.000       0.1099
   3.000   18.000       0.0048
   4.000   18.000       0.0099
   5.000   18.000       0.0054
   6.000   18.000       0.0025
   7.000   18.000       0.0021
   8.000   18.000       0.0000
   9.000   18.000       0.0000
  10.000   18.000       0.0000
  11.000   18.000       0.0164
  12.000   18.000       0.0082
  13.000   18.000       0.3081
  14.000   18.000       0.3377
  15.000   18.000       0.3562
  16.000   18.000       0.0000
  17.000   18.000       0.0000
  18.000   18.000       0.0000
  19.000   18.000       0.0000
   1.000   19.000       0.0664
   2.000   19.000       0.0613
   3.000   19.000       0.0268
   4.000   19.000       0.0278
   5.000   19.000       0.0046
   6.000   19.000       0.0088
   7.000   19.000       0.0024
   8.000   19.000       0.0002
   9.000   19.000       0.0003
  10.000   19.000       0.0013
  11.000   19.000       0.0205
  12.000   19.000       0.0041
  13.000   19.000       0.0508
  14.000   19.000       0.0000
  15.000   19.000       0.2478
  16.000   19.000       0.1609
  17.000   19.000       0.0000
  18.000   19.000       0.0000
  19.000   19.000       0.0000
