#Residue         Para         Anti         3-10        Alpha           Pi         Turn         Bend
       1       0.0000       0.0000       0.0000       0.0000       0.0000       0.0000       0.0000
       2       0.0010       0.1386       0.0000       0.0000       0.0000       0.0178       0.0000
       3       0.0000       0.0969       0.0002       0.0000       0.0000       0.0181       0.2298
       4       0.0000       0.0300       0.0002       0.0000       0.0000       0.0587       0.3250
       5       0.0000       0.0327       0.0002       0.0000       0.0000       0.0588       0.2692
       6       0.0000       0.0035       0.0000       0.0000       0.0000       0.2252       0.4961
       7       0.0000       0.0003       0.0064       0.0001       0.0000       0.2421       0.5704
       8       0.0000       0.0326       0.0074       0.0001       0.0000       0.0636       0.6272
       9       0.0000       0.0269       0.0074       0.0001       0.0000       0.0562       0.3040
      10       0.0000       0.0392       0.0020       0.0001       0.0000       0.0039       0.1244
      11       0.0000       0.0955       0.0001       0.0000       0.0000       0.0108       0.0628
      12       0.0000       0.0849       0.0001       0.0000       0.0000       0.0384       0.2242
      13       0.0012       0.0209       0.0001       0.0000       0.0000       0.0293       0.2156
      14       0.0000       0.0017       0.0000       0.0000       0.0000       0.0070       0.1564
      15       0.0000       0.0025       0.0001       0.0000       0.0000       0.1094       0.0994
      16       0.0000       0.0001       0.0001       0.0000       0.0000       0.1187       0.2327
      17       0.0000       0.0010       0.0001       0.0000       0.0000       0.0220       0.1760
      18       0.0000       0.0000       0.0000       0.0000       0.0000       0.0061       0.0000
      19       0.0000       0.0000       0.0000       0.0000       0.0000       0.0000       0.0000
