#Residue         Para         Anti         3-10        Alpha           Pi         Turn         Bend
       1       0.0000       0.0000       0.0000       0.0000       0.0000       0.0000       0.0000
       2       0.0000       0.0016       0.0058       0.0000       0.0000       0.0558       0.0000
       3       0.0000       0.0000       0.0082       0.0000       0.0000       0.0823       0.5177
       4       0.0000       0.0066       0.0082       0.0000       0.0000       0.0482       0.5680
       5       0.0002       0.0036       0.0024       0.0000       0.0000       0.0169       0.6267
       6       0.0002       0.0152       0.0003       0.0000       0.0000       0.1036       0.6306
       7       0.0000       0.0070       0.0003       0.0000       0.0000       0.1454       0.6228
       8       0.0002       0.0007       0.0004       0.0000       0.0000       0.0606       0.7307
       9       0.0002       0.0137       0.0380       0.0814       0.0000       0.0778       0.3526
      10       0.0000       0.0056       0.0403       0.0998       0.0000       0.1587       0.1042
      11       0.0000       0.0018       0.0416       0.0998       0.0000       0.1616       0.3092
      12       0.0000       0.0067       0.0108       0.0998       0.0000       0.0840       0.4534
      13       0.0000       0.0009       0.0022       0.0560       0.0000       0.0280       0.4911
      14       0.0000       0.0032       0.0000       0.0000       0.0000       0.0335       0.3082
      15       0.0000       0.0000       0.0105       0.0178       0.0000       0.3802       0.2451
      16       0.0000       0.0000       0.0108       0.0178       0.0000       0.3812       0.3153
      17       0.0000       0.0000       0.0107       0.0178       0.0000       0.3304       0.2158
      18       0.0000       0.0020       0.0016       0.0178       0.0000       0.0080       0.0000
      19       0.0000       0.0000       0.0000       0.0000       0.0000       0.0000       0.0000
