#Residue         Para         Anti         3-10        Alpha           Pi         Turn         Bend
       1       0.0000       0.0000       0.0000       0.0000       0.0000       0.0000       0.0000
       2       0.0007       0.0005       0.0097       0.0000       0.0000       0.0657       0.0000
       3       0.0004       0.0018       0.0097       0.0000       0.0000       0.0708       0.4210
       4       0.0049       0.0039       0.0097       0.0000       0.0000       0.0360       0.4642
       5       0.0002       0.0008       0.0000       0.0000       0.0000       0.0188       0.1811
       6       0.0000       0.0010       0.0000       0.0000       0.0000       0.0188       0.3137
       7       0.0000       0.0009       0.0336       0.0000       0.0000       0.0499       0.5499
       8       0.0000       0.0415       0.0355       0.0000       0.0000       0.1480       0.6924
       9       0.0000       0.0005       0.1200       0.0052       0.0000       0.2844       0.3714
      10       0.0000       0.0006       0.0880       0.0056       0.0000       0.1779       0.3105
      11       0.0000       0.0459       0.0872       0.0056       0.0000       0.0200       0.1465
      12       0.0000       0.0001       0.0088       0.0056       0.0000       0.1225       0.4208
      13       0.0000       0.0000       0.0000       0.0004       0.0000       0.0327       0.6471
      14       0.0000       0.0030       0.0000       0.0000       0.0000       0.0005       0.4020
      15       0.0000       0.0001       0.0000       0.0000       0.0000       0.0279       0.1387
      16       0.0000       0.0004       0.0000       0.0000       0.0000       0.0376       0.3668
      17       0.0007       0.0001       0.0000       0.0000       0.0000       0.0136       0.3854
      18       0.0052       0.0018       0.0000       0.0000       0.0000       0.0035       0.0000
      19       0.0002       0.0018       0.0000       0.0000       0.0000       0.0000       0.0000
