#Residue         Para         Anti         3-10        Alpha           Pi         Turn         Bend
       1       0.0000       0.0000       0.0000       0.0000       0.0000       0.0000       0.0000
       2       0.0000       0.0042       0.0000       0.0000       0.0000       0.0022       0.0000
       3       0.0000       0.0065       0.0006       0.0000       0.0000       0.0023       0.3049
       4       0.0004       0.0046       0.0007       0.0000       0.0000       0.1336       0.3090
       5       0.0000       0.0334       0.0007       0.0000       0.0000       0.1387       0.3294
       6       0.0000       0.0033       0.0001       0.0000       0.0000       0.0977       0.5064
       7       0.0000       0.0002       0.0054       0.0000       0.0000       0.1023       0.5573
       8       0.0000       0.0082       0.0066       0.0013       0.0000       0.0644       0.4722
       9       0.0000       0.0010       0.0160       0.0078       0.0000       0.1373       0.2342
      10       0.0000       0.0010       0.0112       0.0080       0.0000       0.0864       0.1672
      11       0.0000       0.0001       0.0099       0.0080       0.0000       0.2043       0.1631
      12       0.0000       0.0000       0.0010       0.0068       0.0000       0.2514       0.3340
      13       0.0001       0.0009       0.0000       0.0002       0.0000       0.0539       0.3150
      14       0.0000       0.0001       0.0000       0.0000       0.0000       0.0001       0.0427
      15       0.0000       0.0000       0.0002       0.0000       0.0000       0.0606       0.1360
      16       0.0000       0.0009       0.0002       0.0000       0.0000       0.0611       0.2661
      17       0.0004       0.0054       0.0002       0.0000       0.0000       0.0018       0.1987
      18       0.0000       0.0258       0.0000       0.0000       0.0000       0.0014       0.0000
      19       0.0000       0.0062       0.0000       0.0000       0.0000       0.0000       0.0000
