#Res            first
   1.000      14.0646
   2.000      13.4227
   3.000      13.6996
   4.000      14.8688
   5.000      14.5385
   6.000      13.9713
   7.000      12.6289
   8.000      11.5170
   9.000      10.9853
  10.000      10.3444
  11.000       9.1299
  12.000       8.7407
  13.000       8.0114
  14.000       8.0264
  15.000       8.0280
  16.000       8.5437
  17.000       9.2291
  18.000       8.6157
  19.000       7.2586
  20.000       8.5522
  21.000       8.6710
  22.000       8.5227
  23.000       8.0296
  24.000       8.6973
  25.000       7.5439
  26.000       7.6905
  27.000       7.4149
  28.000       6.8961
  29.000       7.6304
  30.000       6.7578
  31.000       5.8071
  32.000       5.5637
  33.000       5.2146
  34.000       6.4538
  35.000       7.1467
  36.000       8.1380
  37.000       6.2510
  38.000       5.5603
  39.000       4.8210
  40.000       4.6417
  41.000       4.0976
  42.000       3.7556
  43.000       4.0727
  44.000       4.9870
  45.000       5.0733
  46.000       4.4841
  47.000       3.4513
  48.000       3.5277
  49.000       2.8299
  50.000       3.5132
  51.000       3.6728
  52.000       4.6042
  53.000       4.9171
  54.000       4.6142
  55.000       4.7269
  56.000       3.7242
  57.000       3.8623
  58.000       4.2805
  59.000       4.4913
  60.000       4.1690
  61.000       4.1045
  62.000       4.2063
  63.000       3.9548
  64.000       5.1735
  65.000       4.8547
  66.000       4.3644
  67.000       3.8503
  68.000       3.3758
  69.000       3.3401
  70.000       2.7618
  71.000       3.1656
  72.000       3.6058
  73.000       4.5109
  74.000       5.0769
  75.000       5.3802
  76.000       4.1314
  77.000       3.7459
  78.000       2.8873
  79.000       2.9693
  80.000       2.8241
  81.000       3.4763
  82.000       4.1170
  83.000       4.9103
  84.000       4.7785
  85.000       4.3535
  86.000       4.9125
  87.000       4.8054
  88.000       4.2470
  89.000       3.5170
  90.000       2.9839
  91.000       3.0204
  92.000       2.4029
  93.000       3.0829
  94.000       3.2465
  95.000       4.3380
  96.000       4.7688
  97.000       4.3887
  98.000       3.5233
  99.000       2.5091
 100.000       2.5210
 101.000       2.3180
 102.000       3.2263
 103.000       3.6001
 104.000       4.2306
 105.000       4.8566
 106.000       4.8799
 107.000       6.3319
 108.000       6.0374
 109.000       4.5467
 110.000       3.9125
 111.000       4.5754
 112.000       4.8398
 113.000       5.9625
 114.000       6.5597
 115.000       5.8932
 116.000       5.1479
 117.000       4.5056
 118.000       4.3339
 119.000       3.8061
 120.000       3.3025
 121.000       2.8820
 122.000       2.1409
 123.000       2.4599
 124.000       2.8292
 125.000       3.6054
 126.000       3.4447
 127.000       3.4437
 128.000       2.9471
 129.000       3.3685
 130.000       3.0820
 131.000       4.3114
 132.000       4.6241
 133.000       3.6246
 134.000       3.6056
 135.000       2.9028
 136.000       2.7936
 137.000       2.4824
 138.000       3.3385
 139.000       3.7031
 140.000       4.4913
 141.000       4.9564
 142.000       5.8724
 143.000       7.0747
