#Residue         Para         Anti         3-10        Alpha           Pi         Turn         Bend
       1       0.0000       0.0000       0.0000       0.0000       0.0000       0.0000       0.0000
       2       0.0000       0.0000       0.0000       0.0000       0.0000       0.0003       0.0000
       3       0.0000       0.0000       0.0000       0.0000       0.0000       0.0014       0.1162
       4       0.0000       0.0000       0.0000       0.0000       0.0000       0.0344       0.1287
       5       0.0000       0.0006       0.0000       0.0000       0.0000       0.0426       0.1197
       6       0.0000       0.0000       0.0000       0.0000       0.0000       0.0110       0.1156
       7       0.0000       0.0047       0.0000       0.0000       0.0000       0.0000       0.1008
       8       0.0000       0.0000       0.0002       0.0000       0.0000       0.5466       0.2443
       9       0.0000       0.0000       0.0002       0.0000       0.0000       0.5481       0.2671
      10       0.0000       0.0047       0.0002       0.0000       0.0000       0.2570       0.3080
      11       0.0000       0.0000       0.0000       0.0000       0.0000       0.0000       0.2844
      12       0.0000       0.0000       0.0013       0.0000       0.0000       0.0123       0.0547
      13       0.0000       0.0011       0.0091       0.0003       0.0000       0.0477       0.2618
      14       0.0000       0.0000       0.0117       0.0110       0.0000       0.2182       0.1968
      15       0.0000       0.0000       0.0108       0.0362       0.0000       0.1813       0.1470
      16       0.0000       0.0005       0.0030       0.5458       0.0000       0.0340       0.0910
      17       0.0000       0.0000       0.0052       0.5815       0.0000       0.0677       0.1170
      18       0.0000       0.0000       0.0156       0.7428       0.0000       0.0538       0.0856
      19       0.0000       0.0000       0.0178       0.8193       0.0000       0.0854       0.0493
      20       0.0000       0.0000       0.0198       0.8022       0.0000       0.0940       0.0551
      21       0.0000       0.0000       0.0154       0.8275       0.0010       0.1296       0.0176
      22       0.0000       0.0000       0.0163       0.7707       0.0010       0.2038       0.0078
      23       0.0000       0.0000       0.0134       0.7626       0.0010       0.2032       0.0196
      24       0.0000       0.0000       0.0050       0.8001       0.0012       0.0531       0.1108
      25       0.0000       0.0000       0.0025       0.7353       0.0012       0.1768       0.0582
      26       0.0002       0.0000       0.0056       0.6768       0.0003       0.2022       0.0972
      27       0.0008       0.0000       0.0120       0.5460       0.0003       0.3636       0.0508
      28       0.0000       0.0000       0.0113       0.4200       0.0003       0.4835       0.0790
      29       0.0000       0.0000       0.0098       0.6308       0.0000       0.1558       0.0501
      30       0.0008       0.0000       0.0041       0.8393       0.0000       0.0314       0.0594
      31       0.0000       0.0000       0.0042       0.7959       0.0000       0.0870       0.0244
      32       0.0000       0.0009       0.0050       0.7983       0.0000       0.0812       0.0442
      33       0.0000       0.0000       0.0159       0.7815       0.0053       0.1585       0.0304
      34       0.0000       0.0000       0.0270       0.7307       0.0053       0.2078       0.0292
      35       0.0000       0.0009       0.0252       0.7098       0.0053       0.1656       0.0767
      36       0.0000       0.0000       0.0190       0.4527       0.0053       0.4218       0.0298
      37       0.0000       0.0000       0.0000       0.0000       0.0053       0.8716       0.0030
      38       0.0000       0.0000       0.0000       0.0000       0.0000       0.0000       0.0108
      39       0.0000       0.0000       0.0000       0.0000       0.0000       0.0000       0.0000
      40       0.0000       0.0000       0.0000       0.0000       0.0000       0.0000       0.9996
      41       0.0000       0.0000       0.0000       0.0000       0.0000       0.0000       0.6388
      42       0.0000       0.0000       0.5483       0.0000       0.0000       0.4254       0.0263
      43       0.0000       0.0000       0.5483       0.0000       0.0000       0.4387       0.0130
      44       0.0000       0.0000       0.5483       0.0000       0.0000       0.2320       0.2196
      45       0.0000       0.0000       0.0000       0.0000       0.0000       0.0000       0.0002
      46       0.0000       0.0009       0.0000       0.0000       0.0000       0.0000       0.0000
      47       0.0000       0.0000       0.0000       0.9827       0.0000       0.0168       0.0006
      48       0.0000       0.0000       0.0000       0.9833       0.0000       0.0167       0.0000
      49       0.0000       0.0000       0.0000       0.9998       0.0000       0.0002       0.0000
      50       0.0000       0.0000       0.0000       1.0000       0.0000       0.0000       0.0000
      51       0.0000       0.0000       0.0000       1.0000       0.0000       0.0000       0.0000
      52       0.0000       0.0000       0.0000       1.0000       0.0000       0.0000       0.0000
      53       0.0000       0.0000       0.0000       1.0000       0.0000       0.0000       0.0000
      54       0.0000       0.0000       0.0000       1.0000       0.0000       0.0000       0.0000
      55       0.0000       0.0000       0.0000       1.0000       0.0000       0.0000       0.0000
      56       0.0000       0.0000       0.0000       1.0000       0.0000       0.0000       0.0000
      57       0.0000       0.0000       0.0000       1.0000       0.0000       0.0000       0.0000
      58       0.0000       0.0000       0.0000       0.9988       0.0000       0.0012       0.0000
      59       0.0000       0.0000       0.0000       0.9891       0.0000       0.0109       0.0000
      60       0.0000       0.0000       0.0000       0.9757       0.0000       0.0241       0.0001
      61       0.0000       0.0000       0.0000       0.3149       0.0000       0.6290       0.0560
      62       0.0000       0.0000       0.0000       0.0000       0.0000       0.8226       0.0001
      63       0.0000       0.0000       0.0000       0.0000       0.0000       0.0000       0.0000
      64       0.0000       0.0000       0.0000       0.0000       0.0000       0.0496       0.3908
      65       0.0000       0.0000       0.0000       0.0000       0.0000       0.0496       0.7260
      66       0.0000       0.0000       0.0000       0.0000       0.0000       0.0000       0.0000
      67       0.0000       0.0000       0.0000       0.0000       0.0000       0.0000       0.0010
      68       0.0000       0.0000       0.3182       0.0605       0.0000       0.3882       0.1500
      69       0.0000       0.0000       0.3334       0.0605       0.0000       0.5275       0.0776
      70       0.0000       0.0000       0.3334       0.0605       0.0000       0.3767       0.2177
      71       0.0000       0.0000       0.0306       0.0605       0.0000       0.0909       0.0594
      72       0.0000       0.0000       0.0000       0.0000       0.0000       0.0014       0.0041
      73       0.0000       0.0000       0.0000       0.0000       0.0000       0.0000       0.4827
      74       0.0000       0.0009       0.0000       0.0000       0.0000       0.0000       0.0000
      75       0.0000       0.0000       0.0716       0.9029       0.0000       0.0178       0.0077
      76       0.0000       0.0000       0.0732       0.9062       0.0000       0.0203       0.0004
      77       0.0000       0.0000       0.0732       0.9064       0.0000       0.0202       0.0002
      78       0.0000       0.0000       0.0139       0.9064       0.0000       0.0748       0.0049
      79       0.0000       0.0000       0.0000       0.4673       0.0000       0.4546       0.0781
      80       0.0000       0.0000       0.0000       0.2090       0.0000       0.6738       0.1172
      81       0.0000       0.0000       0.0000       0.0275       0.0000       0.0470       0.2509
      82       0.0000       0.0000       0.0000       0.0123       0.0000       0.0005       0.0000
      83       0.0000       0.0000       0.0103       0.9260       0.0000       0.0399       0.0238
      84       0.0000       0.0000       0.0183       0.9494       0.0000       0.0310       0.0013
      85       0.0000       0.0000       0.0250       0.9531       0.0000       0.0216       0.0004
      86       0.0000       0.0000       0.0206       0.9616       0.0000       0.0126       0.0038
      87       0.0058       0.0000       0.0169       0.7908       0.0000       0.1856       0.0008
      88       0.0000       0.0014       0.0151       0.5162       0.0000       0.4628       0.0045
      89       0.0000       0.0000       0.0070       0.4995       0.0000       0.4288       0.0648
      90       0.0334       0.0000       0.0000       0.0000       0.0000       0.0190       0.9462
      91       0.0000       0.0014       0.0000       0.0002       0.0000       0.0340       0.0097
      92       0.0000       0.0000       0.0555       0.3157       0.0000       0.6263       0.0025
      93       0.0000       0.0000       0.0556       0.3177       0.0000       0.6249       0.0018
      94       0.0000       0.0000       0.0622       0.6433       0.0000       0.2532       0.0277
      95       0.0000       0.0000       0.0145       0.8505       0.0000       0.1240       0.0077
      96       0.0000       0.0000       0.0120       0.8454       0.0000       0.1420       0.0005
      97       0.0000       0.0000       0.0004       0.9074       0.0000       0.0920       0.0002
      98       0.0000       0.0000       0.0000       0.9752       0.0000       0.0202       0.0045
      99       0.0000       0.0000       0.0000       0.9975       0.0000       0.0024       0.0001
     100       0.0000       0.0000       0.0000       0.9982       0.0000       0.0018       0.0000
     101       0.0000       0.0000       0.0000       0.9998       0.0000       0.0002       0.0000
     102       0.0000       0.0000       0.0001       0.9984       0.0000       0.0015       0.0000
     103       0.0000       0.0000       0.0008       0.9964       0.0000       0.0028       0.0000
     104       0.0000       0.0000       0.0055       0.9760       0.0000       0.0183       0.0002
     105       0.0000       0.0000       0.0097       0.7860       0.0000       0.2001       0.0042
     106       0.0000       0.0000       0.0098       0.5344       0.0000       0.3727       0.0788
     107       0.0000       0.0000       0.0055       0.3539       0.0000       0.1944       0.2261
     108       0.0000       0.0000       0.0012       0.1974       0.0000       0.0921       0.4244
     109       0.0000       0.0000       0.0007       0.0853       0.0000       0.0554       0.2371
     110       0.0000       0.0000       0.0002       0.0022       0.0000       0.0081       0.0000
     111       0.0000       0.0000       0.0000       0.0000       0.0000       0.0000       0.0000
