#Residue         Para         Anti         3-10        Alpha           Pi         Turn         Bend
       1       0.0000       0.0000       0.0000       0.0000       0.0000       0.0000       0.0000
       2       0.0000       0.0000       0.0000       0.0000       0.0000       0.0057       0.0000
       3       0.0000       0.0000       0.0000       0.0000       0.0000       0.0086       0.1459
       4       0.0000       0.0000       0.0000       0.0000       0.0000       0.0382       0.1986
       5       0.0000       0.0000       0.0000       0.0000       0.0000       0.0365       0.3264
       6       0.0000       0.0000       0.0000       0.0000       0.0000       0.0012       0.3035
       7       0.0000       0.0026       0.0000       0.0000       0.0000       0.0000       0.0892
       8       0.0000       0.0000       0.0120       0.0000       0.0000       0.5770       0.1466
       9       0.0000       0.0000       0.0120       0.0000       0.0000       0.5834       0.1735
      10       0.0000       0.0026       0.0120       0.0000       0.0000       0.2503       0.4758
      11       0.0000       0.0000       0.0000       0.0000       0.0000       0.0010       0.4530
      12       0.0000       0.0000       0.0000       0.0000       0.0000       0.0010       0.0047
      13       0.0000       0.0000       0.0000       0.0000       0.0000       0.0005       0.0066
      14       0.0000       0.0000       0.0018       0.6114       0.0000       0.1063       0.2329
      15       0.0000       0.0000       0.0020       0.6243       0.0000       0.1108       0.1090
      16       0.0000       0.0000       0.0033       0.9562       0.0000       0.0371       0.0020
      17       0.0000       0.0000       0.0024       0.9745       0.0001       0.0224       0.0006
      18       0.0000       0.0000       0.0032       0.9860       0.0001       0.0106       0.0001
      19       0.0000       0.0000       0.0031       0.9889       0.0001       0.0078       0.0001
      20       0.0000       0.0000       0.0032       0.9286       0.0001       0.0671       0.0010
      21       0.0000       0.0000       0.0025       0.8942       0.0001       0.0931       0.0094
      22       0.0000       0.0000       0.0021       0.8965       0.0000       0.0392       0.0188
      23       0.0000       0.0000       0.0011       0.9282       0.0000       0.0141       0.0053
      24       0.0000       0.0000       0.0018       0.9229       0.0000       0.0181       0.0085
      25       0.0000       0.0000       0.0042       0.8775       0.0000       0.0593       0.0101
      26       0.0000       0.0000       0.0151       0.8083       0.0000       0.0968       0.0732
      27       0.0000       0.0000       0.0246       0.6363       0.0000       0.2410       0.0919
      28       0.0000       0.0000       0.0243       0.5605       0.0000       0.2938       0.0943
      29       0.0000       0.0000       0.0180       0.7282       0.0000       0.1058       0.0200
      30       0.0000       0.0000       0.0060       0.9434       0.0000       0.0350       0.0039
      31       0.0000       0.0000       0.0060       0.8921       0.0000       0.1019       0.0000
      32       0.0000       0.0000       0.0012       0.8964       0.0000       0.1014       0.0010
      33       0.0000       0.0000       0.0247       0.8282       0.0000       0.1406       0.0064
      34       0.0000       0.0000       0.0391       0.7809       0.0000       0.1800       0.0000
      35       0.0000       0.0000       0.0388       0.7601       0.0000       0.2010       0.0000
      36       0.0000       0.0000       0.0284       0.5720       0.0000       0.3986       0.0009
      37       0.0000       0.0000       0.0000       0.0000       0.0000       0.9818       0.0004
      38       0.0000       0.0000       0.0000       0.0000       0.0000       0.0000       0.0218
      39       0.0000       0.0000       0.0000       0.0000       0.0000       0.0000       0.0000
      40       0.0000       0.0000       0.0000       0.0000       0.0000       0.0000       0.9986
      41       0.0000       0.0000       0.0000       0.0000       0.0000       0.0000       0.6620
      42       0.0000       0.0000       0.5768       0.0000       0.0000       0.3947       0.0285
      43       0.0000       0.0000       0.5768       0.0000       0.0000       0.4096       0.0136
      44       0.0000       0.0000       0.5768       0.0000       0.0000       0.2040       0.2191
      45       0.0000       0.0000       0.0000       0.0000       0.0000       0.0000       0.0001
      46       0.0000       0.0004       0.0000       0.0000       0.0000       0.0000       0.0000
      47       0.0000       0.0000       0.0000       0.9710       0.0000       0.0270       0.0020
      48       0.0000       0.0000       0.0000       0.9726       0.0000       0.0269       0.0004
      49       0.0000       0.0000       0.0000       0.9991       0.0000       0.0009       0.0000
      50       0.0000       0.0000       0.0000       0.9998       0.0000       0.0002       0.0000
      51       0.0000       0.0000       0.0000       1.0000       0.0000       0.0000       0.0000
      52       0.0000       0.0000       0.0000       1.0000       0.0000       0.0000       0.0000
      53       0.0000       0.0000       0.0000       1.0000       0.0000       0.0000       0.0000
      54       0.0000       0.0000       0.0000       1.0000       0.0000       0.0000       0.0000
      55       0.0000       0.0000       0.0000       1.0000       0.0000       0.0000       0.0000
      56       0.0000       0.0000       0.0000       1.0000       0.0000       0.0000       0.0000
      57       0.0000       0.0000       0.0000       1.0000       0.0000       0.0000       0.0000
      58       0.0000       0.0000       0.0000       0.9938       0.0000       0.0061       0.0000
      59       0.0000       0.0000       0.0000       0.9764       0.0000       0.0236       0.0000
      60       0.0000       0.0000       0.0000       0.9682       0.0000       0.0314       0.0003
      61       0.0000       0.0000       0.0000       0.2745       0.0000       0.6647       0.0608
      62       0.0000       0.0000       0.0000       0.0000       0.0000       0.8472       0.0009
      63       0.0000       0.0000       0.0000       0.0000       0.0000       0.0000       0.0000
      64       0.0000       0.0018       0.0000       0.0000       0.0000       0.0374       0.2920
      65       0.0000       0.0000       0.0000       0.0000       0.0000       0.0374       0.6409
      66       0.0000       0.0000       0.0000       0.0000       0.0000       0.0000       0.0000
      67       0.0000       0.0000       0.0000       0.0000       0.0000       0.0000       0.0109
      68       0.0002       0.0000       0.2749       0.1231       0.0000       0.3795       0.1288
      69       0.0000       0.0000       0.2909       0.1231       0.0000       0.4843       0.0934
      70       0.0000       0.0000       0.2909       0.1231       0.0000       0.3885       0.1843
      71       0.0002       0.0000       0.0586       0.1231       0.0000       0.0904       0.0932
      72       0.0000       0.0000       0.0000       0.0000       0.0000       0.0008       0.0008
      73       0.0000       0.0000       0.0000       0.0000       0.0000       0.0000       0.4518
      74       0.0000       0.0004       0.0000       0.0000       0.0000       0.0000       0.0000
      75       0.0000       0.0000       0.0411       0.9380       0.0000       0.0162       0.0046
      76       0.0000       0.0000       0.0421       0.9406       0.0000       0.0172       0.0001
      77       0.0000       0.0000       0.0422       0.9410       0.0000       0.0165       0.0003
      78       0.0000       0.0000       0.0077       0.9411       0.0000       0.0474       0.0038
      79       0.0000       0.0000       0.0006       0.4367       0.0000       0.5075       0.0549
      80       0.0000       0.0000       0.0005       0.2003       0.0000       0.7080       0.0910
      81       0.0000       0.0000       0.0001       0.0141       0.0000       0.0257       0.2621
      82       0.0000       0.0000       0.0000       0.0048       0.0000       0.0007       0.0000
      83       0.0000       0.0000       0.0122       0.9222       0.0000       0.0402       0.0254
      84       0.0000       0.0000       0.0204       0.9355       0.0000       0.0414       0.0027
      85       0.0000       0.0000       0.0328       0.9408       0.0000       0.0244       0.0013
      86       0.0000       0.0000       0.0289       0.9493       0.0000       0.0138       0.0040
      87       0.0097       0.0000       0.0276       0.7568       0.0000       0.2054       0.0006
      88       0.0000       0.0006       0.0250       0.4616       0.0000       0.5090       0.0038
      89       0.0000       0.0000       0.0090       0.4474       0.0000       0.4854       0.0582
      90       0.0314       0.0000       0.0000       0.0000       0.0000       0.0082       0.9599
      91       0.0000       0.0006       0.0000       0.0000       0.0000       0.0144       0.0104
      92       0.0000       0.0000       0.0460       0.3635       0.0000       0.5555       0.0348
      93       0.0000       0.0018       0.0460       0.3669       0.0000       0.5536       0.0317
      94       0.0000       0.0000       0.0511       0.5455       0.0001       0.2996       0.0546
      95       0.0000       0.0000       0.0102       0.7298       0.0001       0.1840       0.0337
      96       0.0000       0.0000       0.0084       0.7422       0.0001       0.2446       0.0045
      97       0.0000       0.0000       0.0004       0.9128       0.0001       0.0864       0.0003
      98       0.0000       0.0000       0.0001       0.9806       0.0001       0.0163       0.0028
      99       0.0000       0.0000       0.0000       0.9977       0.0000       0.0022       0.0000
     100       0.0000       0.0000       0.0000       0.9994       0.0000       0.0005       0.0000
     101       0.0000       0.0000       0.0000       0.9997       0.0000       0.0002       0.0000
     102       0.0000       0.0000       0.0002       0.9982       0.0000       0.0016       0.0000
     103       0.0000       0.0000       0.0006       0.9961       0.0000       0.0034       0.0000
     104       0.0000       0.0000       0.0040       0.9803       0.0000       0.0154       0.0002
     105       0.0000       0.0000       0.0152       0.7690       0.0000       0.2128       0.0030
     106       0.0000       0.0000       0.0181       0.4795       0.0000       0.4608       0.0326
     107       0.0004       0.0000       0.0214       0.3151       0.0000       0.4019       0.1369
     108       0.0000       0.0001       0.0110       0.1250       0.0000       0.2071       0.5012
     109       0.0000       0.0000       0.0086       0.0162       0.0000       0.1228       0.3277
     110       0.0004       0.0000       0.0006       0.0000       0.0000       0.0081       0.0000
     111       0.0000       0.0001       0.0000       0.0000       0.0000       0.0000       0.0000
