#Residue         Para         Anti         3-10        Alpha           Pi         Turn         Bend
       1       0.0000       0.0000       0.0000       0.0000       0.0000       0.0000       0.0000
       2       0.0000       0.0000       0.0000       0.0000       0.0000       0.0655       0.0000
       3       0.0000       0.0000       0.0000       0.0000       0.0000       0.0655       0.2744
       4       0.0000       0.0000       0.0022       0.0000       0.0000       0.0313       0.7018
       5       0.0000       0.0000       0.0022       0.0000       0.0000       0.0354       0.5235
       6       0.0000       0.0000       0.0022       0.0000       0.0000       0.0041       0.5554
       7       0.0000       0.0006       0.0000       0.0000       0.0000       0.0000       0.1543
       8       0.0088       0.0000       0.0376       0.0000       0.0000       0.3847       0.2084
       9       0.0000       0.0000       0.0376       0.0000       0.0000       0.4128       0.4561
      10       0.0000       0.0000       0.0376       0.0000       0.0000       0.2721       0.5735
      11       0.0088       0.0006       0.0000       0.0000       0.0000       0.0000       0.6442
      12       0.0000       0.0000       0.0101       0.0000       0.0000       0.0036       0.0134
      13       0.0000       0.0011       0.0189       0.0000       0.0000       0.0312       0.2907
      14       0.0000       0.0000       0.0489       0.1801       0.0000       0.1037       0.5286
      15       0.0000       0.0000       0.0729       0.3084       0.0000       0.2306       0.2110
      16       0.0000       0.0011       0.0622       0.7406       0.0000       0.0556       0.0630
      17       0.0000       0.0000       0.0414       0.8537       0.0000       0.0580       0.0216
      18       0.0000       0.0000       0.0064       0.9440       0.0000       0.0483       0.0012
      19       0.0000       0.0000       0.0036       0.9823       0.0000       0.0128       0.0012
      20       0.0000       0.0000       0.0033       0.9827       0.0000       0.0137       0.0003
      21       0.0000       0.0000       0.0033       0.9852       0.0000       0.0110       0.0005
      22       0.0000       0.0000       0.0033       0.9804       0.0000       0.0148       0.0014
      23       0.0000       0.0000       0.0025       0.9944       0.0000       0.0030       0.0001
      24       0.0000       0.0000       0.0058       0.9824       0.0000       0.0117       0.0001
      25       0.0000       0.0000       0.0087       0.9782       0.0000       0.0126       0.0004
      26       0.0000       0.0000       0.0272       0.9438       0.0000       0.0282       0.0009
      27       0.0000       0.0000       0.0878       0.7339       0.0000       0.1747       0.0036
      28       0.0000       0.0000       0.0891       0.5824       0.0000       0.3136       0.0098
      29       0.0000       0.0000       0.0799       0.7315       0.0000       0.1496       0.0228
      30       0.0000       0.0000       0.0157       0.9483       0.0000       0.0359       0.0001
      31       0.0000       0.0000       0.0154       0.8924       0.0000       0.0922       0.0000
      32       0.0000       0.0000       0.0071       0.8883       0.0000       0.1019       0.0023
      33       0.0000       0.0000       0.0149       0.8713       0.0004       0.1101       0.0032
      34       0.0000       0.0000       0.0213       0.7938       0.0004       0.1844       0.0001
      35       0.0000       0.0000       0.0206       0.7787       0.0004       0.2001       0.0002
      36       0.0000       0.0000       0.0098       0.6364       0.0004       0.3489       0.0046
      37       0.0000       0.0000       0.0000       0.0000       0.0004       0.9644       0.0010
      38       0.0000       0.0000       0.0000       0.0000       0.0000       0.0000       0.0035
      39       0.0000       0.0000       0.0000       0.0000       0.0000       0.0000       0.0000
      40       0.0000       0.0000       0.0000       0.0000       0.0000       0.0000       1.0000
      41       0.0000       0.0000       0.0000       0.0000       0.0000       0.0000       0.6472
      42       0.0000       0.0000       0.6964       0.0000       0.0000       0.2536       0.0489
      43       0.0000       0.0000       0.6964       0.0000       0.0000       0.2891       0.0144
      44       0.0000       0.0000       0.6964       0.0000       0.0000       0.1880       0.1154
      45       0.0000       0.0000       0.0000       0.0000       0.0000       0.0000       0.0001
      46       0.0000       0.0038       0.0000       0.0000       0.0000       0.0000       0.0000
      47       0.0000       0.0000       0.0000       0.9565       0.0000       0.0424       0.0011
      48       0.0000       0.0000       0.0000       0.9576       0.0000       0.0424       0.0000
      49       0.0000       0.0000       0.0000       0.9996       0.0000       0.0004       0.0000
      50       0.0000       0.0000       0.0000       0.9998       0.0000       0.0002       0.0000
      51       0.0000       0.0000       0.0000       1.0000       0.0000       0.0000       0.0000
      52       0.0000       0.0000       0.0000       1.0000       0.0000       0.0000       0.0000
      53       0.0000       0.0000       0.0000       1.0000       0.0000       0.0000       0.0000
      54       0.0000       0.0000       0.0000       1.0000       0.0000       0.0000       0.0000
      55       0.0000       0.0000       0.0000       1.0000       0.0000       0.0000       0.0000
      56       0.0000       0.0000       0.0000       1.0000       0.0000       0.0000       0.0000
      57       0.0000       0.0000       0.0000       0.9997       0.0000       0.0003       0.0000
      58       0.0000       0.0000       0.0006       0.9956       0.0000       0.0038       0.0000
      59       0.0000       0.0000       0.0010       0.9889       0.0000       0.0101       0.0000
      60       0.0000       0.0000       0.0010       0.9860       0.0000       0.0129       0.0001
      61       0.0000       0.0000       0.0007       0.2546       0.0000       0.7026       0.0421
      62       0.0000       0.0000       0.0000       0.0000       0.0000       0.8567       0.0035
      63       0.0000       0.0000       0.0012       0.0000       0.0000       0.0000       0.0063
      64       0.0000       0.0000       0.0012       0.0000       0.0000       0.0188       0.4225
      65       0.0000       0.0000       0.0012       0.0000       0.0000       0.0188       0.1902
      66       0.0000       0.0000       0.0000       0.0000       0.0000       0.0000       0.0184
      67       0.0000       0.0000       0.0000       0.0000       0.0000       0.0001       0.0003
      68       0.0000       0.0000       0.3733       0.0790       0.0000       0.1727       0.2083
      69       0.0000       0.0000       0.4855       0.0807       0.0000       0.3657       0.0570
      70       0.0000       0.0000       0.4858       0.0807       0.0000       0.3957       0.0368
      71       0.0000       0.0000       0.2187       0.0807       0.0000       0.4404       0.0639
      72       0.0000       0.0000       0.0008       0.0017       0.0000       0.0358       0.0015
      73       0.0000       0.0000       0.0004       0.0000       0.0000       0.0359       0.4188
      74       0.0000       0.0038       0.0000       0.0000       0.0000       0.0000       0.0008
      75       0.0000       0.0000       0.0033       0.9586       0.0000       0.0328       0.0052
      76       0.0000       0.0000       0.0034       0.9918       0.0000       0.0048       0.0000
      77       0.0000       0.0000       0.0036       0.9926       0.0000       0.0038       0.0000
      78       0.0000       0.0000       0.0027       0.9928       0.0000       0.0038       0.0006
      79       0.0000       0.0000       0.0030       0.6865       0.0000       0.3069       0.0036
      80       0.0000       0.0000       0.0028       0.3911       0.0000       0.5810       0.0251
      81       0.0000       0.0000       0.0004       0.2058       0.0000       0.1149       0.3631
      82       0.0000       0.0000       0.0000       0.0370       0.0000       0.0016       0.0000
      83       0.0000       0.0000       0.0043       0.9473       0.0000       0.0371       0.0113
      84       0.0000       0.0000       0.0061       0.9552       0.0000       0.0377       0.0011
      85       0.0000       0.0000       0.0190       0.9631       0.0000       0.0177       0.0002
      86       0.0000       0.0000       0.0194       0.9726       0.0000       0.0070       0.0007
      87       0.0000       0.0000       0.0241       0.8451       0.0000       0.1308       0.0000
      88       0.0000       0.0003       0.0226       0.6555       0.0000       0.3206       0.0009
      89       0.0000       0.0000       0.0071       0.6367       0.0000       0.3222       0.0340
      90       0.0000       0.0000       0.0000       0.0000       0.0000       0.0036       0.9940
      91       0.0000       0.0003       0.0000       0.0000       0.0000       0.0042       0.0026
      92       0.0000       0.0000       0.0486       0.5147       0.0000       0.4333       0.0034
      93       0.0000       0.0000       0.0486       0.5155       0.0000       0.4330       0.0029
      94       0.0000       0.0000       0.0498       0.5523       0.0000       0.2014       0.0594
      95       0.0000       0.0000       0.0026       0.6736       0.0000       0.1178       0.0633
      96       0.0000       0.0000       0.0030       0.6432       0.0000       0.3449       0.0088
      97       0.0000       0.0000       0.0013       0.8492       0.0000       0.1489       0.0006
      98       0.0000       0.0000       0.0026       0.9605       0.0000       0.0290       0.0078
      99       0.0000       0.0000       0.0017       0.9657       0.0000       0.0321       0.0005
     100       0.0000       0.0000       0.0017       0.9876       0.0000       0.0106       0.0000
     101       0.0000       0.0000       0.0003       0.9994       0.0000       0.0003       0.0000
     102       0.0000       0.0000       0.0002       0.9991       0.0000       0.0007       0.0000
     103       0.0000       0.0000       0.0000       0.9988       0.0000       0.0012       0.0000
     104       0.0000       0.0000       0.0010       0.9930       0.0000       0.0059       0.0000
     105       0.0000       0.0000       0.0079       0.8406       0.0000       0.1509       0.0006
     106       0.0000       0.0000       0.0372       0.6817       0.0000       0.2700       0.0106
     107       0.0075       0.0000       0.0519       0.4920       0.0000       0.3408       0.0804
     108       0.0000       0.0000       0.0519       0.2546       0.0000       0.4092       0.2206
     109       0.0000       0.0000       0.0272       0.1813       0.0000       0.3536       0.2853
     110       0.0075       0.0000       0.0120       0.0015       0.0000       0.0193       0.0000
     111       0.0000       0.0000       0.0000       0.0000       0.0000       0.0000       0.0000
