#Residue         Para         Anti         3-10        Alpha           Pi         Turn         Bend
       1       0.0000       0.0000       0.0000       0.0000       0.0000       0.0000       0.0000
       2       0.0000       0.0000       0.0000       0.0000       0.0000       0.0009       0.0000
       3       0.0000       0.0016       0.0000       0.0000       0.0000       0.0016       0.2315
       4       0.0000       0.0000       0.0071       0.0000       0.0000       0.1095       0.4909
       5       0.0000       0.0000       0.0071       0.0000       0.0000       0.1134       0.3144
       6       0.0000       0.0000       0.0071       0.0000       0.0000       0.0950       0.1922
       7       0.0000       0.0017       0.0000       0.0000       0.0000       0.0011       0.2319
       8       0.0026       0.0000       0.0062       0.0000       0.0000       0.3898       0.1684
       9       0.0000       0.0000       0.0062       0.0000       0.0000       0.3956       0.2551
      10       0.0000       0.0000       0.0062       0.0000       0.0000       0.3284       0.3867
      11       0.0026       0.0001       0.0000       0.0000       0.0000       0.0000       0.6401
      12       0.0000       0.0000       0.0000       0.0000       0.0000       0.0000       0.0004
      13       0.0000       0.0000       0.0445       0.0168       0.0000       0.0342       0.0536
      14       0.0000       0.0000       0.1108       0.1964       0.0000       0.4485       0.1774
      15       0.0000       0.0000       0.1160       0.2578       0.0000       0.4395       0.0914
      16       0.0000       0.0000       0.0776       0.7868       0.0000       0.1126       0.0158
      17       0.0000       0.0000       0.0377       0.8452       0.0000       0.1075       0.0076
      18       0.0000       0.0000       0.0251       0.9227       0.0000       0.0483       0.0038
      19       0.0000       0.0000       0.0159       0.9540       0.0000       0.0293       0.0009
      20       0.0000       0.0000       0.0141       0.9443       0.0000       0.0386       0.0027
      21       0.0000       0.0000       0.0103       0.9448       0.0000       0.0398       0.0050
      22       0.0000       0.0000       0.0138       0.9124       0.0000       0.0632       0.0099
      23       0.0000       0.0000       0.0144       0.9238       0.0000       0.0489       0.0111
      24       0.0000       0.0000       0.0136       0.8869       0.0000       0.0263       0.0170
      25       0.0000       0.0000       0.0234       0.9077       0.0000       0.0256       0.0341
      26       0.0000       0.0000       0.0357       0.9211       0.0000       0.0258       0.0169
      27       0.0000       0.0000       0.0512       0.8682       0.0000       0.0748       0.0041
      28       0.0000       0.0000       0.0464       0.7932       0.0000       0.1419       0.0086
      29       0.0000       0.0000       0.0413       0.8261       0.0000       0.0995       0.0194
      30       0.0000       0.0000       0.0167       0.8308       0.0000       0.0942       0.0534
      31       0.0000       0.0000       0.0167       0.7230       0.0000       0.1440       0.0961
      32       0.0000       0.0000       0.0103       0.7105       0.0000       0.1370       0.0961
      33       0.0000       0.0000       0.0634       0.5359       0.0001       0.2501       0.0426
      34       0.0000       0.0000       0.0710       0.4860       0.0001       0.3150       0.0092
      35       0.0000       0.0000       0.0686       0.4717       0.0001       0.3261       0.1331
      36       0.0000       0.0000       0.0204       0.4251       0.0001       0.4093       0.1317
      37       0.0000       0.0000       0.0000       0.0000       0.0001       0.8468       0.0082
      38       0.0000       0.0000       0.0000       0.0000       0.0000       0.0000       0.0000
      39       0.0000       0.0000       0.0000       0.0000       0.0000       0.0000       0.0000
      40       0.0000       0.0000       0.0000       0.0000       0.0000       0.0000       1.0000
      41       0.0000       0.0000       0.0000       0.0000       0.0000       0.0000       0.6377
      42       0.0000       0.0000       0.6502       0.0000       0.0000       0.3117       0.0366
      43       0.0000       0.0000       0.6502       0.0000       0.0000       0.3376       0.0122
      44       0.0000       0.0000       0.6502       0.0000       0.0000       0.2234       0.1265
      45       0.0000       0.0000       0.0000       0.0000       0.0000       0.0000       0.0003
      46       0.0000       0.0002       0.0000       0.0000       0.0000       0.0000       0.0000
      47       0.0000       0.0000       0.0000       0.9565       0.0000       0.0433       0.0002
      48       0.0000       0.0000       0.0000       0.9568       0.0000       0.0432       0.0000
      49       0.0000       0.0000       0.0000       0.9998       0.0000       0.0002       0.0000
      50       0.0000       0.0000       0.0000       1.0000       0.0000       0.0000       0.0000
      51       0.0000       0.0000       0.0000       1.0000       0.0000       0.0000       0.0000
      52       0.0000       0.0000       0.0000       1.0000       0.0000       0.0000       0.0000
      53       0.0000       0.0000       0.0000       1.0000       0.0000       0.0000       0.0000
      54       0.0000       0.0000       0.0000       1.0000       0.0000       0.0000       0.0000
      55       0.0000       0.0000       0.0000       1.0000       0.0000       0.0000       0.0000
      56       0.0000       0.0000       0.0000       1.0000       0.0000       0.0000       0.0000
      57       0.0000       0.0000       0.0000       1.0000       0.0000       0.0000       0.0000
      58       0.0000       0.0000       0.0011       0.9916       0.0000       0.0073       0.0000
      59       0.0000       0.0000       0.0020       0.9782       0.0000       0.0198       0.0000
      60       0.0000       0.0000       0.0020       0.9742       0.0000       0.0237       0.0000
      61       0.0000       0.0000       0.0014       0.1856       0.0000       0.8004       0.0126
      62       0.0000       0.0000       0.0000       0.0000       0.0000       0.9558       0.0016
      63       0.0000       0.0000       0.0000       0.0000       0.0000       0.0000       0.0261
      64       0.0000       0.0000       0.0000       0.0000       0.0000       0.0040       0.4089
      65       0.0000       0.0000       0.0000       0.0000       0.0000       0.0040       0.1842
      66       0.0000       0.0000       0.0000       0.0000       0.0000       0.0000       0.0052
      67       0.0000       0.0000       0.0002       0.0000       0.0000       0.0002       0.0021
      68       0.0000       0.0000       0.2680       0.1770       0.0000       0.0743       0.1458
      69       0.0000       0.0000       0.3516       0.1770       0.0000       0.4260       0.0436
      70       0.0000       0.0000       0.3515       0.1770       0.0000       0.4424       0.0272
      71       0.0000       0.0000       0.1621       0.1770       0.0000       0.5331       0.0242
      72       0.0000       0.0000       0.0000       0.0000       0.0000       0.0006       0.0018
      73       0.0000       0.0000       0.0000       0.0000       0.0000       0.0005       0.3212
      74       0.0000       0.0002       0.0000       0.0000       0.0000       0.0000       0.0000
      75       0.0000       0.0000       0.0003       0.9966       0.0000       0.0029       0.0002
      76       0.0000       0.0000       0.0003       0.9988       0.0000       0.0009       0.0000
      77       0.0000       0.0000       0.0004       0.9990       0.0000       0.0006       0.0000
      78       0.0000       0.0000       0.0006       0.9992       0.0000       0.0002       0.0000
      79       0.0000       0.0000       0.0016       0.5849       0.0000       0.4108       0.0027
      80       0.0000       0.0000       0.0016       0.3211       0.0000       0.6502       0.0272
      81       0.0000       0.0000       0.0010       0.1809       0.0000       0.1972       0.5536
      82       0.0000       0.0000       0.0000       0.0670       0.0000       0.0017       0.0000
      83       0.0000       0.0000       0.0023       0.9386       0.0000       0.0387       0.0204
      84       0.0000       0.0000       0.0028       0.9809       0.0000       0.0161       0.0002
      85       0.0000       0.0000       0.0071       0.9851       0.0000       0.0078       0.0000
      86       0.0000       0.0000       0.0066       0.9899       0.0000       0.0032       0.0003
      87       0.0000       0.0000       0.0116       0.9361       0.0000       0.0523       0.0000
      88       0.0000       0.0002       0.0110       0.7719       0.0000       0.2164       0.0006
      89       0.0000       0.0000       0.0054       0.7573       0.0000       0.2244       0.0130
      90       0.0000       0.0000       0.0000       0.0000       0.0000       0.0019       0.9891
      91       0.0000       0.0002       0.0000       0.0000       0.0000       0.0024       0.0018
      92       0.0000       0.0000       0.0802       0.2332       0.0000       0.6750       0.0115
      93       0.0000       0.0000       0.0802       0.2336       0.0000       0.6754       0.0107
      94       0.0000       0.0000       0.0804       0.2809       0.0000       0.2244       0.1448
      95       0.0000       0.0000       0.0001       0.4450       0.0000       0.1236       0.1949
      96       0.0000       0.0000       0.0020       0.7534       0.0000       0.2360       0.0086
      97       0.0000       0.0000       0.0019       0.9607       0.0000       0.0373       0.0001
      98       0.0000       0.0000       0.0020       0.9856       0.0000       0.0114       0.0011
      99       0.0000       0.0000       0.0002       0.9918       0.0000       0.0079       0.0000
     100       0.0000       0.0000       0.0002       0.9948       0.0000       0.0049       0.0000
     101       0.0000       0.0000       0.0002       0.9984       0.0000       0.0014       0.0000
     102       0.0000       0.0000       0.0002       0.9946       0.0000       0.0052       0.0000
     103       0.0000       0.0000       0.0007       0.9954       0.0000       0.0039       0.0000
     104       0.0000       0.0000       0.0022       0.9741       0.0000       0.0236       0.0001
     105       0.0000       0.0000       0.0082       0.8764       0.0000       0.1149       0.0005
     106       0.0000       0.0000       0.0240       0.8292       0.0000       0.1298       0.0110
     107       0.0000       0.0000       0.0640       0.7091       0.0000       0.2214       0.0043
     108       0.0000       0.0000       0.0665       0.5111       0.0000       0.3923       0.0181
     109       0.0000       0.0000       0.0582       0.4313       0.0000       0.3654       0.0756
     110       0.0000       0.0000       0.0073       0.0065       0.0000       0.0138       0.0000
     111       0.0000       0.0000       0.0000       0.0000       0.0000       0.0000       0.0000
