#Residue         Para         Anti         3-10        Alpha           Pi         Turn         Bend
       1       0.0000       0.0000       0.0000       0.0000       0.0000       0.0000       0.0000
       2       0.0001       0.0001       0.0000       0.0000       0.0000       0.3908       0.0000
       3       0.0000       0.0004       0.0000       0.0003       0.0000       0.3908       0.2627
       4       0.0003       0.0108       0.0092       0.0160       0.0000       0.0977       0.1504
       5       0.0000       0.0207       0.0261       0.1313       0.0000       0.2930       0.2726
       6       0.0014       0.0006       0.0274       0.1315       0.0000       0.3048       0.2024
       7       0.0000       0.0000       0.0679       0.1554       0.0043       0.2036       0.1186
       8       0.0000       0.0000       0.0727       0.2183       0.0046       0.3050       0.2848
       9       0.0007       0.0006       0.0743       0.1150       0.0046       0.2612       0.3700
      10       0.0014       0.0000       0.0416       0.1455       0.0049       0.3270       0.1929
      11       0.0000       0.0003       0.0304       0.2236       0.0174       0.1760       0.1668
      12       0.0000       0.0010       0.0350       0.2220       0.0135       0.1692       0.1623
      13       0.0000       0.0000       0.0244       0.2136       0.0132       0.1566       0.2330
      14       0.0000       0.0011       0.0140       0.2008       0.0131       0.1812       0.2520
      15       0.0000       0.0000       0.0087       0.0451       0.0128       0.3091       0.3012
      16       0.0000       0.0001       0.0000       0.0014       0.0001       0.1787       0.2773
      17       0.0000       0.0018       0.0000       0.0000       0.0000       0.0002       0.4758
      18       0.0000       0.0000       0.0000       0.0000       0.0000       0.0002       0.3409
      19       0.0002       0.0000       0.0062       0.0000       0.0000       0.5106       0.1451
      20       0.0000       0.0210       0.0062       0.0000       0.0000       0.5169       0.2033
      21       0.0000       0.0109       0.0062       0.0000       0.0000       0.0146       0.3285
      22       0.0006       0.0001       0.0000       0.0000       0.0000       0.0000       0.1084
      23       0.0000       0.0000       0.0000       0.0000       0.0000       0.0000       0.0000
      24       0.0000       0.0001       0.0000       0.0000       0.0000       0.0000       0.0000
