#Residue         Para         Anti         3-10        Alpha           Pi         Turn         Bend
       1       0.0000       0.0000       0.0000       0.0000       0.0000       0.0000       0.0000
       2       0.0000       0.0000       0.0000       0.0000       0.0000       0.1802       0.0000
       3       0.0000       0.0000       0.0000       0.0000       0.0000       0.1805       0.1579
       4       0.0000       0.0004       0.0142       0.0829       0.0000       0.0551       0.1636
       5       0.0000       0.0000       0.0406       0.2487       0.0000       0.1007       0.1432
       6       0.0000       0.0003       0.0510       0.2807       0.0000       0.1617       0.2550
       7       0.0000       0.0225       0.0485       0.2838       0.0000       0.1606       0.1343
       8       0.0000       0.0005       0.0271       0.2833       0.0000       0.1895       0.2443
       9       0.0004       0.0003       0.0217       0.1007       0.0000       0.2021       0.5077
      10       0.0003       0.0030       0.0088       0.0431       0.0000       0.1296       0.2860
      11       0.0000       0.0203       0.0040       0.0270       0.0001       0.1049       0.1554
      12       0.0001       0.0089       0.0018       0.0051       0.0001       0.0533       0.2492
      13       0.0005       0.0003       0.0005       0.0002       0.0001       0.0348       0.1218
      14       0.0000       0.0011       0.0093       0.0002       0.0001       0.0456       0.0504
      15       0.0000       0.0062       0.0090       0.0002       0.0001       0.0910       0.2024
      16       0.0005       0.0010       0.0090       0.0000       0.0000       0.0827       0.2990
      17       0.0000       0.0003       0.0000       0.0000       0.0000       0.0000       0.3505
      18       0.0000       0.0000       0.0001       0.0000       0.0000       0.0000       0.2748
      19       0.0000       0.0089       0.0001       0.0000       0.0000       0.2442       0.2202
      20       0.0000       0.0002       0.0001       0.0000       0.0000       0.2454       0.2522
      21       0.0000       0.0000       0.0000       0.0000       0.0000       0.0022       0.2267
      22       0.0000       0.0062       0.0000       0.0000       0.0000       0.0002       0.0996
      23       0.0000       0.0022       0.0000       0.0000       0.0000       0.0002       0.0000
      24       0.0000       0.0000       0.0000       0.0000       0.0000       0.0000       0.0000
