#Residue         Para         Anti         3-10        Alpha           Pi         Turn         Bend
       1       0.0000       0.0000       0.0000       0.0000       0.0000       0.0000       0.0000
       2       0.0032       0.0000       0.0000       0.0000       0.0000       0.1885       0.0000
       3       0.0000       0.0000       0.0406       0.0051       0.0000       0.2816       0.3018
       4       0.0000       0.0000       0.1150       0.1588       0.0001       0.2027       0.1343
       5       0.0000       0.0000       0.1385       0.6737       0.0003       0.1781       0.0038
       6       0.0000       0.0000       0.1254       0.6898       0.0003       0.1842       0.0002
       7       0.0000       0.0000       0.0628       0.7034       0.0004       0.2314       0.0020
       8       0.0000       0.0000       0.0964       0.6603       0.0004       0.2298       0.0089
       9       0.0000       0.0000       0.1459       0.5680       0.0003       0.2756       0.0039
      10       0.0000       0.0000       0.1255       0.5535       0.0000       0.3015       0.0180
      11       0.0000       0.0000       0.2022       0.5530       0.0001       0.1726       0.0178
      12       0.0000       0.0015       0.2034       0.4310       0.0001       0.1945       0.0732
      13       0.0000       0.0000       0.2593       0.3921       0.0001       0.3219       0.0153
      14       0.0004       0.0000       0.2414       0.3535       0.0001       0.3850       0.0194
      15       0.0000       0.0000       0.1462       0.1440       0.0001       0.6177       0.0849
      16       0.0000       0.0010       0.0056       0.0451       0.0000       0.4239       0.1465
      17       0.0004       0.0015       0.0000       0.0000       0.0000       0.0002       0.3280
      18       0.0000       0.0000       0.0000       0.0000       0.0000       0.0002       0.3373
      19       0.0000       0.0000       0.0213       0.0000       0.0000       0.3150       0.2171
      20       0.0000       0.0000       0.0213       0.0000       0.0000       0.3189       0.2800
      21       0.0032       0.0000       0.0213       0.0000       0.0000       0.0123       0.3459
      22       0.0000       0.0000       0.0000       0.0000       0.0000       0.0000       0.1177
      23       0.0000       0.0009       0.0000       0.0000       0.0000       0.0000       0.0000
      24       0.0000       0.0000       0.0000       0.0000       0.0000       0.0000       0.0000
