#Residue         Para         Anti         3-10        Alpha           Pi         Turn         Bend
       1       0.0000       0.0000       0.0000       0.0000       0.0000       0.0000       0.0000
       2       0.0000       0.0000       0.0063       0.0198       0.0000       0.1838       0.0000
       3       0.0000       0.0000       0.0547       0.0220       0.0000       0.2123       0.2267
       4       0.0000       0.0000       0.3050       0.0630       0.0003       0.1821       0.1444
       5       0.0000       0.0000       0.3166       0.2484       0.0004       0.2267       0.0582
       6       0.0000       0.0000       0.2999       0.3369       0.0004       0.2690       0.0869
       7       0.0000       0.0000       0.0748       0.3614       0.0004       0.4255       0.1153
       8       0.0000       0.0000       0.1070       0.4551       0.0005       0.1243       0.0214
       9       0.0000       0.0000       0.2304       0.4174       0.0002       0.2369       0.0862
      10       0.0000       0.0000       0.2332       0.3991       0.0000       0.3409       0.0230
      11       0.0000       0.0000       0.2592       0.4307       0.0000       0.2946       0.0137
      12       0.0000       0.0000       0.1827       0.3167       0.0001       0.4163       0.0621
      13       0.0000       0.0000       0.1693       0.1658       0.0000       0.1870       0.1584
      14       0.0001       0.0000       0.1202       0.1462       0.0000       0.2471       0.3619
      15       0.0002       0.0000       0.0922       0.0704       0.0000       0.3180       0.3880
      16       0.0001       0.0008       0.0074       0.0144       0.0000       0.2296       0.2214
      17       0.0001       0.0000       0.0000       0.0000       0.0000       0.0050       0.2801
      18       0.0000       0.0000       0.0000       0.0000       0.0000       0.0050       0.2492
      19       0.0000       0.0007       0.0000       0.0000       0.0000       0.1744       0.2711
      20       0.0000       0.0000       0.0000       0.0000       0.0000       0.1817       0.3366
      21       0.0000       0.0000       0.0000       0.0000       0.0000       0.0098       0.4160
      22       0.0003       0.0000       0.0000       0.0000       0.0000       0.0000       0.2447
      23       0.0000       0.0000       0.0000       0.0000       0.0000       0.0000       0.0000
      24       0.0000       0.0000       0.0000       0.0000       0.0000       0.0000       0.0000
