#Residue Residue Contacts_00007[nativemap]
   1.000    1.000        0.0000
   2.000    1.000        1.0000
   3.000    1.000        0.9885
   4.000    1.000        0.8037
   5.000    1.000        0.7725
   6.000    1.000        0.0000
   7.000    1.000        0.0000
   8.000    1.000        0.0000
   9.000    1.000        0.0000
  10.000    1.000        0.0000
  11.000    1.000        0.0000
  12.000    1.000        0.0000
  13.000    1.000        0.0000
  14.000    1.000        0.0000
  15.000    1.000        0.0000
  16.000    1.000        0.0000
  17.000    1.000        0.0000
  18.000    1.000        0.0000
  19.000    1.000        0.0000
  20.000    1.000        0.0000
  21.000    1.000        0.0000
  22.000    1.000        0.0000
  23.000    1.000        0.0000
  24.000    1.000        0.0000
  25.000    1.000        0.0000
  26.000    1.000        0.0000
  27.000    1.000        0.0000
  28.000    1.000        0.0000
  29.000    1.000        0.0000
  30.000    1.000        0.0000
  31.000    1.000        0.0000
  32.000    1.000        0.0000
  33.000    1.000        0.0000
  34.000    1.000        0.0000
  35.000    1.000        0.0000
  36.000    1.000        0.0000
  37.000    1.000        0.0000
  38.000    1.000        0.0000
  39.000    1.000        0.0000
  40.000    1.000        0.0000
  41.000    1.000        0.0000
  42.000    1.000        0.0000
  43.000    1.000        0.0000
  44.000    1.000        0.0000
  45.000    1.000        0.0000
  46.000    1.000        0.0000
  47.000    1.000        0.0000
   1.000    2.000        1.0000
   2.000    2.000        0.0000
   3.000    2.000        1.0000
   4.000    2.000        1.0000
   5.000    2.000        0.9961
   6.000    2.000        0.6320
   7.000    2.000        0.0000
   8.000    2.000        0.0000
   9.000    2.000        0.0000
  10.000    2.000        0.0000
  11.000    2.000        0.0000
  12.000    2.000        0.0000
  13.000    2.000        0.0000
  14.000    2.000        0.0000
  15.000    2.000        0.0000
  16.000    2.000        0.0000
  17.000    2.000        0.0000
  18.000    2.000        0.0000
  19.000    2.000        0.0000
  20.000    2.000        0.0000
  21.000    2.000        0.0000
  22.000    2.000        0.0000
  23.000    2.000        0.0000
  24.000    2.000        0.0000
  25.000    2.000        0.0000
  26.000    2.000        0.0000
  27.000    2.000        0.0000
  28.000    2.000        0.0000
  29.000    2.000        0.0000
  30.000    2.000        0.0000
  31.000    2.000        0.0000
  32.000    2.000        0.0000
  33.000    2.000        0.0000
  34.000    2.000        0.0000
  35.000    2.000        0.0000
  36.000    2.000        0.0000
  37.000    2.000        0.0000
  38.000    2.000        0.0000
  39.000    2.000        0.0000
  40.000    2.000        0.0000
  41.000    2.000        0.0000
  42.000    2.000        0.0000
  43.000    2.000        0.0000
  44.000    2.000        0.0000
  45.000    2.000        0.0000
  46.000    2.000        0.0000
  47.000    2.000        0.0000
   1.000    3.000        0.9885
   2.000    3.000        1.0000
   3.000    3.000        0.0000
   4.000    3.000        1.0000
   5.000    3.000        1.0000
   6.000    3.000        0.6800
   7.000    3.000        0.0000
   8.000    3.000        0.0000
   9.000    3.000        0.0000
  10.000    3.000        0.0000
  11.000    3.000        0.0000
  12.000    3.000        0.0000
  13.000    3.000        0.0000
  14.000    3.000        0.0000
  15.000    3.000        0.0000
  16.000    3.000        0.0000
  17.000    3.000        0.0000
  18.000    3.000        0.0000
  19.000    3.000        0.0000
  20.000    3.000        0.0000
  21.000    3.000        0.0000
  22.000    3.000        0.0000
  23.000    3.000        0.0000
  24.000    3.000        0.0000
  25.000    3.000        0.0000
  26.000    3.000        0.0000
  27.000    3.000        0.0000
  28.000    3.000        0.0000
  29.000    3.000        0.0000
  30.000    3.000        0.0000
  31.000    3.000        0.0000
  32.000    3.000        0.0000
  33.000    3.000        0.0000
  34.000    3.000        0.0000
  35.000    3.000        0.0000
  36.000    3.000        0.0000
  37.000    3.000        0.0000
  38.000    3.000        0.0000
  39.000    3.000        0.0000
  40.000    3.000        0.0000
  41.000    3.000        0.0000
  42.000    3.000        0.0000
  43.000    3.000        0.0000
  44.000    3.000        0.0000
  45.000    3.000        0.0000
  46.000    3.000        0.0000
  47.000    3.000        0.0000
   1.000    4.000        0.8037
   2.000    4.000        1.0000
   3.000    4.000        1.0000
   4.000    4.000        0.0000
   5.000    4.000        1.0000
   6.000    4.000        0.9845
   7.000    4.000        0.5887
   8.000    4.000        0.3801
   9.000    4.000        0.0000
  10.000    4.000        0.0000
  11.000    4.000        0.0000
  12.000    4.000        0.0000
  13.000    4.000        0.0000
  14.000    4.000        0.0000
  15.000    4.000        0.0000
  16.000    4.000        0.0000
  17.000    4.000        0.0000
  18.000    4.000        0.0000
  19.000    4.000        0.0000
  20.000    4.000        0.0000
  21.000    4.000        0.0000
  22.000    4.000        0.0000
  23.000    4.000        0.0000
  24.000    4.000        0.0000
  25.000    4.000        0.0000
  26.000    4.000        0.0000
  27.000    4.000        0.0000
  28.000    4.000        0.0000
  29.000    4.000        0.0000
  30.000    4.000        0.0000
  31.000    4.000        0.0000
  32.000    4.000        0.0000
  33.000    4.000        0.0000
  34.000    4.000        0.0000
  35.000    4.000        0.0000
  36.000    4.000        0.0000
  37.000    4.000        0.0000
  38.000    4.000        0.0000
  39.000    4.000        0.0000
  40.000    4.000        0.0000
  41.000    4.000        0.0000
  42.000    4.000        0.0000
  43.000    4.000        0.0000
  44.000    4.000        0.0000
  45.000    4.000        0.0000
  46.000    4.000        0.0000
  47.000    4.000        0.0000
   1.000    5.000        0.7725
   2.000    5.000        0.9961
   3.000    5.000        1.0000
   4.000    5.000        1.0000
   5.000    5.000        0.0000
   6.000    5.000        1.0000
   7.000    5.000        0.9999
   8.000    5.000        0.9250
   9.000    5.000        0.5615
  10.000    5.000        0.0000
  11.000    5.000        0.0000
  12.000    5.000        0.0000
  13.000    5.000        0.0000
  14.000    5.000        0.0000
  15.000    5.000        0.0000
  16.000    5.000        0.0000
  17.000    5.000        0.0000
  18.000    5.000        0.0000
  19.000    5.000        0.0000
  20.000    5.000        0.0000
  21.000    5.000        0.0000
  22.000    5.000        0.0000
  23.000    5.000        0.0000
  24.000    5.000        0.0000
  25.000    5.000        0.0000
  26.000    5.000        0.0000
  27.000    5.000        0.0000
  28.000    5.000        0.0000
  29.000    5.000        0.0000
  30.000    5.000        0.0000
  31.000    5.000        0.0000
  32.000    5.000        0.0000
  33.000    5.000        0.0000
  34.000    5.000        0.0000
  35.000    5.000        0.0000
  36.000    5.000        0.0000
  37.000    5.000        0.0000
  38.000    5.000        0.0000
  39.000    5.000        0.0000
  40.000    5.000        0.0000
  41.000    5.000        0.0000
  42.000    5.000        0.0000
  43.000    5.000        0.0000
  44.000    5.000        0.0000
  45.000    5.000        0.0000
  46.000    5.000        0.0000
  47.000    5.000        0.0000
   1.000    6.000        0.0000
   2.000    6.000        0.6320
   3.000    6.000        0.6800
   4.000    6.000        0.9845
   5.000    6.000        1.0000
   6.000    6.000        0.0000
   7.000    6.000        1.0000
   8.000    6.000        1.0000
   9.000    6.000        0.8579
  10.000    6.000        0.0000
  11.000    6.000        0.0000
  12.000    6.000        0.0000
  13.000    6.000        0.0000
  14.000    6.000        0.0000
  15.000    6.000        0.0000
  16.000    6.000        0.0000
  17.000    6.000        0.0000
  18.000    6.000        0.0000
  19.000    6.000        0.0000
  20.000    6.000        0.0000
  21.000    6.000        0.0000
  22.000    6.000        0.0000
  23.000    6.000        0.0000
  24.000    6.000        0.0000
  25.000    6.000        0.0000
  26.000    6.000        0.0000
  27.000    6.000        0.0000
  28.000    6.000        0.0000
  29.000    6.000        0.0000
  30.000    6.000        0.0000
  31.000    6.000        0.0000
  32.000    6.000        0.0000
  33.000    6.000        0.0000
  34.000    6.000        0.0000
  35.000    6.000        0.0000
  36.000    6.000        0.0000
  37.000    6.000        0.0000
  38.000    6.000        0.0000
  39.000    6.000        0.0000
  40.000    6.000        0.0000
  41.000    6.000        0.0000
  42.000    6.000        0.0000
  43.000    6.000        0.0000
  44.000    6.000        0.0000
  45.000    6.000        0.0000
  46.000    6.000        0.0000
  47.000    6.000        0.0000
   1.000    7.000        0.0000
   2.000    7.000        0.0000
   3.000    7.000        0.0000
   4.000    7.000        0.5887
   5.000    7.000        0.9999
   6.000    7.000        1.0000
   7.000    7.000        0.0000
   8.000    7.000        1.0000
   9.000    7.000        0.9629
  10.000    7.000        0.7262
  11.000    7.000        0.0000
  12.000    7.000        0.0000
  13.000    7.000        0.0000
  14.000    7.000        0.0000
  15.000    7.000        0.0000
  16.000    7.000        0.0000
  17.000    7.000        0.0000
  18.000    7.000        0.0000
  19.000    7.000        0.0000
  20.000    7.000        0.0000
  21.000    7.000        0.0000
  22.000    7.000        0.0000
  23.000    7.000        0.0000
  24.000    7.000        0.0000
  25.000    7.000        0.0000
  26.000    7.000        0.0000
  27.000    7.000        0.0000
  28.000    7.000        0.0000
  29.000    7.000        0.0000
  30.000    7.000        0.0000
  31.000    7.000        0.0000
  32.000    7.000        0.0000
  33.000    7.000        0.0000
  34.000    7.000        0.0000
  35.000    7.000        0.0000
  36.000    7.000        0.0000
  37.000    7.000        0.0000
  38.000    7.000        0.0000
  39.000    7.000        0.0000
  40.000    7.000        0.0000
  41.000    7.000        0.0000
  42.000    7.000        0.0000
  43.000    7.000        0.0000
  44.000    7.000        0.0000
  45.000    7.000        0.0000
  46.000    7.000        0.0000
  47.000    7.000        0.0000
   1.000    8.000        0.0000
   2.000    8.000        0.0000
   3.000    8.000        0.0000
   4.000    8.000        0.3801
   5.000    8.000        0.9250
   6.000    8.000        1.0000
   7.000    8.000        1.0000
   8.000    8.000        0.0000
   9.000    8.000        1.0000
  10.000    8.000        0.9998
  11.000    8.000        0.8258
  12.000    8.000        0.0000
  13.000    8.000        0.5943
  14.000    8.000        0.0000
  15.000    8.000        0.0000
  16.000    8.000        0.0000
  17.000    8.000        0.0000
  18.000    8.000        0.0000
  19.000    8.000        0.0000
  20.000    8.000        0.0000
  21.000    8.000        0.0000
  22.000    8.000        0.0000
  23.000    8.000        0.0000
  24.000    8.000        0.0000
  25.000    8.000        0.0000
  26.000    8.000        0.0000
  27.000    8.000        0.0000
  28.000    8.000        0.0000
  29.000    8.000        0.0000
  30.000    8.000        0.0000
  31.000    8.000        0.0000
  32.000    8.000        0.0000
  33.000    8.000        0.0000
  34.000    8.000        0.0000
  35.000    8.000        0.0000
  36.000    8.000        0.0000
  37.000    8.000        0.0000
  38.000    8.000        0.0000
  39.000    8.000        0.0000
  40.000    8.000        0.0000
  41.000    8.000        0.0000
  42.000    8.000        0.0000
  43.000    8.000        0.0000
  44.000    8.000        0.0000
  45.000    8.000        0.0000
  46.000    8.000        0.0000
  47.000    8.000        0.0000
   1.000    9.000        0.0000
   2.000    9.000        0.0000
   3.000    9.000        0.0000
   4.000    9.000        0.0000
   5.000    9.000        0.5615
   6.000    9.000        0.8579
   7.000    9.000        0.9629
   8.000    9.000        1.0000
   9.000    9.000        0.0000
  10.000    9.000        1.0000
  11.000    9.000        0.9810
  12.000    9.000        0.8170
  13.000    9.000        0.8950
  14.000    9.000        0.5826
  15.000    9.000        0.0000
  16.000    9.000        0.0000
  17.000    9.000        0.0000
  18.000    9.000        0.0000
  19.000    9.000        0.0000
  20.000    9.000        0.0000
  21.000    9.000        0.0000
  22.000    9.000        0.0000
  23.000    9.000        0.0000
  24.000    9.000        0.0000
  25.000    9.000        0.0000
  26.000    9.000        0.0000
  27.000    9.000        0.0000
  28.000    9.000        0.0000
  29.000    9.000        0.0000
  30.000    9.000        0.0000
  31.000    9.000        0.0000
  32.000    9.000        0.0000
  33.000    9.000        0.0000
  34.000    9.000        0.0000
  35.000    9.000        0.0000
  36.000    9.000        0.0000
  37.000    9.000        0.0000
  38.000    9.000        0.0000
  39.000    9.000        0.0000
  40.000    9.000        0.0000
  41.000    9.000        0.0000
  42.000    9.000        0.0000
  43.000    9.000        0.0000
  44.000    9.000        0.0000
  45.000    9.000        0.0000
  46.000    9.000        0.0000
  47.000    9.000        0.0000
   1.000   10.000        0.0000
   2.000   10.000        0.0000
   3.000   10.000        0.0000
   4.000   10.000        0.0000
   5.000   10.000        0.0000
   6.000   10.000        0.0000
   7.000   10.000        0.7262
   8.000   10.000        0.9998
   9.000   10.000        1.0000
  10.000   10.000        0.0000
  11.000   10.000        1.0000
  12.000   10.000        0.9701
  13.000   10.000        0.6229
  14.000   10.000        0.6283
  15.000   10.000        0.0000
  16.000   10.000        0.0000
  17.000   10.000        0.0000
  18.000   10.000        0.0000
  19.000   10.000        0.0000
  20.000   10.000        0.0000
  21.000   10.000        0.0000
  22.000   10.000        0.0000
  23.000   10.000        0.0000
  24.000   10.000        0.0000
  25.000   10.000        0.0000
  26.000   10.000        0.0000
  27.000   10.000        0.0000
  28.000   10.000        0.0000
  29.000   10.000        0.0000
  30.000   10.000        0.0000
  31.000   10.000        0.0000
  32.000   10.000        0.0000
  33.000   10.000        0.0000
  34.000   10.000        0.0000
  35.000   10.000        0.0000
  36.000   10.000        0.0000
  37.000   10.000        0.0000
  38.000   10.000        0.0000
  39.000   10.000        0.0000
  40.000   10.000        0.0000
  41.000   10.000        0.0000
  42.000   10.000        0.0000
  43.000   10.000        0.0000
  44.000   10.000        0.0000
  45.000   10.000        0.0000
  46.000   10.000        0.0000
  47.000   10.000        0.0000
   1.000   11.000        0.0000
   2.000   11.000        0.0000
   3.000   11.000        0.0000
   4.000   11.000        0.0000
   5.000   11.000        0.0000
   6.000   11.000        0.0000
   7.000   11.000        0.0000
   8.000   11.000        0.8258
   9.000   11.000        0.9810
  10.000   11.000        1.0000
  11.000   11.000        0.0000
  12.000   11.000        1.0000
  13.000   11.000        0.9988
  14.000   11.000        0.0000
  15.000   11.000        0.0000
  16.000   11.000        0.0000
  17.000   11.000        0.0000
  18.000   11.000        0.0000
  19.000   11.000        0.0000
  20.000   11.000        0.0000
  21.000   11.000        0.0000
  22.000   11.000        0.0000
  23.000   11.000        0.0000
  24.000   11.000        0.0000
  25.000   11.000        0.0000
  26.000   11.000        0.0000
  27.000   11.000        0.0000
  28.000   11.000        0.0000
  29.000   11.000        0.0000
  30.000   11.000        0.0000
  31.000   11.000        0.0000
  32.000   11.000        0.0000
  33.000   11.000        0.0000
  34.000   11.000        0.0000
  35.000   11.000        0.0000
  36.000   11.000        0.0000
  37.000   11.000        0.0000
  38.000   11.000        0.0000
  39.000   11.000        0.0000
  40.000   11.000        0.0000
  41.000   11.000        0.0000
  42.000   11.000        0.0000
  43.000   11.000        0.0000
  44.000   11.000        0.0000
  45.000   11.000        0.0000
  46.000   11.000        0.0000
  47.000   11.000        0.0000
   1.000   12.000        0.0000
   2.000   12.000        0.0000
   3.000   12.000        0.0000
   4.000   12.000        0.0000
   5.000   12.000        0.0000
   6.000   12.000        0.0000
   7.000   12.000        0.0000
   8.000   12.000        0.0000
   9.000   12.000        0.8170
  10.000   12.000        0.9701
  11.000   12.000        1.0000
  12.000   12.000        0.0000
  13.000   12.000        1.0000
  14.000   12.000        1.0000
  15.000   12.000        0.8491
  16.000   12.000        0.0000
  17.000   12.000        0.0000
  18.000   12.000        0.0000
  19.000   12.000        0.0000
  20.000   12.000        0.0000
  21.000   12.000        0.0000
  22.000   12.000        0.0000
  23.000   12.000        0.0000
  24.000   12.000        0.0000
  25.000   12.000        0.0000
  26.000   12.000        0.0000
  27.000   12.000        0.0000
  28.000   12.000        0.0000
  29.000   12.000        0.0000
  30.000   12.000        0.0000
  31.000   12.000        0.0000
  32.000   12.000        0.0000
  33.000   12.000        0.0000
  34.000   12.000        0.0000
  35.000   12.000        0.0000
  36.000   12.000        0.0000
  37.000   12.000        0.0000
  38.000   12.000        0.0000
  39.000   12.000        0.0000
  40.000   12.000        0.0000
  41.000   12.000        0.0000
  42.000   12.000        0.0000
  43.000   12.000        0.0000
  44.000   12.000        0.0000
  45.000   12.000        0.0000
  46.000   12.000        0.0000
  47.000   12.000        0.0000
   1.000   13.000        0.0000
   2.000   13.000        0.0000
   3.000   13.000        0.0000
   4.000   13.000        0.0000
   5.000   13.000        0.0000
   6.000   13.000        0.0000
   7.000   13.000        0.0000
   8.000   13.000        0.5943
   9.000   13.000        0.8950
  10.000   13.000        0.6229
  11.000   13.000        0.9988
  12.000   13.000        1.0000
  13.000   13.000        0.0000
  14.000   13.000        1.0000
  15.000   13.000        1.0000
  16.000   13.000        0.9996
  17.000   13.000        0.9404
  18.000   13.000        0.0000
  19.000   13.000        0.0000
  20.000   13.000        0.0000
  21.000   13.000        0.0000
  22.000   13.000        0.0000
  23.000   13.000        0.0000
  24.000   13.000        0.0000
  25.000   13.000        0.0000
  26.000   13.000        0.0000
  27.000   13.000        0.0000
  28.000   13.000        0.0000
  29.000   13.000        0.0000
  30.000   13.000        0.0000
  31.000   13.000        0.0000
  32.000   13.000        0.0000
  33.000   13.000        0.0000
  34.000   13.000        0.0000
  35.000   13.000        0.0000
  36.000   13.000        0.0000
  37.000   13.000        0.0000
  38.000   13.000        0.0000
  39.000   13.000        0.0000
  40.000   13.000        0.0000
  41.000   13.000        0.0000
  42.000   13.000        0.0000
  43.000   13.000        0.0000
  44.000   13.000        0.0000
  45.000   13.000        0.0000
  46.000   13.000        0.0000
  47.000   13.000        0.0000
   1.000   14.000        0.0000
   2.000   14.000        0.0000
   3.000   14.000        0.0000
   4.000   14.000        0.0000
   5.000   14.000        0.0000
   6.000   14.000        0.0000
   7.000   14.000        0.0000
   8.000   14.000        0.0000
   9.000   14.000        0.5826
  10.000   14.000        0.6283
  11.000   14.000        0.0000
  12.000   14.000        1.0000
  13.000   14.000        1.0000
  14.000   14.000        0.0000
  15.000   14.000        1.0000
  16.000   14.000        1.0000
  17.000   14.000        0.9751
  18.000   14.000        0.0000
  19.000   14.000        0.0000
  20.000   14.000        0.0000
  21.000   14.000        0.0000
  22.000   14.000        0.0000
  23.000   14.000        0.0000
  24.000   14.000        0.0000
  25.000   14.000        0.0000
  26.000   14.000        0.0000
  27.000   14.000        0.0000
  28.000   14.000        0.0000
  29.000   14.000        0.0000
  30.000   14.000        0.0000
  31.000   14.000        0.0000
  32.000   14.000        0.0000
  33.000   14.000        0.0000
  34.000   14.000        0.0000
  35.000   14.000        0.0000
  36.000   14.000        0.0000
  37.000   14.000        0.0000
  38.000   14.000        0.0000
  39.000   14.000        0.0000
  40.000   14.000        0.0000
  41.000   14.000        0.0000
  42.000   14.000        0.0000
  43.000   14.000        0.0000
  44.000   14.000        0.0000
  45.000   14.000        0.0000
  46.000   14.000        0.0000
  47.000   14.000        0.0000
   1.000   15.000        0.0000
   2.000   15.000        0.0000
   3.000   15.000        0.0000
   4.000   15.000        0.0000
   5.000   15.000        0.0000
   6.000   15.000        0.0000
   7.000   15.000        0.0000
   8.000   15.000        0.0000
   9.000   15.000        0.0000
  10.000   15.000        0.0000
  11.000   15.000        0.0000
  12.000   15.000        0.8491
  13.000   15.000        1.0000
  14.000   15.000        1.0000
  15.000   15.000        0.0000
  16.000   15.000        1.0000
  17.000   15.000        1.0000
  18.000   15.000        0.9718
  19.000   15.000        0.0000
  20.000   15.000        0.0000
  21.000   15.000        0.0000
  22.000   15.000        0.0000
  23.000   15.000        0.0000
  24.000   15.000        0.0000
  25.000   15.000        0.0000
  26.000   15.000        0.0000
  27.000   15.000        0.0000
  28.000   15.000        0.0000
  29.000   15.000        0.0000
  30.000   15.000        0.0000
  31.000   15.000        0.0000
  32.000   15.000        0.0000
  33.000   15.000        0.0000
  34.000   15.000        0.0000
  35.000   15.000        0.0000
  36.000   15.000        0.0000
  37.000   15.000        0.0000
  38.000   15.000        0.0000
  39.000   15.000        0.0000
  40.000   15.000        0.0000
  41.000   15.000        0.0000
  42.000   15.000        0.0000
  43.000   15.000        0.0000
  44.000   15.000        0.0000
  45.000   15.000        0.0000
  46.000   15.000        0.0000
  47.000   15.000        0.0000
   1.000   16.000        0.0000
   2.000   16.000        0.0000
   3.000   16.000        0.0000
   4.000   16.000        0.0000
   5.000   16.000        0.0000
   6.000   16.000        0.0000
   7.000   16.000        0.0000
   8.000   16.000        0.0000
   9.000   16.000        0.0000
  10.000   16.000        0.0000
  11.000   16.000        0.0000
  12.000   16.000        0.0000
  13.000   16.000        0.9996
  14.000   16.000        1.0000
  15.000   16.000        1.0000
  16.000   16.000        0.0000
  17.000   16.000        1.0000
  18.000   16.000        1.0000
  19.000   16.000        0.9980
  20.000   16.000        0.7860
  21.000   16.000        0.0000
  22.000   16.000        0.0000
  23.000   16.000        0.0000
  24.000   16.000        0.0000
  25.000   16.000        0.0000
  26.000   16.000        0.0000
  27.000   16.000        0.0000
  28.000   16.000        0.0000
  29.000   16.000        0.0000
  30.000   16.000        0.0000
  31.000   16.000        0.0000
  32.000   16.000        0.0000
  33.000   16.000        0.0000
  34.000   16.000        0.0000
  35.000   16.000        0.0000
  36.000   16.000        0.0000
  37.000   16.000        0.0000
  38.000   16.000        0.0000
  39.000   16.000        0.0000
  40.000   16.000        0.0000
  41.000   16.000        0.0000
  42.000   16.000        0.0000
  43.000   16.000        0.0000
  44.000   16.000        0.0000
  45.000   16.000        0.0000
  46.000   16.000        0.0000
  47.000   16.000        0.0000
   1.000   17.000        0.0000
   2.000   17.000        0.0000
   3.000   17.000        0.0000
   4.000   17.000        0.0000
   5.000   17.000        0.0000
   6.000   17.000        0.0000
   7.000   17.000        0.0000
   8.000   17.000        0.0000
   9.000   17.000        0.0000
  10.000   17.000        0.0000
  11.000   17.000        0.0000
  12.000   17.000        0.0000
  13.000   17.000        0.9404
  14.000   17.000        0.9751
  15.000   17.000        1.0000
  16.000   17.000        1.0000
  17.000   17.000        0.0000
  18.000   17.000        1.0000
  19.000   17.000        1.0000
  20.000   17.000        0.9749
  21.000   17.000        0.8891
  22.000   17.000        0.1418
  23.000   17.000        0.0000
  24.000   17.000        0.0000
  25.000   17.000        0.0000
  26.000   17.000        0.0000
  27.000   17.000        0.0000
  28.000   17.000        0.0000
  29.000   17.000        0.0000
  30.000   17.000        0.0000
  31.000   17.000        0.0000
  32.000   17.000        0.0000
  33.000   17.000        0.0000
  34.000   17.000        0.0000
  35.000   17.000        0.0000
  36.000   17.000        0.0000
  37.000   17.000        0.0000
  38.000   17.000        0.0000
  39.000   17.000        0.0000
  40.000   17.000        0.0000
  41.000   17.000        0.0000
  42.000   17.000        0.0000
  43.000   17.000        0.0000
  44.000   17.000        0.0000
  45.000   17.000        0.0000
  46.000   17.000        0.0000
  47.000   17.000        0.0000
   1.000   18.000        0.0000
   2.000   18.000        0.0000
   3.000   18.000        0.0000
   4.000   18.000        0.0000
   5.000   18.000        0.0000
   6.000   18.000        0.0000
   7.000   18.000        0.0000
   8.000   18.000        0.0000
   9.000   18.000        0.0000
  10.000   18.000        0.0000
  11.000   18.000        0.0000
  12.000   18.000        0.0000
  13.000   18.000        0.0000
  14.000   18.000        0.0000
  15.000   18.000        0.9718
  16.000   18.000        1.0000
  17.000   18.000        1.0000
  18.000   18.000        0.0000
  19.000   18.000        1.0000
  20.000   18.000        1.0000
  21.000   18.000        0.9578
  22.000   18.000        0.8620
  23.000   18.000        0.0000
  24.000   18.000        0.0000
  25.000   18.000        0.0000
  26.000   18.000        0.0000
  27.000   18.000        0.0000
  28.000   18.000        0.0000
  29.000   18.000        0.0000
  30.000   18.000        0.0000
  31.000   18.000        0.0000
  32.000   18.000        0.0000
  33.000   18.000        0.0000
  34.000   18.000        0.0000
  35.000   18.000        0.0000
  36.000   18.000        0.0000
  37.000   18.000        0.0000
  38.000   18.000        0.0000
  39.000   18.000        0.0000
  40.000   18.000        0.0000
  41.000   18.000        0.0000
  42.000   18.000        0.0000
  43.000   18.000        0.0000
  44.000   18.000        0.0000
  45.000   18.000        0.0000
  46.000   18.000        0.0000
  47.000   18.000        0.0000
   1.000   19.000        0.0000
   2.000   19.000        0.0000
   3.000   19.000        0.0000
   4.000   19.000        0.0000
   5.000   19.000        0.0000
   6.000   19.000        0.0000
   7.000   19.000        0.0000
   8.000   19.000        0.0000
   9.000   19.000        0.0000
  10.000   19.000        0.0000
  11.000   19.000        0.0000
  12.000   19.000        0.0000
  13.000   19.000        0.0000
  14.000   19.000        0.0000
  15.000   19.000        0.0000
  16.000   19.000        0.9980
  17.000   19.000        1.0000
  18.000   19.000        1.0000
  19.000   19.000        0.0000
  20.000   19.000        1.0000
  21.000   19.000        0.9993
  22.000   19.000        0.8801
  23.000   19.000        0.0000
  24.000   19.000        0.0000
  25.000   19.000        0.0000
  26.000   19.000        0.0000
  27.000   19.000        0.0000
  28.000   19.000        0.0000
  29.000   19.000        0.0000
  30.000   19.000        0.0000
  31.000   19.000        0.0000
  32.000   19.000        0.0000
  33.000   19.000        0.0000
  34.000   19.000        0.0000
  35.000   19.000        0.0000
  36.000   19.000        0.0000
  37.000   19.000        0.0000
  38.000   19.000        0.0000
  39.000   19.000        0.0000
  40.000   19.000        0.0000
  41.000   19.000        0.0000
  42.000   19.000        0.0000
  43.000   19.000        0.0000
  44.000   19.000        0.0000
  45.000   19.000        0.0000
  46.000   19.000        0.0000
  47.000   19.000        0.0000
   1.000   20.000        0.0000
   2.000   20.000        0.0000
   3.000   20.000        0.0000
   4.000   20.000        0.0000
   5.000   20.000        0.0000
   6.000   20.000        0.0000
   7.000   20.000        0.0000
   8.000   20.000        0.0000
   9.000   20.000        0.0000
  10.000   20.000        0.0000
  11.000   20.000        0.0000
  12.000   20.000        0.0000
  13.000   20.000        0.0000
  14.000   20.000        0.0000
  15.000   20.000        0.0000
  16.000   20.000        0.7860
  17.000   20.000        0.9749
  18.000   20.000        1.0000
  19.000   20.000        1.0000
  20.000   20.000        0.0000
  21.000   20.000        1.0000
  22.000   20.000        1.0000
  23.000   20.000        0.8762
  24.000   20.000        0.0000
  25.000   20.000        0.0000
  26.000   20.000        0.0000
  27.000   20.000        0.0000
  28.000   20.000        0.0000
  29.000   20.000        0.0000
  30.000   20.000        0.0000
  31.000   20.000        0.0000
  32.000   20.000        0.0000
  33.000   20.000        0.0000
  34.000   20.000        0.0000
  35.000   20.000        0.0000
  36.000   20.000        0.0000
  37.000   20.000        0.0000
  38.000   20.000        0.0000
  39.000   20.000        0.0000
  40.000   20.000        0.0000
  41.000   20.000        0.0000
  42.000   20.000        0.0000
  43.000   20.000        0.0000
  44.000   20.000        0.0000
  45.000   20.000        0.0000
  46.000   20.000        0.0000
  47.000   20.000        0.0000
   1.000   21.000        0.0000
   2.000   21.000        0.0000
   3.000   21.000        0.0000
   4.000   21.000        0.0000
   5.000   21.000        0.0000
   6.000   21.000        0.0000
   7.000   21.000        0.0000
   8.000   21.000        0.0000
   9.000   21.000        0.0000
  10.000   21.000        0.0000
  11.000   21.000        0.0000
  12.000   21.000        0.0000
  13.000   21.000        0.0000
  14.000   21.000        0.0000
  15.000   21.000        0.0000
  16.000   21.000        0.0000
  17.000   21.000        0.8891
  18.000   21.000        0.9578
  19.000   21.000        0.9993
  20.000   21.000        1.0000
  21.000   21.000        0.0000
  22.000   21.000        1.0000
  23.000   21.000        0.9399
  24.000   21.000        0.8799
  25.000   21.000        0.7847
  26.000   21.000        0.0000
  27.000   21.000        0.0000
  28.000   21.000        0.0000
  29.000   21.000        0.0000
  30.000   21.000        0.0000
  31.000   21.000        0.0000
  32.000   21.000        0.0000
  33.000   21.000        0.0000
  34.000   21.000        0.0000
  35.000   21.000        0.0000
  36.000   21.000        0.0000
  37.000   21.000        0.0000
  38.000   21.000        0.0000
  39.000   21.000        0.0000
  40.000   21.000        0.0000
  41.000   21.000        0.0000
  42.000   21.000        0.0000
  43.000   21.000        0.0000
  44.000   21.000        0.0000
  45.000   21.000        0.0000
  46.000   21.000        0.0000
  47.000   21.000        0.0000
   1.000   22.000        0.0000
   2.000   22.000        0.0000
   3.000   22.000        0.0000
   4.000   22.000        0.0000
   5.000   22.000        0.0000
   6.000   22.000        0.0000
   7.000   22.000        0.0000
   8.000   22.000        0.0000
   9.000   22.000        0.0000
  10.000   22.000        0.0000
  11.000   22.000        0.0000
  12.000   22.000        0.0000
  13.000   22.000        0.0000
  14.000   22.000        0.0000
  15.000   22.000        0.0000
  16.000   22.000        0.0000
  17.000   22.000        0.1418
  18.000   22.000        0.8620
  19.000   22.000        0.8801
  20.000   22.000        1.0000
  21.000   22.000        1.0000
  22.000   22.000        0.0000
  23.000   22.000        1.0000
  24.000   22.000        0.9994
  25.000   22.000        0.6045
  26.000   22.000        0.0000
  27.000   22.000        0.0000
  28.000   22.000        0.0000
  29.000   22.000        0.0000
  30.000   22.000        0.0000
  31.000   22.000        0.0000
  32.000   22.000        0.0000
  33.000   22.000        0.0000
  34.000   22.000        0.0000
  35.000   22.000        0.0000
  36.000   22.000        0.0000
  37.000   22.000        0.0000
  38.000   22.000        0.0000
  39.000   22.000        0.0000
  40.000   22.000        0.0000
  41.000   22.000        0.0000
  42.000   22.000        0.0000
  43.000   22.000        0.0000
  44.000   22.000        0.0000
  45.000   22.000        0.0000
  46.000   22.000        0.0000
  47.000   22.000        0.0000
   1.000   23.000        0.0000
   2.000   23.000        0.0000
   3.000   23.000        0.0000
   4.000   23.000        0.0000
   5.000   23.000        0.0000
   6.000   23.000        0.0000
   7.000   23.000        0.0000
   8.000   23.000        0.0000
   9.000   23.000        0.0000
  10.000   23.000        0.0000
  11.000   23.000        0.0000
  12.000   23.000        0.0000
  13.000   23.000        0.0000
  14.000   23.000        0.0000
  15.000   23.000        0.0000
  16.000   23.000        0.0000
  17.000   23.000        0.0000
  18.000   23.000        0.0000
  19.000   23.000        0.0000
  20.000   23.000        0.8762
  21.000   23.000        0.9399
  22.000   23.000        1.0000
  23.000   23.000        0.0000
  24.000   23.000        1.0000
  25.000   23.000        0.7049
  26.000   23.000        0.0000
  27.000   23.000        0.0000
  28.000   23.000        0.0000
  29.000   23.000        0.0000
  30.000   23.000        0.0000
  31.000   23.000        0.0000
  32.000   23.000        0.0000
  33.000   23.000        0.0000
  34.000   23.000        0.0000
  35.000   23.000        0.0000
  36.000   23.000        0.0000
  37.000   23.000        0.0000
  38.000   23.000        0.0000
  39.000   23.000        0.0000
  40.000   23.000        0.0000
  41.000   23.000        0.0000
  42.000   23.000        0.0000
  43.000   23.000        0.0000
  44.000   23.000        0.0000
  45.000   23.000        0.0000
  46.000   23.000        0.0000
  47.000   23.000        0.0000
   1.000   24.000        0.0000
   2.000   24.000        0.0000
   3.000   24.000        0.0000
   4.000   24.000        0.0000
   5.000   24.000        0.0000
   6.000   24.000        0.0000
   7.000   24.000        0.0000
   8.000   24.000        0.0000
   9.000   24.000        0.0000
  10.000   24.000        0.0000
  11.000   24.000        0.0000
  12.000   24.000        0.0000
  13.000   24.000        0.0000
  14.000   24.000        0.0000
  15.000   24.000        0.0000
  16.000   24.000        0.0000
  17.000   24.000        0.0000
  18.000   24.000        0.0000
  19.000   24.000        0.0000
  20.000   24.000        0.0000
  21.000   24.000        0.8799
  22.000   24.000        0.9994
  23.000   24.000        1.0000
  24.000   24.000        0.0000
  25.000   24.000        1.0000
  26.000   24.000        1.0000
  27.000   24.000        0.9876
  28.000   24.000        0.8014
  29.000   24.000        0.0000
  30.000   24.000        0.0000
  31.000   24.000        0.0000
  32.000   24.000        0.0000
  33.000   24.000        0.0000
  34.000   24.000        0.0000
  35.000   24.000        0.0000
  36.000   24.000        0.0000
  37.000   24.000        0.0000
  38.000   24.000        0.0000
  39.000   24.000        0.0000
  40.000   24.000        0.0000
  41.000   24.000        0.0000
  42.000   24.000        0.0000
  43.000   24.000        0.0000
  44.000   24.000        0.0000
  45.000   24.000        0.0000
  46.000   24.000        0.0000
  47.000   24.000        0.0000
   1.000   25.000        0.0000
   2.000   25.000        0.0000
   3.000   25.000        0.0000
   4.000   25.000        0.0000
   5.000   25.000        0.0000
   6.000   25.000        0.0000
   7.000   25.000        0.0000
   8.000   25.000        0.0000
   9.000   25.000        0.0000
  10.000   25.000        0.0000
  11.000   25.000        0.0000
  12.000   25.000        0.0000
  13.000   25.000        0.0000
  14.000   25.000        0.0000
  15.000   25.000        0.0000
  16.000   25.000        0.0000
  17.000   25.000        0.0000
  18.000   25.000        0.0000
  19.000   25.000        0.0000
  20.000   25.000        0.0000
  21.000   25.000        0.7847
  22.000   25.000        0.6045
  23.000   25.000        0.7049
  24.000   25.000        1.0000
  25.000   25.000        0.0000
  26.000   25.000        1.0000
  27.000   25.000        0.9945
  28.000   25.000        0.9682
  29.000   25.000        0.6034
  30.000   25.000        0.0000
  31.000   25.000        0.0000
  32.000   25.000        0.0000
  33.000   25.000        0.0000
  34.000   25.000        0.0000
  35.000   25.000        0.0000
  36.000   25.000        0.0000
  37.000   25.000        0.0000
  38.000   25.000        0.0000
  39.000   25.000        0.0000
  40.000   25.000        0.0000
  41.000   25.000        0.0000
  42.000   25.000        0.0000
  43.000   25.000        0.0000
  44.000   25.000        0.0000
  45.000   25.000        0.0000
  46.000   25.000        0.0000
  47.000   25.000        0.0000
   1.000   26.000        0.0000
   2.000   26.000        0.0000
   3.000   26.000        0.0000
   4.000   26.000        0.0000
   5.000   26.000        0.0000
   6.000   26.000        0.0000
   7.000   26.000        0.0000
   8.000   26.000        0.0000
   9.000   26.000        0.0000
  10.000   26.000        0.0000
  11.000   26.000        0.0000
  12.000   26.000        0.0000
  13.000   26.000        0.0000
  14.000   26.000        0.0000
  15.000   26.000        0.0000
  16.000   26.000        0.0000
  17.000   26.000        0.0000
  18.000   26.000        0.0000
  19.000   26.000        0.0000
  20.000   26.000        0.0000
  21.000   26.000        0.0000
  22.000   26.000        0.0000
  23.000   26.000        0.0000
  24.000   26.000        1.0000
  25.000   26.000        1.0000
  26.000   26.000        0.0000
  27.000   26.000        1.0000
  28.000   26.000        0.9964
  29.000   26.000        0.7206
  30.000   26.000        0.0000
  31.000   26.000        0.0000
  32.000   26.000        0.0530
  33.000   26.000        0.0000
  34.000   26.000        0.0000
  35.000   26.000        0.0000
  36.000   26.000        0.0000
  37.000   26.000        0.0000
  38.000   26.000        0.0000
  39.000   26.000        0.0000
  40.000   26.000        0.0000
  41.000   26.000        0.0000
  42.000   26.000        0.0000
  43.000   26.000        0.0000
  44.000   26.000        0.0000
  45.000   26.000        0.0000
  46.000   26.000        0.0000
  47.000   26.000        0.0000
   1.000   27.000        0.0000
   2.000   27.000        0.0000
   3.000   27.000        0.0000
   4.000   27.000        0.0000
   5.000   27.000        0.0000
   6.000   27.000        0.0000
   7.000   27.000        0.0000
   8.000   27.000        0.0000
   9.000   27.000        0.0000
  10.000   27.000        0.0000
  11.000   27.000        0.0000
  12.000   27.000        0.0000
  13.000   27.000        0.0000
  14.000   27.000        0.0000
  15.000   27.000        0.0000
  16.000   27.000        0.0000
  17.000   27.000        0.0000
  18.000   27.000        0.0000
  19.000   27.000        0.0000
  20.000   27.000        0.0000
  21.000   27.000        0.0000
  22.000   27.000        0.0000
  23.000   27.000        0.0000
  24.000   27.000        0.9876
  25.000   27.000        0.9945
  26.000   27.000        1.0000
  27.000   27.000        0.0000
  28.000   27.000        1.0000
  29.000   27.000        0.9462
  30.000   27.000        0.0000
  31.000   27.000        0.0000
  32.000   27.000        0.0000
  33.000   27.000        0.0000
  34.000   27.000        0.0000
  35.000   27.000        0.0000
  36.000   27.000        0.0000
  37.000   27.000        0.0000
  38.000   27.000        0.0000
  39.000   27.000        0.0000
  40.000   27.000        0.0000
  41.000   27.000        0.0000
  42.000   27.000        0.0000
  43.000   27.000        0.0000
  44.000   27.000        0.0000
  45.000   27.000        0.0000
  46.000   27.000        0.0000
  47.000   27.000        0.0000
   1.000   28.000        0.0000
   2.000   28.000        0.0000
   3.000   28.000        0.0000
   4.000   28.000        0.0000
   5.000   28.000        0.0000
   6.000   28.000        0.0000
   7.000   28.000        0.0000
   8.000   28.000        0.0000
   9.000   28.000        0.0000
  10.000   28.000        0.0000
  11.000   28.000        0.0000
  12.000   28.000        0.0000
  13.000   28.000        0.0000
  14.000   28.000        0.0000
  15.000   28.000        0.0000
  16.000   28.000        0.0000
  17.000   28.000        0.0000
  18.000   28.000        0.0000
  19.000   28.000        0.0000
  20.000   28.000        0.0000
  21.000   28.000        0.0000
  22.000   28.000        0.0000
  23.000   28.000        0.0000
  24.000   28.000        0.8014
  25.000   28.000        0.9682
  26.000   28.000        0.9964
  27.000   28.000        1.0000
  28.000   28.000        0.0000
  29.000   28.000        1.0000
  30.000   28.000        0.8042
  31.000   28.000        0.0000
  32.000   28.000        0.0000
  33.000   28.000        0.0000
  34.000   28.000        0.0000
  35.000   28.000        0.0000
  36.000   28.000        0.0000
  37.000   28.000        0.0000
  38.000   28.000        0.0000
  39.000   28.000        0.0000
  40.000   28.000        0.0000
  41.000   28.000        0.0000
  42.000   28.000        0.0000
  43.000   28.000        0.0000
  44.000   28.000        0.0000
  45.000   28.000        0.0000
  46.000   28.000        0.0000
  47.000   28.000        0.0000
   1.000   29.000        0.0000
   2.000   29.000        0.0000
   3.000   29.000        0.0000
   4.000   29.000        0.0000
   5.000   29.000        0.0000
   6.000   29.000        0.0000
   7.000   29.000        0.0000
   8.000   29.000        0.0000
   9.000   29.000        0.0000
  10.000   29.000        0.0000
  11.000   29.000        0.0000
  12.000   29.000        0.0000
  13.000   29.000        0.0000
  14.000   29.000        0.0000
  15.000   29.000        0.0000
  16.000   29.000        0.0000
  17.000   29.000        0.0000
  18.000   29.000        0.0000
  19.000   29.000        0.0000
  20.000   29.000        0.0000
  21.000   29.000        0.0000
  22.000   29.000        0.0000
  23.000   29.000        0.0000
  24.000   29.000        0.0000
  25.000   29.000        0.6034
  26.000   29.000        0.7206
  27.000   29.000        0.9462
  28.000   29.000        1.0000
  29.000   29.000        0.0000
  30.000   29.000        1.0000
  31.000   29.000        0.9616
  32.000   29.000        0.3874
  33.000   29.000        0.0888
  34.000   29.000        0.0000
  35.000   29.000        0.0000
  36.000   29.000        0.0000
  37.000   29.000        0.0000
  38.000   29.000        0.0000
  39.000   29.000        0.0000
  40.000   29.000        0.0000
  41.000   29.000        0.0000
  42.000   29.000        0.0000
  43.000   29.000        0.0000
  44.000   29.000        0.0000
  45.000   29.000        0.0000
  46.000   29.000        0.0000
  47.000   29.000        0.0000
   1.000   30.000        0.0000
   2.000   30.000        0.0000
   3.000   30.000        0.0000
   4.000   30.000        0.0000
   5.000   30.000        0.0000
   6.000   30.000        0.0000
   7.000   30.000        0.0000
   8.000   30.000        0.0000
   9.000   30.000        0.0000
  10.000   30.000        0.0000
  11.000   30.000        0.0000
  12.000   30.000        0.0000
  13.000   30.000        0.0000
  14.000   30.000        0.0000
  15.000   30.000        0.0000
  16.000   30.000        0.0000
  17.000   30.000        0.0000
  18.000   30.000        0.0000
  19.000   30.000        0.0000
  20.000   30.000        0.0000
  21.000   30.000        0.0000
  22.000   30.000        0.0000
  23.000   30.000        0.0000
  24.000   30.000        0.0000
  25.000   30.000        0.0000
  26.000   30.000        0.0000
  27.000   30.000        0.0000
  28.000   30.000        0.8042
  29.000   30.000        1.0000
  30.000   30.000        0.0000
  31.000   30.000        1.0000
  32.000   30.000        0.9183
  33.000   30.000        0.0000
  34.000   30.000        0.0000
  35.000   30.000        0.0000
  36.000   30.000        0.0000
  37.000   30.000        0.0000
  38.000   30.000        0.0000
  39.000   30.000        0.0000
  40.000   30.000        0.0000
  41.000   30.000        0.0000
  42.000   30.000        0.0000
  43.000   30.000        0.0000
  44.000   30.000        0.0000
  45.000   30.000        0.0000
  46.000   30.000        0.0000
  47.000   30.000        0.0000
   1.000   31.000        0.0000
   2.000   31.000        0.0000
   3.000   31.000        0.0000
   4.000   31.000        0.0000
   5.000   31.000        0.0000
   6.000   31.000        0.0000
   7.000   31.000        0.0000
   8.000   31.000        0.0000
   9.000   31.000        0.0000
  10.000   31.000        0.0000
  11.000   31.000        0.0000
  12.000   31.000        0.0000
  13.000   31.000        0.0000
  14.000   31.000        0.0000
  15.000   31.000        0.0000
  16.000   31.000        0.0000
  17.000   31.000        0.0000
  18.000   31.000        0.0000
  19.000   31.000        0.0000
  20.000   31.000        0.0000
  21.000   31.000        0.0000
  22.000   31.000        0.0000
  23.000   31.000        0.0000
  24.000   31.000        0.0000
  25.000   31.000        0.0000
  26.000   31.000        0.0000
  27.000   31.000        0.0000
  28.000   31.000        0.0000
  29.000   31.000        0.9616
  30.000   31.000        1.0000
  31.000   31.000        0.0000
  32.000   31.000        1.0000
  33.000   31.000        0.8243
  34.000   31.000        0.0000
  35.000   31.000        0.0000
  36.000   31.000        0.0000
  37.000   31.000        0.0000
  38.000   31.000        0.0000
  39.000   31.000        0.0000
  40.000   31.000        0.0000
  41.000   31.000        0.0000
  42.000   31.000        0.0000
  43.000   31.000        0.0000
  44.000   31.000        0.0000
  45.000   31.000        0.0000
  46.000   31.000        0.0000
  47.000   31.000        0.0000
   1.000   32.000        0.0000
   2.000   32.000        0.0000
   3.000   32.000        0.0000
   4.000   32.000        0.0000
   5.000   32.000        0.0000
   6.000   32.000        0.0000
   7.000   32.000        0.0000
   8.000   32.000        0.0000
   9.000   32.000        0.0000
  10.000   32.000        0.0000
  11.000   32.000        0.0000
  12.000   32.000        0.0000
  13.000   32.000        0.0000
  14.000   32.000        0.0000
  15.000   32.000        0.0000
  16.000   32.000        0.0000
  17.000   32.000        0.0000
  18.000   32.000        0.0000
  19.000   32.000        0.0000
  20.000   32.000        0.0000
  21.000   32.000        0.0000
  22.000   32.000        0.0000
  23.000   32.000        0.0000
  24.000   32.000        0.0000
  25.000   32.000        0.0000
  26.000   32.000        0.0530
  27.000   32.000        0.0000
  28.000   32.000        0.0000
  29.000   32.000        0.3874
  30.000   32.000        0.9183
  31.000   32.000        1.0000
  32.000   32.000        0.0000
  33.000   32.000        1.0000
  34.000   32.000        0.0000
  35.000   32.000        0.0000
  36.000   32.000        0.0000
  37.000   32.000        0.0000
  38.000   32.000        0.0000
  39.000   32.000        0.0000
  40.000   32.000        0.0000
  41.000   32.000        0.0000
  42.000   32.000        0.0000
  43.000   32.000        0.0000
  44.000   32.000        0.0000
  45.000   32.000        0.0000
  46.000   32.000        0.0000
  47.000   32.000        0.0000
   1.000   33.000        0.0000
   2.000   33.000        0.0000
   3.000   33.000        0.0000
   4.000   33.000        0.0000
   5.000   33.000        0.0000
   6.000   33.000        0.0000
   7.000   33.000        0.0000
   8.000   33.000        0.0000
   9.000   33.000        0.0000
  10.000   33.000        0.0000
  11.000   33.000        0.0000
  12.000   33.000        0.0000
  13.000   33.000        0.0000
  14.000   33.000        0.0000
  15.000   33.000        0.0000
  16.000   33.000        0.0000
  17.000   33.000        0.0000
  18.000   33.000        0.0000
  19.000   33.000        0.0000
  20.000   33.000        0.0000
  21.000   33.000        0.0000
  22.000   33.000        0.0000
  23.000   33.000        0.0000
  24.000   33.000        0.0000
  25.000   33.000        0.0000
  26.000   33.000        0.0000
  27.000   33.000        0.0000
  28.000   33.000        0.0000
  29.000   33.000        0.0888
  30.000   33.000        0.0000
  31.000   33.000        0.8243
  32.000   33.000        1.0000
  33.000   33.000        0.0000
  34.000   33.000        1.0000
  35.000   33.000        0.9902
  36.000   33.000        0.8854
  37.000   33.000        0.0000
  38.000   33.000        0.0000
  39.000   33.000        0.0000
  40.000   33.000        0.0000
  41.000   33.000        0.0000
  42.000   33.000        0.0000
  43.000   33.000        0.0000
  44.000   33.000        0.0000
  45.000   33.000        0.0000
  46.000   33.000        0.0000
  47.000   33.000        0.0000
   1.000   34.000        0.0000
   2.000   34.000        0.0000
   3.000   34.000        0.0000
   4.000   34.000        0.0000
   5.000   34.000        0.0000
   6.000   34.000        0.0000
   7.000   34.000        0.0000
   8.000   34.000        0.0000
   9.000   34.000        0.0000
  10.000   34.000        0.0000
  11.000   34.000        0.0000
  12.000   34.000        0.0000
  13.000   34.000        0.0000
  14.000   34.000        0.0000
  15.000   34.000        0.0000
  16.000   34.000        0.0000
  17.000   34.000        0.0000
  18.000   34.000        0.0000
  19.000   34.000        0.0000
  20.000   34.000        0.0000
  21.000   34.000        0.0000
  22.000   34.000        0.0000
  23.000   34.000        0.0000
  24.000   34.000        0.0000
  25.000   34.000        0.0000
  26.000   34.000        0.0000
  27.000   34.000        0.0000
  28.000   34.000        0.0000
  29.000   34.000        0.0000
  30.000   34.000        0.0000
  31.000   34.000        0.0000
  32.000   34.000        0.0000
  33.000   34.000        1.0000
  34.000   34.000        0.0000
  35.000   34.000        1.0000
  36.000   34.000        1.0000
  37.000   34.000        0.9826
  38.000   34.000        0.8528
  39.000   34.000        0.0000
  40.000   34.000        0.0000
  41.000   34.000        0.0000
  42.000   34.000        0.0000
  43.000   34.000        0.0000
  44.000   34.000        0.0000
  45.000   34.000        0.0000
  46.000   34.000        0.0000
  47.000   34.000        0.0000
   1.000   35.000        0.0000
   2.000   35.000        0.0000
   3.000   35.000        0.0000
   4.000   35.000        0.0000
   5.000   35.000        0.0000
   6.000   35.000        0.0000
   7.000   35.000        0.0000
   8.000   35.000        0.0000
   9.000   35.000        0.0000
  10.000   35.000        0.0000
  11.000   35.000        0.0000
  12.000   35.000        0.0000
  13.000   35.000        0.0000
  14.000   35.000        0.0000
  15.000   35.000        0.0000
  16.000   35.000        0.0000
  17.000   35.000        0.0000
  18.000   35.000        0.0000
  19.000   35.000        0.0000
  20.000   35.000        0.0000
  21.000   35.000        0.0000
  22.000   35.000        0.0000
  23.000   35.000        0.0000
  24.000   35.000        0.0000
  25.000   35.000        0.0000
  26.000   35.000        0.0000
  27.000   35.000        0.0000
  28.000   35.000        0.0000
  29.000   35.000        0.0000
  30.000   35.000        0.0000
  31.000   35.000        0.0000
  32.000   35.000        0.0000
  33.000   35.000        0.9902
  34.000   35.000        1.0000
  35.000   35.000        0.0000
  36.000   35.000        1.0000
  37.000   35.000        1.0000
  38.000   35.000        0.9431
  39.000   35.000        0.7640
  40.000   35.000        0.1015
  41.000   35.000        0.0000
  42.000   35.000        0.0000
  43.000   35.000        0.0000
  44.000   35.000        0.0000
  45.000   35.000        0.0000
  46.000   35.000        0.0000
  47.000   35.000        0.0000
   1.000   36.000        0.0000
   2.000   36.000        0.0000
   3.000   36.000        0.0000
   4.000   36.000        0.0000
   5.000   36.000        0.0000
   6.000   36.000        0.0000
   7.000   36.000        0.0000
   8.000   36.000        0.0000
   9.000   36.000        0.0000
  10.000   36.000        0.0000
  11.000   36.000        0.0000
  12.000   36.000        0.0000
  13.000   36.000        0.0000
  14.000   36.000        0.0000
  15.000   36.000        0.0000
  16.000   36.000        0.0000
  17.000   36.000        0.0000
  18.000   36.000        0.0000
  19.000   36.000        0.0000
  20.000   36.000        0.0000
  21.000   36.000        0.0000
  22.000   36.000        0.0000
  23.000   36.000        0.0000
  24.000   36.000        0.0000
  25.000   36.000        0.0000
  26.000   36.000        0.0000
  27.000   36.000        0.0000
  28.000   36.000        0.0000
  29.000   36.000        0.0000
  30.000   36.000        0.0000
  31.000   36.000        0.0000
  32.000   36.000        0.0000
  33.000   36.000        0.8854
  34.000   36.000        1.0000
  35.000   36.000        1.0000
  36.000   36.000        0.0000
  37.000   36.000        1.0000
  38.000   36.000        1.0000
  39.000   36.000        0.9777
  40.000   36.000        0.7979
  41.000   36.000        0.0000
  42.000   36.000        0.0000
  43.000   36.000        0.0000
  44.000   36.000        0.0000
  45.000   36.000        0.0000
  46.000   36.000        0.0000
  47.000   36.000        0.0000
   1.000   37.000        0.0000
   2.000   37.000        0.0000
   3.000   37.000        0.0000
   4.000   37.000        0.0000
   5.000   37.000        0.0000
   6.000   37.000        0.0000
   7.000   37.000        0.0000
   8.000   37.000        0.0000
   9.000   37.000        0.0000
  10.000   37.000        0.0000
  11.000   37.000        0.0000
  12.000   37.000        0.0000
  13.000   37.000        0.0000
  14.000   37.000        0.0000
  15.000   37.000        0.0000
  16.000   37.000        0.0000
  17.000   37.000        0.0000
  18.000   37.000        0.0000
  19.000   37.000        0.0000
  20.000   37.000        0.0000
  21.000   37.000        0.0000
  22.000   37.000        0.0000
  23.000   37.000        0.0000
  24.000   37.000        0.0000
  25.000   37.000        0.0000
  26.000   37.000        0.0000
  27.000   37.000        0.0000
  28.000   37.000        0.0000
  29.000   37.000        0.0000
  30.000   37.000        0.0000
  31.000   37.000        0.0000
  32.000   37.000        0.0000
  33.000   37.000        0.0000
  34.000   37.000        0.9826
  35.000   37.000        1.0000
  36.000   37.000        1.0000
  37.000   37.000        0.0000
  38.000   37.000        1.0000
  39.000   37.000        0.9976
  40.000   37.000        0.9558
  41.000   37.000        0.0000
  42.000   37.000        0.0000
  43.000   37.000        0.0000
  44.000   37.000        0.0000
  45.000   37.000        0.0000
  46.000   37.000        0.0000
  47.000   37.000        0.0000
   1.000   38.000        0.0000
   2.000   38.000        0.0000
   3.000   38.000        0.0000
   4.000   38.000        0.0000
   5.000   38.000        0.0000
   6.000   38.000        0.0000
   7.000   38.000        0.0000
   8.000   38.000        0.0000
   9.000   38.000        0.0000
  10.000   38.000        0.0000
  11.000   38.000        0.0000
  12.000   38.000        0.0000
  13.000   38.000        0.0000
  14.000   38.000        0.0000
  15.000   38.000        0.0000
  16.000   38.000        0.0000
  17.000   38.000        0.0000
  18.000   38.000        0.0000
  19.000   38.000        0.0000
  20.000   38.000        0.0000
  21.000   38.000        0.0000
  22.000   38.000        0.0000
  23.000   38.000        0.0000
  24.000   38.000        0.0000
  25.000   38.000        0.0000
  26.000   38.000        0.0000
  27.000   38.000        0.0000
  28.000   38.000        0.0000
  29.000   38.000        0.0000
  30.000   38.000        0.0000
  31.000   38.000        0.0000
  32.000   38.000        0.0000
  33.000   38.000        0.0000
  34.000   38.000        0.8528
  35.000   38.000        0.9431
  36.000   38.000        1.0000
  37.000   38.000        1.0000
  38.000   38.000        0.0000
  39.000   38.000        1.0000
  40.000   38.000        0.9943
  41.000   38.000        0.6370
  42.000   38.000        0.0000
  43.000   38.000        0.0000
  44.000   38.000        0.0000
  45.000   38.000        0.0000
  46.000   38.000        0.0000
  47.000   38.000        0.0000
   1.000   39.000        0.0000
   2.000   39.000        0.0000
   3.000   39.000        0.0000
   4.000   39.000        0.0000
   5.000   39.000        0.0000
   6.000   39.000        0.0000
   7.000   39.000        0.0000
   8.000   39.000        0.0000
   9.000   39.000        0.0000
  10.000   39.000        0.0000
  11.000   39.000        0.0000
  12.000   39.000        0.0000
  13.000   39.000        0.0000
  14.000   39.000        0.0000
  15.000   39.000        0.0000
  16.000   39.000        0.0000
  17.000   39.000        0.0000
  18.000   39.000        0.0000
  19.000   39.000        0.0000
  20.000   39.000        0.0000
  21.000   39.000        0.0000
  22.000   39.000        0.0000
  23.000   39.000        0.0000
  24.000   39.000        0.0000
  25.000   39.000        0.0000
  26.000   39.000        0.0000
  27.000   39.000        0.0000
  28.000   39.000        0.0000
  29.000   39.000        0.0000
  30.000   39.000        0.0000
  31.000   39.000        0.0000
  32.000   39.000        0.0000
  33.000   39.000        0.0000
  34.000   39.000        0.0000
  35.000   39.000        0.7640
  36.000   39.000        0.9777
  37.000   39.000        0.9976
  38.000   39.000        1.0000
  39.000   39.000        0.0000
  40.000   39.000        1.0000
  41.000   39.000        0.9648
  42.000   39.000        0.0000
  43.000   39.000        0.0000
  44.000   39.000        0.0000
  45.000   39.000        0.0000
  46.000   39.000        0.0000
  47.000   39.000        0.0000
   1.000   40.000        0.0000
   2.000   40.000        0.0000
   3.000   40.000        0.0000
   4.000   40.000        0.0000
   5.000   40.000        0.0000
   6.000   40.000        0.0000
   7.000   40.000        0.0000
   8.000   40.000        0.0000
   9.000   40.000        0.0000
  10.000   40.000        0.0000
  11.000   40.000        0.0000
  12.000   40.000        0.0000
  13.000   40.000        0.0000
  14.000   40.000        0.0000
  15.000   40.000        0.0000
  16.000   40.000        0.0000
  17.000   40.000        0.0000
  18.000   40.000        0.0000
  19.000   40.000        0.0000
  20.000   40.000        0.0000
  21.000   40.000        0.0000
  22.000   40.000        0.0000
  23.000   40.000        0.0000
  24.000   40.000        0.0000
  25.000   40.000        0.0000
  26.000   40.000        0.0000
  27.000   40.000        0.0000
  28.000   40.000        0.0000
  29.000   40.000        0.0000
  30.000   40.000        0.0000
  31.000   40.000        0.0000
  32.000   40.000        0.0000
  33.000   40.000        0.0000
  34.000   40.000        0.0000
  35.000   40.000        0.1015
  36.000   40.000        0.7979
  37.000   40.000        0.9558
  38.000   40.000        0.9943
  39.000   40.000        1.0000
  40.000   40.000        0.0000
  41.000   40.000        1.0000
  42.000   40.000        0.9878
  43.000   40.000        0.9218
  44.000   40.000        0.4044
  45.000   40.000        0.0000
  46.000   40.000        0.0000
  47.000   40.000        0.0000
   1.000   41.000        0.0000
   2.000   41.000        0.0000
   3.000   41.000        0.0000
   4.000   41.000        0.0000
   5.000   41.000        0.0000
   6.000   41.000        0.0000
   7.000   41.000        0.0000
   8.000   41.000        0.0000
   9.000   41.000        0.0000
  10.000   41.000        0.0000
  11.000   41.000        0.0000
  12.000   41.000        0.0000
  13.000   41.000        0.0000
  14.000   41.000        0.0000
  15.000   41.000        0.0000
  16.000   41.000        0.0000
  17.000   41.000        0.0000
  18.000   41.000        0.0000
  19.000   41.000        0.0000
  20.000   41.000        0.0000
  21.000   41.000        0.0000
  22.000   41.000        0.0000
  23.000   41.000        0.0000
  24.000   41.000        0.0000
  25.000   41.000        0.0000
  26.000   41.000        0.0000
  27.000   41.000        0.0000
  28.000   41.000        0.0000
  29.000   41.000        0.0000
  30.000   41.000        0.0000
  31.000   41.000        0.0000
  32.000   41.000        0.0000
  33.000   41.000        0.0000
  34.000   41.000        0.0000
  35.000   41.000        0.0000
  36.000   41.000        0.0000
  37.000   41.000        0.0000
  38.000   41.000        0.6370
  39.000   41.000        0.9648
  40.000   41.000        1.0000
  41.000   41.000        0.0000
  42.000   41.000        1.0000
  43.000   41.000        0.9994
  44.000   41.000        0.3040
  45.000   41.000        0.0000
  46.000   41.000        0.0000
  47.000   41.000        0.0000
   1.000   42.000        0.0000
   2.000   42.000        0.0000
   3.000   42.000        0.0000
   4.000   42.000        0.0000
   5.000   42.000        0.0000
   6.000   42.000        0.0000
   7.000   42.000        0.0000
   8.000   42.000        0.0000
   9.000   42.000        0.0000
  10.000   42.000        0.0000
  11.000   42.000        0.0000
  12.000   42.000        0.0000
  13.000   42.000        0.0000
  14.000   42.000        0.0000
  15.000   42.000        0.0000
  16.000   42.000        0.0000
  17.000   42.000        0.0000
  18.000   42.000        0.0000
  19.000   42.000        0.0000
  20.000   42.000        0.0000
  21.000   42.000        0.0000
  22.000   42.000        0.0000
  23.000   42.000        0.0000
  24.000   42.000        0.0000
  25.000   42.000        0.0000
  26.000   42.000        0.0000
  27.000   42.000        0.0000
  28.000   42.000        0.0000
  29.000   42.000        0.0000
  30.000   42.000        0.0000
  31.000   42.000        0.0000
  32.000   42.000        0.0000
  33.000   42.000        0.0000
  34.000   42.000        0.0000
  35.000   42.000        0.0000
  36.000   42.000        0.0000
  37.000   42.000        0.0000
  38.000   42.000        0.0000
  39.000   42.000        0.0000
  40.000   42.000        0.9878
  41.000   42.000        1.0000
  42.000   42.000        0.0000
  43.000   42.000        1.0000
  44.000   42.000        0.8804
  45.000   42.000        0.0000
  46.000   42.000        0.0000
  47.000   42.000        0.0000
   1.000   43.000        0.0000
   2.000   43.000        0.0000
   3.000   43.000        0.0000
   4.000   43.000        0.0000
   5.000   43.000        0.0000
   6.000   43.000        0.0000
   7.000   43.000        0.0000
   8.000   43.000        0.0000
   9.000   43.000        0.0000
  10.000   43.000        0.0000
  11.000   43.000        0.0000
  12.000   43.000        0.0000
  13.000   43.000        0.0000
  14.000   43.000        0.0000
  15.000   43.000        0.0000
  16.000   43.000        0.0000
  17.000   43.000        0.0000
  18.000   43.000        0.0000
  19.000   43.000        0.0000
  20.000   43.000        0.0000
  21.000   43.000        0.0000
  22.000   43.000        0.0000
  23.000   43.000        0.0000
  24.000   43.000        0.0000
  25.000   43.000        0.0000
  26.000   43.000        0.0000
  27.000   43.000        0.0000
  28.000   43.000        0.0000
  29.000   43.000        0.0000
  30.000   43.000        0.0000
  31.000   43.000        0.0000
  32.000   43.000        0.0000
  33.000   43.000        0.0000
  34.000   43.000        0.0000
  35.000   43.000        0.0000
  36.000   43.000        0.0000
  37.000   43.000        0.0000
  38.000   43.000        0.0000
  39.000   43.000        0.0000
  40.000   43.000        0.9218
  41.000   43.000        0.9994
  42.000   43.000        1.0000
  43.000   43.000        0.0000
  44.000   43.000        1.0000
  45.000   43.000        0.9034
  46.000   43.000        0.4052
  47.000   43.000        0.0000
   1.000   44.000        0.0000
   2.000   44.000        0.0000
   3.000   44.000        0.0000
   4.000   44.000        0.0000
   5.000   44.000        0.0000
   6.000   44.000        0.0000
   7.000   44.000        0.0000
   8.000   44.000        0.0000
   9.000   44.000        0.0000
  10.000   44.000        0.0000
  11.000   44.000        0.0000
  12.000   44.000        0.0000
  13.000   44.000        0.0000
  14.000   44.000        0.0000
  15.000   44.000        0.0000
  16.000   44.000        0.0000
  17.000   44.000        0.0000
  18.000   44.000        0.0000
  19.000   44.000        0.0000
  20.000   44.000        0.0000
  21.000   44.000        0.0000
  22.000   44.000        0.0000
  23.000   44.000        0.0000
  24.000   44.000        0.0000
  25.000   44.000        0.0000
  26.000   44.000        0.0000
  27.000   44.000        0.0000
  28.000   44.000        0.0000
  29.000   44.000        0.0000
  30.000   44.000        0.0000
  31.000   44.000        0.0000
  32.000   44.000        0.0000
  33.000   44.000        0.0000
  34.000   44.000        0.0000
  35.000   44.000        0.0000
  36.000   44.000        0.0000
  37.000   44.000        0.0000
  38.000   44.000        0.0000
  39.000   44.000        0.0000
  40.000   44.000        0.4044
  41.000   44.000        0.3040
  42.000   44.000        0.8804
  43.000   44.000        1.0000
  44.000   44.000        0.0000
  45.000   44.000        1.0000
  46.000   44.000        0.9456
  47.000   44.000        0.0000
   1.000   45.000        0.0000
   2.000   45.000        0.0000
   3.000   45.000        0.0000
   4.000   45.000        0.0000
   5.000   45.000        0.0000
   6.000   45.000        0.0000
   7.000   45.000        0.0000
   8.000   45.000        0.0000
   9.000   45.000        0.0000
  10.000   45.000        0.0000
  11.000   45.000        0.0000
  12.000   45.000        0.0000
  13.000   45.000        0.0000
  14.000   45.000        0.0000
  15.000   45.000        0.0000
  16.000   45.000        0.0000
  17.000   45.000        0.0000
  18.000   45.000        0.0000
  19.000   45.000        0.0000
  20.000   45.000        0.0000
  21.000   45.000        0.0000
  22.000   45.000        0.0000
  23.000   45.000        0.0000
  24.000   45.000        0.0000
  25.000   45.000        0.0000
  26.000   45.000        0.0000
  27.000   45.000        0.0000
  28.000   45.000        0.0000
  29.000   45.000        0.0000
  30.000   45.000        0.0000
  31.000   45.000        0.0000
  32.000   45.000        0.0000
  33.000   45.000        0.0000
  34.000   45.000        0.0000
  35.000   45.000        0.0000
  36.000   45.000        0.0000
  37.000   45.000        0.0000
  38.000   45.000        0.0000
  39.000   45.000        0.0000
  40.000   45.000        0.0000
  41.000   45.000        0.0000
  42.000   45.000        0.0000
  43.000   45.000        0.9034
  44.000   45.000        1.0000
  45.000   45.000        0.0000
  46.000   45.000        1.0000
  47.000   45.000        0.5356
   1.000   46.000        0.0000
   2.000   46.000        0.0000
   3.000   46.000        0.0000
   4.000   46.000        0.0000
   5.000   46.000        0.0000
   6.000   46.000        0.0000
   7.000   46.000        0.0000
   8.000   46.000        0.0000
   9.000   46.000        0.0000
  10.000   46.000        0.0000
  11.000   46.000        0.0000
  12.000   46.000        0.0000
  13.000   46.000        0.0000
  14.000   46.000        0.0000
  15.000   46.000        0.0000
  16.000   46.000        0.0000
  17.000   46.000        0.0000
  18.000   46.000        0.0000
  19.000   46.000        0.0000
  20.000   46.000        0.0000
  21.000   46.000        0.0000
  22.000   46.000        0.0000
  23.000   46.000        0.0000
  24.000   46.000        0.0000
  25.000   46.000        0.0000
  26.000   46.000        0.0000
  27.000   46.000        0.0000
  28.000   46.000        0.0000
  29.000   46.000        0.0000
  30.000   46.000        0.0000
  31.000   46.000        0.0000
  32.000   46.000        0.0000
  33.000   46.000        0.0000
  34.000   46.000        0.0000
  35.000   46.000        0.0000
  36.000   46.000        0.0000
  37.000   46.000        0.0000
  38.000   46.000        0.0000
  39.000   46.000        0.0000
  40.000   46.000        0.0000
  41.000   46.000        0.0000
  42.000   46.000        0.0000
  43.000   46.000        0.4052
  44.000   46.000        0.9456
  45.000   46.000        1.0000
  46.000   46.000        0.0000
  47.000   46.000        1.0000
   1.000   47.000        0.0000
   2.000   47.000        0.0000
   3.000   47.000        0.0000
   4.000   47.000        0.0000
   5.000   47.000        0.0000
   6.000   47.000        0.0000
   7.000   47.000        0.0000
   8.000   47.000        0.0000
   9.000   47.000        0.0000
  10.000   47.000        0.0000
  11.000   47.000        0.0000
  12.000   47.000        0.0000
  13.000   47.000        0.0000
  14.000   47.000        0.0000
  15.000   47.000        0.0000
  16.000   47.000        0.0000
  17.000   47.000        0.0000
  18.000   47.000        0.0000
  19.000   47.000        0.0000
  20.000   47.000        0.0000
  21.000   47.000        0.0000
  22.000   47.000        0.0000
  23.000   47.000        0.0000
  24.000   47.000        0.0000
  25.000   47.000        0.0000
  26.000   47.000        0.0000
  27.000   47.000        0.0000
  28.000   47.000        0.0000
  29.000   47.000        0.0000
  30.000   47.000        0.0000
  31.000   47.000        0.0000
  32.000   47.000        0.0000
  33.000   47.000        0.0000
  34.000   47.000        0.0000
  35.000   47.000        0.0000
  36.000   47.000        0.0000
  37.000   47.000        0.0000
  38.000   47.000        0.0000
  39.000   47.000        0.0000
  40.000   47.000        0.0000
  41.000   47.000        0.0000
  42.000   47.000        0.0000
  43.000   47.000        0.0000
  44.000   47.000        0.0000
  45.000   47.000        0.5356
  46.000   47.000        1.0000
  47.000   47.000        0.0000
