#Residue Residue Contacts_00007[nonnatmap]
   1.000    1.000        0.0000
   2.000    1.000        0.0000
   3.000    1.000        0.0000
   4.000    1.000        0.0000
   5.000    1.000        0.0000
   6.000    1.000        0.0362
   7.000    1.000        0.0000
   8.000    1.000        0.1566
   9.000    1.000        0.0000
  10.000    1.000        0.0000
  11.000    1.000        0.0000
  12.000    1.000        0.0000
  13.000    1.000        0.0133
  14.000    1.000        0.0000
  15.000    1.000        0.0000
  16.000    1.000        0.0421
  17.000    1.000        0.0533
  18.000    1.000        0.0000
  19.000    1.000        0.0000
  20.000    1.000        0.0074
  21.000    1.000        0.0006
  22.000    1.000        0.0000
  23.000    1.000        0.0000
  24.000    1.000        0.0004
  25.000    1.000        0.0018
  26.000    1.000        0.0000
  27.000    1.000        0.0155
  28.000    1.000        0.0409
  29.000    1.000        0.0266
  30.000    1.000        0.0003
  31.000    1.000        0.0004
  32.000    1.000        0.0028
  33.000    1.000        0.0000
  34.000    1.000        0.0000
  35.000    1.000        0.0024
  36.000    1.000        0.0020
  37.000    1.000        0.0001
  38.000    1.000        0.0000
  39.000    1.000        0.0000
  40.000    1.000        0.0000
  41.000    1.000        0.0000
  42.000    1.000        0.0006
  43.000    1.000        0.0084
  44.000    1.000        0.0418
  45.000    1.000        0.0165
  46.000    1.000        0.0339
  47.000    1.000        0.0471
   1.000    2.000        0.0000
   2.000    2.000        0.0000
   3.000    2.000        0.0000
   4.000    2.000        0.0000
   5.000    2.000        0.0000
   6.000    2.000        0.0000
   7.000    2.000        0.0001
   8.000    2.000        0.1951
   9.000    2.000        0.2149
  10.000    2.000        0.0000
  11.000    2.000        0.0000
  12.000    2.000        0.0063
  13.000    2.000        0.1877
  14.000    2.000        0.0278
  15.000    2.000        0.0000
  16.000    2.000        0.0628
  17.000    2.000        0.0815
  18.000    2.000        0.0048
  19.000    2.000        0.0000
  20.000    2.000        0.0252
  21.000    2.000        0.0014
  22.000    2.000        0.0000
  23.000    2.000        0.0000
  24.000    2.000        0.0004
  25.000    2.000        0.0000
  26.000    2.000        0.0000
  27.000    2.000        0.0064
  28.000    2.000        0.0601
  29.000    2.000        0.0399
  30.000    2.000        0.0041
  31.000    2.000        0.0019
  32.000    2.000        0.0059
  33.000    2.000        0.0000
  34.000    2.000        0.0000
  35.000    2.000        0.0104
  36.000    2.000        0.0038
  37.000    2.000        0.0037
  38.000    2.000        0.0000
  39.000    2.000        0.0708
  40.000    2.000        0.0027
  41.000    2.000        0.0000
  42.000    2.000        0.0001
  43.000    2.000        0.0026
  44.000    2.000        0.0070
  45.000    2.000        0.0135
  46.000    2.000        0.0006
  47.000    2.000        0.0130
   1.000    3.000        0.0000
   2.000    3.000        0.0000
   3.000    3.000        0.0000
   4.000    3.000        0.0000
   5.000    3.000        0.0000
   6.000    3.000        0.0000
   7.000    3.000        0.2987
   8.000    3.000        0.0027
   9.000    3.000        0.0091
  10.000    3.000        0.0000
  11.000    3.000        0.0000
  12.000    3.000        0.0000
  13.000    3.000        0.0000
  14.000    3.000        0.0000
  15.000    3.000        0.0000
  16.000    3.000        0.0000
  17.000    3.000        0.0000
  18.000    3.000        0.0000
  19.000    3.000        0.0000
  20.000    3.000        0.0000
  21.000    3.000        0.0000
  22.000    3.000        0.0000
  23.000    3.000        0.0000
  24.000    3.000        0.0000
  25.000    3.000        0.0000
  26.000    3.000        0.0000
  27.000    3.000        0.0032
  28.000    3.000        0.0023
  29.000    3.000        0.0000
  30.000    3.000        0.0001
  31.000    3.000        0.0000
  32.000    3.000        0.0000
  33.000    3.000        0.0000
  34.000    3.000        0.0007
  35.000    3.000        0.1003
  36.000    3.000        0.0517
  37.000    3.000        0.0106
  38.000    3.000        0.0920
  39.000    3.000        0.1405
  40.000    3.000        0.0256
  41.000    3.000        0.0260
  42.000    3.000        0.0119
  43.000    3.000        0.0054
  44.000    3.000        0.0200
  45.000    3.000        0.0031
  46.000    3.000        0.0056
  47.000    3.000        0.0105
   1.000    4.000        0.0000
   2.000    4.000        0.0000
   3.000    4.000        0.0000
   4.000    4.000        0.0000
   5.000    4.000        0.0000
   6.000    4.000        0.0000
   7.000    4.000        0.0000
   8.000    4.000        0.0000
   9.000    4.000        0.0073
  10.000    4.000        0.0000
  11.000    4.000        0.0000
  12.000    4.000        0.0022
  13.000    4.000        0.0265
  14.000    4.000        0.0000
  15.000    4.000        0.0000
  16.000    4.000        0.0013
  17.000    4.000        0.0000
  18.000    4.000        0.0000
  19.000    4.000        0.0000
  20.000    4.000        0.0000
  21.000    4.000        0.0000
  22.000    4.000        0.0000
  23.000    4.000        0.0000
  24.000    4.000        0.0000
  25.000    4.000        0.0000
  26.000    4.000        0.0000
  27.000    4.000        0.0000
  28.000    4.000        0.0000
  29.000    4.000        0.0000
  30.000    4.000        0.0000
  31.000    4.000        0.0000
  32.000    4.000        0.0000
  33.000    4.000        0.0000
  34.000    4.000        0.0000
  35.000    4.000        0.0000
  36.000    4.000        0.0007
  37.000    4.000        0.0000
  38.000    4.000        0.0000
  39.000    4.000        0.0173
  40.000    4.000        0.0028
  41.000    4.000        0.0018
  42.000    4.000        0.0081
  43.000    4.000        0.0016
  44.000    4.000        0.0000
  45.000    4.000        0.0000
  46.000    4.000        0.0000
  47.000    4.000        0.0000
   1.000    5.000        0.0000
   2.000    5.000        0.0000
   3.000    5.000        0.0000
   4.000    5.000        0.0000
   5.000    5.000        0.0000
   6.000    5.000        0.0000
   7.000    5.000        0.0000
   8.000    5.000        0.0000
   9.000    5.000        0.0000
  10.000    5.000        0.0003
  11.000    5.000        0.0005
  12.000    5.000        0.0675
  13.000    5.000        0.2443
  14.000    5.000        0.0018
  15.000    5.000        0.0000
  16.000    5.000        0.0546
  17.000    5.000        0.0866
  18.000    5.000        0.0000
  19.000    5.000        0.0000
  20.000    5.000        0.0030
  21.000    5.000        0.0000
  22.000    5.000        0.0000
  23.000    5.000        0.0000
  24.000    5.000        0.0000
  25.000    5.000        0.0000
  26.000    5.000        0.0000
  27.000    5.000        0.0000
  28.000    5.000        0.0041
  29.000    5.000        0.0000
  30.000    5.000        0.0000
  31.000    5.000        0.0000
  32.000    5.000        0.0000
  33.000    5.000        0.0000
  34.000    5.000        0.0000
  35.000    5.000        0.0000
  36.000    5.000        0.0000
  37.000    5.000        0.0000
  38.000    5.000        0.0000
  39.000    5.000        0.0000
  40.000    5.000        0.0001
  41.000    5.000        0.0000
  42.000    5.000        0.0000
  43.000    5.000        0.0000
  44.000    5.000        0.0000
  45.000    5.000        0.0000
  46.000    5.000        0.0000
  47.000    5.000        0.0011
   1.000    6.000        0.0362
   2.000    6.000        0.0000
   3.000    6.000        0.0000
   4.000    6.000        0.0000
   5.000    6.000        0.0000
   6.000    6.000        0.0000
   7.000    6.000        0.0000
   8.000    6.000        0.0000
   9.000    6.000        0.0000
  10.000    6.000        0.2724
  11.000    6.000        0.0012
  12.000    6.000        0.0044
  13.000    6.000        0.0699
  14.000    6.000        0.0001
  15.000    6.000        0.0000
  16.000    6.000        0.0000
  17.000    6.000        0.0084
  18.000    6.000        0.0000
  19.000    6.000        0.0000
  20.000    6.000        0.0001
  21.000    6.000        0.0000
  22.000    6.000        0.0000
  23.000    6.000        0.0000
  24.000    6.000        0.0000
  25.000    6.000        0.0000
  26.000    6.000        0.0000
  27.000    6.000        0.0004
  28.000    6.000        0.0473
  29.000    6.000        0.0057
  30.000    6.000        0.0003
  31.000    6.000        0.0000
  32.000    6.000        0.0000
  33.000    6.000        0.0000
  34.000    6.000        0.0002
  35.000    6.000        0.0000
  36.000    6.000        0.0045
  37.000    6.000        0.0045
  38.000    6.000        0.0222
  39.000    6.000        0.0014
  40.000    6.000        0.0039
  41.000    6.000        0.0089
  42.000    6.000        0.0001
  43.000    6.000        0.0061
  44.000    6.000        0.0589
  45.000    6.000        0.0057
  46.000    6.000        0.0024
  47.000    6.000        0.0090
   1.000    7.000        0.0000
   2.000    7.000        0.0001
   3.000    7.000        0.2987
   4.000    7.000        0.0000
   5.000    7.000        0.0000
   6.000    7.000        0.0000
   7.000    7.000        0.0000
   8.000    7.000        0.0000
   9.000    7.000        0.0000
  10.000    7.000        0.0000
  11.000    7.000        0.2173
  12.000    7.000        0.0076
  13.000    7.000        0.0146
  14.000    7.000        0.0000
  15.000    7.000        0.0000
  16.000    7.000        0.0000
  17.000    7.000        0.0000
  18.000    7.000        0.0000
  19.000    7.000        0.0000
  20.000    7.000        0.0000
  21.000    7.000        0.0000
  22.000    7.000        0.0000
  23.000    7.000        0.0000
  24.000    7.000        0.0000
  25.000    7.000        0.0000
  26.000    7.000        0.0000
  27.000    7.000        0.0000
  28.000    7.000        0.0000
  29.000    7.000        0.0000
  30.000    7.000        0.0000
  31.000    7.000        0.0000
  32.000    7.000        0.0000
  33.000    7.000        0.0000
  34.000    7.000        0.0000
  35.000    7.000        0.0000
  36.000    7.000        0.0000
  37.000    7.000        0.0000
  38.000    7.000        0.0058
  39.000    7.000        0.0000
  40.000    7.000        0.0000
  41.000    7.000        0.0074
  42.000    7.000        0.0045
  43.000    7.000        0.0152
  44.000    7.000        0.0019
  45.000    7.000        0.0006
  46.000    7.000        0.0036
  47.000    7.000        0.0035
   1.000    8.000        0.1566
   2.000    8.000        0.1951
   3.000    8.000        0.0027
   4.000    8.000        0.0000
   5.000    8.000        0.0000
   6.000    8.000        0.0000
   7.000    8.000        0.0000
   8.000    8.000        0.0000
   9.000    8.000        0.0000
  10.000    8.000        0.0000
  11.000    8.000        0.0000
  12.000    8.000        0.6410
  13.000    8.000        0.0000
  14.000    8.000        0.0512
  15.000    8.000        0.0000
  16.000    8.000        0.0000
  17.000    8.000        0.0000
  18.000    8.000        0.0000
  19.000    8.000        0.0000
  20.000    8.000        0.0000
  21.000    8.000        0.0000
  22.000    8.000        0.0000
  23.000    8.000        0.0000
  24.000    8.000        0.0000
  25.000    8.000        0.0000
  26.000    8.000        0.0000
  27.000    8.000        0.0000
  28.000    8.000        0.0000
  29.000    8.000        0.0000
  30.000    8.000        0.0000
  31.000    8.000        0.0000
  32.000    8.000        0.0000
  33.000    8.000        0.0000
  34.000    8.000        0.0000
  35.000    8.000        0.0000
  36.000    8.000        0.0000
  37.000    8.000        0.0000
  38.000    8.000        0.0000
  39.000    8.000        0.0000
  40.000    8.000        0.0000
  41.000    8.000        0.0000
  42.000    8.000        0.0000
  43.000    8.000        0.0000
  44.000    8.000        0.0000
  45.000    8.000        0.0000
  46.000    8.000        0.0002
  47.000    8.000        0.0000
   1.000    9.000        0.0000
   2.000    9.000        0.2149
   3.000    9.000        0.0091
   4.000    9.000        0.0073
   5.000    9.000        0.0000
   6.000    9.000        0.0000
   7.000    9.000        0.0000
   8.000    9.000        0.0000
   9.000    9.000        0.0000
  10.000    9.000        0.0000
  11.000    9.000        0.0000
  12.000    9.000        0.0000
  13.000    9.000        0.0000
  14.000    9.000        0.0000
  15.000    9.000        0.0004
  16.000    9.000        0.0006
  17.000    9.000        0.1103
  18.000    9.000        0.0000
  19.000    9.000        0.0000
  20.000    9.000        0.0000
  21.000    9.000        0.0000
  22.000    9.000        0.0000
  23.000    9.000        0.0000
  24.000    9.000        0.0000
  25.000    9.000        0.0000
  26.000    9.000        0.0000
  27.000    9.000        0.0000
  28.000    9.000        0.0000
  29.000    9.000        0.0000
  30.000    9.000        0.0000
  31.000    9.000        0.0000
  32.000    9.000        0.0000
  33.000    9.000        0.0000
  34.000    9.000        0.0000
  35.000    9.000        0.0000
  36.000    9.000        0.0000
  37.000    9.000        0.0000
  38.000    9.000        0.0000
  39.000    9.000        0.0001
  40.000    9.000        0.0000
  41.000    9.000        0.0037
  42.000    9.000        0.0000
  43.000    9.000        0.0030
  44.000    9.000        0.0726
  45.000    9.000        0.0012
  46.000    9.000        0.0019
  47.000    9.000        0.0040
   1.000   10.000        0.0000
   2.000   10.000        0.0000
   3.000   10.000        0.0000
   4.000   10.000        0.0000
   5.000   10.000        0.0003
   6.000   10.000        0.2724
   7.000   10.000        0.0000
   8.000   10.000        0.0000
   9.000   10.000        0.0000
  10.000   10.000        0.0000
  11.000   10.000        0.0000
  12.000   10.000        0.0000
  13.000   10.000        0.0000
  14.000   10.000        0.0000
  15.000   10.000        0.0065
  16.000   10.000        0.0000
  17.000   10.000        0.0000
  18.000   10.000        0.0000
  19.000   10.000        0.0000
  20.000   10.000        0.0000
  21.000   10.000        0.0000
  22.000   10.000        0.0000
  23.000   10.000        0.0000
  24.000   10.000        0.0000
  25.000   10.000        0.0000
  26.000   10.000        0.0000
  27.000   10.000        0.0000
  28.000   10.000        0.0000
  29.000   10.000        0.0000
  30.000   10.000        0.0000
  31.000   10.000        0.0000
  32.000   10.000        0.0000
  33.000   10.000        0.0000
  34.000   10.000        0.0000
  35.000   10.000        0.0000
  36.000   10.000        0.0000
  37.000   10.000        0.0000
  38.000   10.000        0.0000
  39.000   10.000        0.0000
  40.000   10.000        0.0000
  41.000   10.000        0.0002
  42.000   10.000        0.0000
  43.000   10.000        0.0002
  44.000   10.000        0.0754
  45.000   10.000        0.0016
  46.000   10.000        0.0060
  47.000   10.000        0.0083
   1.000   11.000        0.0000
   2.000   11.000        0.0000
   3.000   11.000        0.0000
   4.000   11.000        0.0000
   5.000   11.000        0.0005
   6.000   11.000        0.0012
   7.000   11.000        0.2173
   8.000   11.000        0.0000
   9.000   11.000        0.0000
  10.000   11.000        0.0000
  11.000   11.000        0.0000
  12.000   11.000        0.0000
  13.000   11.000        0.0000
  14.000   11.000        0.6684
  15.000   11.000        0.3551
  16.000   11.000        0.0001
  17.000   11.000        0.0000
  18.000   11.000        0.0000
  19.000   11.000        0.0000
  20.000   11.000        0.0000
  21.000   11.000        0.0000
  22.000   11.000        0.0000
  23.000   11.000        0.0000
  24.000   11.000        0.0000
  25.000   11.000        0.0000
  26.000   11.000        0.0000
  27.000   11.000        0.0000
  28.000   11.000        0.0000
  29.000   11.000        0.0000
  30.000   11.000        0.0000
  31.000   11.000        0.0000
  32.000   11.000        0.0000
  33.000   11.000        0.0000
  34.000   11.000        0.0000
  35.000   11.000        0.0000
  36.000   11.000        0.0000
  37.000   11.000        0.0000
  38.000   11.000        0.0000
  39.000   11.000        0.0000
  40.000   11.000        0.0000
  41.000   11.000        0.0000
  42.000   11.000        0.0000
  43.000   11.000        0.0000
  44.000   11.000        0.0000
  45.000   11.000        0.0000
  46.000   11.000        0.0000
  47.000   11.000        0.0006
   1.000   12.000        0.0000
   2.000   12.000        0.0063
   3.000   12.000        0.0000
   4.000   12.000        0.0022
   5.000   12.000        0.0675
   6.000   12.000        0.0044
   7.000   12.000        0.0076
   8.000   12.000        0.6410
   9.000   12.000        0.0000
  10.000   12.000        0.0000
  11.000   12.000        0.0000
  12.000   12.000        0.0000
  13.000   12.000        0.0000
  14.000   12.000        0.0000
  15.000   12.000        0.0000
  16.000   12.000        0.6594
  17.000   12.000        0.0000
  18.000   12.000        0.0000
  19.000   12.000        0.0000
  20.000   12.000        0.0000
  21.000   12.000        0.0000
  22.000   12.000        0.0000
  23.000   12.000        0.0000
  24.000   12.000        0.0000
  25.000   12.000        0.0000
  26.000   12.000        0.0000
  27.000   12.000        0.0000
  28.000   12.000        0.0000
  29.000   12.000        0.0000
  30.000   12.000        0.0000
  31.000   12.000        0.0000
  32.000   12.000        0.0000
  33.000   12.000        0.0000
  34.000   12.000        0.0000
  35.000   12.000        0.0000
  36.000   12.000        0.0000
  37.000   12.000        0.0000
  38.000   12.000        0.0000
  39.000   12.000        0.0000
  40.000   12.000        0.0000
  41.000   12.000        0.0000
  42.000   12.000        0.0000
  43.000   12.000        0.0000
  44.000   12.000        0.0054
  45.000   12.000        0.0000
  46.000   12.000        0.0000
  47.000   12.000        0.0000
   1.000   13.000        0.0133
   2.000   13.000        0.1877
   3.000   13.000        0.0000
   4.000   13.000        0.0265
   5.000   13.000        0.2443
   6.000   13.000        0.0699
   7.000   13.000        0.0146
   8.000   13.000        0.0000
   9.000   13.000        0.0000
  10.000   13.000        0.0000
  11.000   13.000        0.0000
  12.000   13.000        0.0000
  13.000   13.000        0.0000
  14.000   13.000        0.0000
  15.000   13.000        0.0000
  16.000   13.000        0.0000
  17.000   13.000        0.0000
  18.000   13.000        0.0000
  19.000   13.000        0.0000
  20.000   13.000        0.0002
  21.000   13.000        0.0000
  22.000   13.000        0.0000
  23.000   13.000        0.0000
  24.000   13.000        0.0000
  25.000   13.000        0.0000
  26.000   13.000        0.0000
  27.000   13.000        0.0000
  28.000   13.000        0.0001
  29.000   13.000        0.0000
  30.000   13.000        0.0000
  31.000   13.000        0.0000
  32.000   13.000        0.0000
  33.000   13.000        0.0000
  34.000   13.000        0.0000
  35.000   13.000        0.0000
  36.000   13.000        0.0000
  37.000   13.000        0.0000
  38.000   13.000        0.0000
  39.000   13.000        0.0000
  40.000   13.000        0.0055
  41.000   13.000        0.0042
  42.000   13.000        0.0012
  43.000   13.000        0.0545
  44.000   13.000        0.0694
  45.000   13.000        0.0001
  46.000   13.000        0.0000
  47.000   13.000        0.0000
   1.000   14.000        0.0000
   2.000   14.000        0.0278
   3.000   14.000        0.0000
   4.000   14.000        0.0000
   5.000   14.000        0.0018
   6.000   14.000        0.0001
   7.000   14.000        0.0000
   8.000   14.000        0.0512
   9.000   14.000        0.0000
  10.000   14.000        0.0000
  11.000   14.000        0.6684
  12.000   14.000        0.0000
  13.000   14.000        0.0000
  14.000   14.000        0.0000
  15.000   14.000        0.0000
  16.000   14.000        0.0000
  17.000   14.000        0.0000
  18.000   14.000        0.8583
  19.000   14.000        0.0000
  20.000   14.000        0.0000
  21.000   14.000        0.0000
  22.000   14.000        0.0001
  23.000   14.000        0.0000
  24.000   14.000        0.0000
  25.000   14.000        0.0000
  26.000   14.000        0.0000
  27.000   14.000        0.0000
  28.000   14.000        0.0000
  29.000   14.000        0.0000
  30.000   14.000        0.0000
  31.000   14.000        0.0000
  32.000   14.000        0.0000
  33.000   14.000        0.0000
  34.000   14.000        0.0000
  35.000   14.000        0.0000
  36.000   14.000        0.0000
  37.000   14.000        0.0000
  38.000   14.000        0.0000
  39.000   14.000        0.0000
  40.000   14.000        0.0000
  41.000   14.000        0.0006
  42.000   14.000        0.0000
  43.000   14.000        0.0000
  44.000   14.000        0.0011
  45.000   14.000        0.0000
  46.000   14.000        0.0002
  47.000   14.000        0.0006
   1.000   15.000        0.0000
   2.000   15.000        0.0000
   3.000   15.000        0.0000
   4.000   15.000        0.0000
   5.000   15.000        0.0000
   6.000   15.000        0.0000
   7.000   15.000        0.0000
   8.000   15.000        0.0000
   9.000   15.000        0.0004
  10.000   15.000        0.0065
  11.000   15.000        0.3551
  12.000   15.000        0.0000
  13.000   15.000        0.0000
  14.000   15.000        0.0000
  15.000   15.000        0.0000
  16.000   15.000        0.0000
  17.000   15.000        0.0000
  18.000   15.000        0.0000
  19.000   15.000        0.8647
  20.000   15.000        0.0001
  21.000   15.000        0.0000
  22.000   15.000        0.0066
  23.000   15.000        0.0001
  24.000   15.000        0.0000
  25.000   15.000        0.0000
  26.000   15.000        0.0000
  27.000   15.000        0.0000
  28.000   15.000        0.0000
  29.000   15.000        0.0000
  30.000   15.000        0.0000
  31.000   15.000        0.0000
  32.000   15.000        0.0000
  33.000   15.000        0.0000
  34.000   15.000        0.0000
  35.000   15.000        0.0000
  36.000   15.000        0.0000
  37.000   15.000        0.0000
  38.000   15.000        0.0000
  39.000   15.000        0.0000
  40.000   15.000        0.0000
  41.000   15.000        0.0000
  42.000   15.000        0.0000
  43.000   15.000        0.0000
  44.000   15.000        0.0000
  45.000   15.000        0.0000
  46.000   15.000        0.0000
  47.000   15.000        0.0000
   1.000   16.000        0.0421
   2.000   16.000        0.0628
   3.000   16.000        0.0000
   4.000   16.000        0.0013
   5.000   16.000        0.0546
   6.000   16.000        0.0000
   7.000   16.000        0.0000
   8.000   16.000        0.0000
   9.000   16.000        0.0006
  10.000   16.000        0.0000
  11.000   16.000        0.0001
  12.000   16.000        0.6594
  13.000   16.000        0.0000
  14.000   16.000        0.0000
  15.000   16.000        0.0000
  16.000   16.000        0.0000
  17.000   16.000        0.0000
  18.000   16.000        0.0000
  19.000   16.000        0.0000
  20.000   16.000        0.0000
  21.000   16.000        0.0001
  22.000   16.000        0.0000
  23.000   16.000        0.0000
  24.000   16.000        0.0000
  25.000   16.000        0.0000
  26.000   16.000        0.0000
  27.000   16.000        0.0004
  28.000   16.000        0.0132
  29.000   16.000        0.0000
  30.000   16.000        0.0000
  31.000   16.000        0.0000
  32.000   16.000        0.0000
  33.000   16.000        0.0000
  34.000   16.000        0.0000
  35.000   16.000        0.0000
  36.000   16.000        0.0000
  37.000   16.000        0.0000
  38.000   16.000        0.0000
  39.000   16.000        0.0000
  40.000   16.000        0.0014
  41.000   16.000        0.0000
  42.000   16.000        0.0000
  43.000   16.000        0.0002
  44.000   16.000        0.0000
  45.000   16.000        0.0000
  46.000   16.000        0.0000
  47.000   16.000        0.0000
   1.000   17.000        0.0533
   2.000   17.000        0.0815
   3.000   17.000        0.0000
   4.000   17.000        0.0000
   5.000   17.000        0.0866
   6.000   17.000        0.0084
   7.000   17.000        0.0000
   8.000   17.000        0.0000
   9.000   17.000        0.1103
  10.000   17.000        0.0000
  11.000   17.000        0.0000
  12.000   17.000        0.0000
  13.000   17.000        0.0000
  14.000   17.000        0.0000
  15.000   17.000        0.0000
  16.000   17.000        0.0000
  17.000   17.000        0.0000
  18.000   17.000        0.0000
  19.000   17.000        0.0000
  20.000   17.000        0.0000
  21.000   17.000        0.0000
  22.000   17.000        0.0000
  23.000   17.000        0.0004
  24.000   17.000        0.0000
  25.000   17.000        0.0000
  26.000   17.000        0.0000
  27.000   17.000        0.0388
  28.000   17.000        0.1177
  29.000   17.000        0.0003
  30.000   17.000        0.0002
  31.000   17.000        0.0000
  32.000   17.000        0.0000
  33.000   17.000        0.0000
  34.000   17.000        0.0000
  35.000   17.000        0.0000
  36.000   17.000        0.0022
  37.000   17.000        0.0000
  38.000   17.000        0.0000
  39.000   17.000        0.0000
  40.000   17.000        0.0059
  41.000   17.000        0.0002
  42.000   17.000        0.0000
  43.000   17.000        0.0000
  44.000   17.000        0.0001
  45.000   17.000        0.0000
  46.000   17.000        0.0000
  47.000   17.000        0.0000
   1.000   18.000        0.0000
   2.000   18.000        0.0048
   3.000   18.000        0.0000
   4.000   18.000        0.0000
   5.000   18.000        0.0000
   6.000   18.000        0.0000
   7.000   18.000        0.0000
   8.000   18.000        0.0000
   9.000   18.000        0.0000
  10.000   18.000        0.0000
  11.000   18.000        0.0000
  12.000   18.000        0.0000
  13.000   18.000        0.0000
  14.000   18.000        0.8583
  15.000   18.000        0.0000
  16.000   18.000        0.0000
  17.000   18.000        0.0000
  18.000   18.000        0.0000
  19.000   18.000        0.0000
  20.000   18.000        0.0000
  21.000   18.000        0.0000
  22.000   18.000        0.0000
  23.000   18.000        0.1219
  24.000   18.000        0.0000
  25.000   18.000        0.0000
  26.000   18.000        0.0000
  27.000   18.000        0.0001
  28.000   18.000        0.0332
  29.000   18.000        0.0000
  30.000   18.000        0.0001
  31.000   18.000        0.0000
  32.000   18.000        0.0000
  33.000   18.000        0.0000
  34.000   18.000        0.0000
  35.000   18.000        0.0000
  36.000   18.000        0.0000
  37.000   18.000        0.0000
  38.000   18.000        0.0000
  39.000   18.000        0.0000
  40.000   18.000        0.0000
  41.000   18.000        0.0000
  42.000   18.000        0.0000
  43.000   18.000        0.0000
  44.000   18.000        0.0000
  45.000   18.000        0.0000
  46.000   18.000        0.0000
  47.000   18.000        0.0000
   1.000   19.000        0.0000
   2.000   19.000        0.0000
   3.000   19.000        0.0000
   4.000   19.000        0.0000
   5.000   19.000        0.0000
   6.000   19.000        0.0000
   7.000   19.000        0.0000
   8.000   19.000        0.0000
   9.000   19.000        0.0000
  10.000   19.000        0.0000
  11.000   19.000        0.0000
  12.000   19.000        0.0000
  13.000   19.000        0.0000
  14.000   19.000        0.0000
  15.000   19.000        0.8647
  16.000   19.000        0.0000
  17.000   19.000        0.0000
  18.000   19.000        0.0000
  19.000   19.000        0.0000
  20.000   19.000        0.0000
  21.000   19.000        0.0000
  22.000   19.000        0.0000
  23.000   19.000        0.5157
  24.000   19.000        0.1016
  25.000   19.000        0.0542
  26.000   19.000        0.0000
  27.000   19.000        0.0000
  28.000   19.000        0.0000
  29.000   19.000        0.0000
  30.000   19.000        0.0000
  31.000   19.000        0.0000
  32.000   19.000        0.0000
  33.000   19.000        0.0000
  34.000   19.000        0.0000
  35.000   19.000        0.0000
  36.000   19.000        0.0000
  37.000   19.000        0.0000
  38.000   19.000        0.0000
  39.000   19.000        0.0000
  40.000   19.000        0.0000
  41.000   19.000        0.0000
  42.000   19.000        0.0000
  43.000   19.000        0.0000
  44.000   19.000        0.0000
  45.000   19.000        0.0000
  46.000   19.000        0.0000
  47.000   19.000        0.0000
   1.000   20.000        0.0074
   2.000   20.000        0.0252
   3.000   20.000        0.0000
   4.000   20.000        0.0000
   5.000   20.000        0.0030
   6.000   20.000        0.0001
   7.000   20.000        0.0000
   8.000   20.000        0.0000
   9.000   20.000        0.0000
  10.000   20.000        0.0000
  11.000   20.000        0.0000
  12.000   20.000        0.0000
  13.000   20.000        0.0002
  14.000   20.000        0.0000
  15.000   20.000        0.0001
  16.000   20.000        0.0000
  17.000   20.000        0.0000
  18.000   20.000        0.0000
  19.000   20.000        0.0000
  20.000   20.000        0.0000
  21.000   20.000        0.0000
  22.000   20.000        0.0000
  23.000   20.000        0.0000
  24.000   20.000        0.7723
  25.000   20.000        0.2712
  26.000   20.000        0.0038
  27.000   20.000        0.3772
  28.000   20.000        0.3120
  29.000   20.000        0.0000
  30.000   20.000        0.0000
  31.000   20.000        0.0000
  32.000   20.000        0.0000
  33.000   20.000        0.0000
  34.000   20.000        0.0000
  35.000   20.000        0.0025
  36.000   20.000        0.0020
  37.000   20.000        0.0000
  38.000   20.000        0.0000
  39.000   20.000        0.0000
  40.000   20.000        0.0000
  41.000   20.000        0.0000
  42.000   20.000        0.0000
  43.000   20.000        0.0000
  44.000   20.000        0.0000
  45.000   20.000        0.0000
  46.000   20.000        0.0000
  47.000   20.000        0.0001
   1.000   21.000        0.0006
   2.000   21.000        0.0014
   3.000   21.000        0.0000
   4.000   21.000        0.0000
   5.000   21.000        0.0000
   6.000   21.000        0.0000
   7.000   21.000        0.0000
   8.000   21.000        0.0000
   9.000   21.000        0.0000
  10.000   21.000        0.0000
  11.000   21.000        0.0000
  12.000   21.000        0.0000
  13.000   21.000        0.0000
  14.000   21.000        0.0000
  15.000   21.000        0.0000
  16.000   21.000        0.0001
  17.000   21.000        0.0000
  18.000   21.000        0.0000
  19.000   21.000        0.0000
  20.000   21.000        0.0000
  21.000   21.000        0.0000
  22.000   21.000        0.0000
  23.000   21.000        0.0000
  24.000   21.000        0.0000
  25.000   21.000        0.0000
  26.000   21.000        0.0479
  27.000   21.000        0.3818
  28.000   21.000        0.6324
  29.000   21.000        0.0840
  30.000   21.000        0.0083
  31.000   21.000        0.0007
  32.000   21.000        0.0000
  33.000   21.000        0.0000
  34.000   21.000        0.0000
  35.000   21.000        0.0385
  36.000   21.000        0.0671
  37.000   21.000        0.0010
  38.000   21.000        0.0000
  39.000   21.000        0.0217
  40.000   21.000        0.0072
  41.000   21.000        0.0000
  42.000   21.000        0.0000
  43.000   21.000        0.0000
  44.000   21.000        0.0000
  45.000   21.000        0.0000
  46.000   21.000        0.0000
  47.000   21.000        0.0000
   1.000   22.000        0.0000
   2.000   22.000        0.0000
   3.000   22.000        0.0000
   4.000   22.000        0.0000
   5.000   22.000        0.0000
   6.000   22.000        0.0000
   7.000   22.000        0.0000
   8.000   22.000        0.0000
   9.000   22.000        0.0000
  10.000   22.000        0.0000
  11.000   22.000        0.0000
  12.000   22.000        0.0000
  13.000   22.000        0.0000
  14.000   22.000        0.0001
  15.000   22.000        0.0066
  16.000   22.000        0.0000
  17.000   22.000        0.0000
  18.000   22.000        0.0000
  19.000   22.000        0.0000
  20.000   22.000        0.0000
  21.000   22.000        0.0000
  22.000   22.000        0.0000
  23.000   22.000        0.0000
  24.000   22.000        0.0000
  25.000   22.000        0.0000
  26.000   22.000        0.2144
  27.000   22.000        0.0103
  28.000   22.000        0.1804
  29.000   22.000        0.0000
  30.000   22.000        0.0000
  31.000   22.000        0.0000
  32.000   22.000        0.0000
  33.000   22.000        0.0000
  34.000   22.000        0.0000
  35.000   22.000        0.0000
  36.000   22.000        0.0222
  37.000   22.000        0.0000
  38.000   22.000        0.0000
  39.000   22.000        0.0108
  40.000   22.000        0.0307
  41.000   22.000        0.0000
  42.000   22.000        0.0000
  43.000   22.000        0.0000
  44.000   22.000        0.0000
  45.000   22.000        0.0000
  46.000   22.000        0.0000
  47.000   22.000        0.0000
   1.000   23.000        0.0000
   2.000   23.000        0.0000
   3.000   23.000        0.0000
   4.000   23.000        0.0000
   5.000   23.000        0.0000
   6.000   23.000        0.0000
   7.000   23.000        0.0000
   8.000   23.000        0.0000
   9.000   23.000        0.0000
  10.000   23.000        0.0000
  11.000   23.000        0.0000
  12.000   23.000        0.0000
  13.000   23.000        0.0000
  14.000   23.000        0.0000
  15.000   23.000        0.0001
  16.000   23.000        0.0000
  17.000   23.000        0.0004
  18.000   23.000        0.1219
  19.000   23.000        0.5157
  20.000   23.000        0.0000
  21.000   23.000        0.0000
  22.000   23.000        0.0000
  23.000   23.000        0.0000
  24.000   23.000        0.0000
  25.000   23.000        0.0000
  26.000   23.000        0.2440
  27.000   23.000        0.2292
  28.000   23.000        0.0012
  29.000   23.000        0.0000
  30.000   23.000        0.0000
  31.000   23.000        0.0000
  32.000   23.000        0.0000
  33.000   23.000        0.0000
  34.000   23.000        0.0000
  35.000   23.000        0.0000
  36.000   23.000        0.0000
  37.000   23.000        0.0000
  38.000   23.000        0.0000
  39.000   23.000        0.0000
  40.000   23.000        0.0250
  41.000   23.000        0.0026
  42.000   23.000        0.0041
  43.000   23.000        0.0000
  44.000   23.000        0.0000
  45.000   23.000        0.0000
  46.000   23.000        0.0044
  47.000   23.000        0.0100
   1.000   24.000        0.0004
   2.000   24.000        0.0004
   3.000   24.000        0.0000
   4.000   24.000        0.0000
   5.000   24.000        0.0000
   6.000   24.000        0.0000
   7.000   24.000        0.0000
   8.000   24.000        0.0000
   9.000   24.000        0.0000
  10.000   24.000        0.0000
  11.000   24.000        0.0000
  12.000   24.000        0.0000
  13.000   24.000        0.0000
  14.000   24.000        0.0000
  15.000   24.000        0.0000
  16.000   24.000        0.0000
  17.000   24.000        0.0000
  18.000   24.000        0.0000
  19.000   24.000        0.1016
  20.000   24.000        0.7723
  21.000   24.000        0.0000
  22.000   24.000        0.0000
  23.000   24.000        0.0000
  24.000   24.000        0.0000
  25.000   24.000        0.0000
  26.000   24.000        0.0000
  27.000   24.000        0.0000
  28.000   24.000        0.0000
  29.000   24.000        0.0024
  30.000   24.000        0.0028
  31.000   24.000        0.0000
  32.000   24.000        0.0000
  33.000   24.000        0.0000
  34.000   24.000        0.0000
  35.000   24.000        0.0000
  36.000   24.000        0.0000
  37.000   24.000        0.0000
  38.000   24.000        0.0000
  39.000   24.000        0.0000
  40.000   24.000        0.0000
  41.000   24.000        0.0000
  42.000   24.000        0.0000
  43.000   24.000        0.0000
  44.000   24.000        0.0000
  45.000   24.000        0.0000
  46.000   24.000        0.0021
  47.000   24.000        0.0057
   1.000   25.000        0.0018
   2.000   25.000        0.0000
   3.000   25.000        0.0000
   4.000   25.000        0.0000
   5.000   25.000        0.0000
   6.000   25.000        0.0000
   7.000   25.000        0.0000
   8.000   25.000        0.0000
   9.000   25.000        0.0000
  10.000   25.000        0.0000
  11.000   25.000        0.0000
  12.000   25.000        0.0000
  13.000   25.000        0.0000
  14.000   25.000        0.0000
  15.000   25.000        0.0000
  16.000   25.000        0.0000
  17.000   25.000        0.0000
  18.000   25.000        0.0000
  19.000   25.000        0.0542
  20.000   25.000        0.2712
  21.000   25.000        0.0000
  22.000   25.000        0.0000
  23.000   25.000        0.0000
  24.000   25.000        0.0000
  25.000   25.000        0.0000
  26.000   25.000        0.0000
  27.000   25.000        0.0000
  28.000   25.000        0.0000
  29.000   25.000        0.0000
  30.000   25.000        0.0521
  31.000   25.000        0.0003
  32.000   25.000        0.0026
  33.000   25.000        0.0016
  34.000   25.000        0.0000
  35.000   25.000        0.0000
  36.000   25.000        0.0134
  37.000   25.000        0.0000
  38.000   25.000        0.0000
  39.000   25.000        0.0000
  40.000   25.000        0.0000
  41.000   25.000        0.0000
  42.000   25.000        0.0000
  43.000   25.000        0.0000
  44.000   25.000        0.0000
  45.000   25.000        0.0000
  46.000   25.000        0.0000
  47.000   25.000        0.0000
   1.000   26.000        0.0000
   2.000   26.000        0.0000
   3.000   26.000        0.0000
   4.000   26.000        0.0000
   5.000   26.000        0.0000
   6.000   26.000        0.0000
   7.000   26.000        0.0000
   8.000   26.000        0.0000
   9.000   26.000        0.0000
  10.000   26.000        0.0000
  11.000   26.000        0.0000
  12.000   26.000        0.0000
  13.000   26.000        0.0000
  14.000   26.000        0.0000
  15.000   26.000        0.0000
  16.000   26.000        0.0000
  17.000   26.000        0.0000
  18.000   26.000        0.0000
  19.000   26.000        0.0000
  20.000   26.000        0.0038
  21.000   26.000        0.0479
  22.000   26.000        0.2144
  23.000   26.000        0.2440
  24.000   26.000        0.0000
  25.000   26.000        0.0000
  26.000   26.000        0.0000
  27.000   26.000        0.0000
  28.000   26.000        0.0000
  29.000   26.000        0.0000
  30.000   26.000        0.3619
  31.000   26.000        0.0852
  32.000   26.000        0.0000
  33.000   26.000        0.0239
  34.000   26.000        0.0010
  35.000   26.000        0.0001
  36.000   26.000        0.0565
  37.000   26.000        0.0099
  38.000   26.000        0.0002
  39.000   26.000        0.0027
  40.000   26.000        0.0075
  41.000   26.000        0.0017
  42.000   26.000        0.0015
  43.000   26.000        0.0082
  44.000   26.000        0.0000
  45.000   26.000        0.0000
  46.000   26.000        0.0082
  47.000   26.000        0.0050
   1.000   27.000        0.0155
   2.000   27.000        0.0064
   3.000   27.000        0.0032
   4.000   27.000        0.0000
   5.000   27.000        0.0000
   6.000   27.000        0.0004
   7.000   27.000        0.0000
   8.000   27.000        0.0000
   9.000   27.000        0.0000
  10.000   27.000        0.0000
  11.000   27.000        0.0000
  12.000   27.000        0.0000
  13.000   27.000        0.0000
  14.000   27.000        0.0000
  15.000   27.000        0.0000
  16.000   27.000        0.0004
  17.000   27.000        0.0388
  18.000   27.000        0.0001
  19.000   27.000        0.0000
  20.000   27.000        0.3772
  21.000   27.000        0.3818
  22.000   27.000        0.0103
  23.000   27.000        0.2292
  24.000   27.000        0.0000
  25.000   27.000        0.0000
  26.000   27.000        0.0000
  27.000   27.000        0.0000
  28.000   27.000        0.0000
  29.000   27.000        0.0000
  30.000   27.000        0.3074
  31.000   27.000        0.0041
  32.000   27.000        0.0324
  33.000   27.000        0.0182
  34.000   27.000        0.0033
  35.000   27.000        0.0051
  36.000   27.000        0.0022
  37.000   27.000        0.0000
  38.000   27.000        0.0000
  39.000   27.000        0.0025
  40.000   27.000        0.0004
  41.000   27.000        0.0000
  42.000   27.000        0.0008
  43.000   27.000        0.0001
  44.000   27.000        0.0000
  45.000   27.000        0.0003
  46.000   27.000        0.0074
  47.000   27.000        0.0171
   1.000   28.000        0.0409
   2.000   28.000        0.0601
   3.000   28.000        0.0023
   4.000   28.000        0.0000
   5.000   28.000        0.0041
   6.000   28.000        0.0473
   7.000   28.000        0.0000
   8.000   28.000        0.0000
   9.000   28.000        0.0000
  10.000   28.000        0.0000
  11.000   28.000        0.0000
  12.000   28.000        0.0000
  13.000   28.000        0.0001
  14.000   28.000        0.0000
  15.000   28.000        0.0000
  16.000   28.000        0.0132
  17.000   28.000        0.1177
  18.000   28.000        0.0332
  19.000   28.000        0.0000
  20.000   28.000        0.3120
  21.000   28.000        0.6324
  22.000   28.000        0.1804
  23.000   28.000        0.0012
  24.000   28.000        0.0000
  25.000   28.000        0.0000
  26.000   28.000        0.0000
  27.000   28.000        0.0000
  28.000   28.000        0.0000
  29.000   28.000        0.0000
  30.000   28.000        0.0000
  31.000   28.000        0.0000
  32.000   28.000        0.0159
  33.000   28.000        0.0009
  34.000   28.000        0.0075
  35.000   28.000        0.0067
  36.000   28.000        0.0000
  37.000   28.000        0.0000
  38.000   28.000        0.0000
  39.000   28.000        0.0000
  40.000   28.000        0.0020
  41.000   28.000        0.0000
  42.000   28.000        0.0000
  43.000   28.000        0.0000
  44.000   28.000        0.0000
  45.000   28.000        0.0000
  46.000   28.000        0.0000
  47.000   28.000        0.0000
   1.000   29.000        0.0266
   2.000   29.000        0.0399
   3.000   29.000        0.0000
   4.000   29.000        0.0000
   5.000   29.000        0.0000
   6.000   29.000        0.0057
   7.000   29.000        0.0000
   8.000   29.000        0.0000
   9.000   29.000        0.0000
  10.000   29.000        0.0000
  11.000   29.000        0.0000
  12.000   29.000        0.0000
  13.000   29.000        0.0000
  14.000   29.000        0.0000
  15.000   29.000        0.0000
  16.000   29.000        0.0000
  17.000   29.000        0.0003
  18.000   29.000        0.0000
  19.000   29.000        0.0000
  20.000   29.000        0.0000
  21.000   29.000        0.0840
  22.000   29.000        0.0000
  23.000   29.000        0.0000
  24.000   29.000        0.0024
  25.000   29.000        0.0000
  26.000   29.000        0.0000
  27.000   29.000        0.0000
  28.000   29.000        0.0000
  29.000   29.000        0.0000
  30.000   29.000        0.0000
  31.000   29.000        0.0000
  32.000   29.000        0.0000
  33.000   29.000        0.0000
  34.000   29.000        0.0793
  35.000   29.000        0.0300
  36.000   29.000        0.0158
  37.000   29.000        0.0019
  38.000   29.000        0.0000
  39.000   29.000        0.0002
  40.000   29.000        0.0420
  41.000   29.000        0.0000
  42.000   29.000        0.0000
  43.000   29.000        0.0000
  44.000   29.000        0.0007
  45.000   29.000        0.0000
  46.000   29.000        0.0008
  47.000   29.000        0.0004
   1.000   30.000        0.0003
   2.000   30.000        0.0041
   3.000   30.000        0.0001
   4.000   30.000        0.0000
   5.000   30.000        0.0000
   6.000   30.000        0.0003
   7.000   30.000        0.0000
   8.000   30.000        0.0000
   9.000   30.000        0.0000
  10.000   30.000        0.0000
  11.000   30.000        0.0000
  12.000   30.000        0.0000
  13.000   30.000        0.0000
  14.000   30.000        0.0000
  15.000   30.000        0.0000
  16.000   30.000        0.0000
  17.000   30.000        0.0002
  18.000   30.000        0.0001
  19.000   30.000        0.0000
  20.000   30.000        0.0000
  21.000   30.000        0.0083
  22.000   30.000        0.0000
  23.000   30.000        0.0000
  24.000   30.000        0.0028
  25.000   30.000        0.0521
  26.000   30.000        0.3619
  27.000   30.000        0.3074
  28.000   30.000        0.0000
  29.000   30.000        0.0000
  30.000   30.000        0.0000
  31.000   30.000        0.0000
  32.000   30.000        0.0000
  33.000   30.000        0.1636
  34.000   30.000        0.0930
  35.000   30.000        0.0520
  36.000   30.000        0.2214
  37.000   30.000        0.2801
  38.000   30.000        0.0007
  39.000   30.000        0.0155
  40.000   30.000        0.0570
  41.000   30.000        0.0001
  42.000   30.000        0.0027
  43.000   30.000        0.0258
  44.000   30.000        0.0086
  45.000   30.000        0.0032
  46.000   30.000        0.0240
  47.000   30.000        0.0135
   1.000   31.000        0.0004
   2.000   31.000        0.0019
   3.000   31.000        0.0000
   4.000   31.000        0.0000
   5.000   31.000        0.0000
   6.000   31.000        0.0000
   7.000   31.000        0.0000
   8.000   31.000        0.0000
   9.000   31.000        0.0000
  10.000   31.000        0.0000
  11.000   31.000        0.0000
  12.000   31.000        0.0000
  13.000   31.000        0.0000
  14.000   31.000        0.0000
  15.000   31.000        0.0000
  16.000   31.000        0.0000
  17.000   31.000        0.0000
  18.000   31.000        0.0000
  19.000   31.000        0.0000
  20.000   31.000        0.0000
  21.000   31.000        0.0007
  22.000   31.000        0.0000
  23.000   31.000        0.0000
  24.000   31.000        0.0000
  25.000   31.000        0.0003
  26.000   31.000        0.0852
  27.000   31.000        0.0041
  28.000   31.000        0.0000
  29.000   31.000        0.0000
  30.000   31.000        0.0000
  31.000   31.000        0.0000
  32.000   31.000        0.0000
  33.000   31.000        0.0000
  34.000   31.000        0.2574
  35.000   31.000        0.1166
  36.000   31.000        0.2516
  37.000   31.000        0.4298
  38.000   31.000        0.0005
  39.000   31.000        0.0000
  40.000   31.000        0.0200
  41.000   31.000        0.0004
  42.000   31.000        0.0000
  43.000   31.000        0.0136
  44.000   31.000        0.0455
  45.000   31.000        0.0029
  46.000   31.000        0.0206
  47.000   31.000        0.0074
   1.000   32.000        0.0028
   2.000   32.000        0.0059
   3.000   32.000        0.0000
   4.000   32.000        0.0000
   5.000   32.000        0.0000
   6.000   32.000        0.0000
   7.000   32.000        0.0000
   8.000   32.000        0.0000
   9.000   32.000        0.0000
  10.000   32.000        0.0000
  11.000   32.000        0.0000
  12.000   32.000        0.0000
  13.000   32.000        0.0000
  14.000   32.000        0.0000
  15.000   32.000        0.0000
  16.000   32.000        0.0000
  17.000   32.000        0.0000
  18.000   32.000        0.0000
  19.000   32.000        0.0000
  20.000   32.000        0.0000
  21.000   32.000        0.0000
  22.000   32.000        0.0000
  23.000   32.000        0.0000
  24.000   32.000        0.0000
  25.000   32.000        0.0026
  26.000   32.000        0.0000
  27.000   32.000        0.0324
  28.000   32.000        0.0159
  29.000   32.000        0.0000
  30.000   32.000        0.0000
  31.000   32.000        0.0000
  32.000   32.000        0.0000
  33.000   32.000        0.0000
  34.000   32.000        0.7411
  35.000   32.000        0.1715
  36.000   32.000        0.3591
  37.000   32.000        0.3625
  38.000   32.000        0.0012
  39.000   32.000        0.0000
  40.000   32.000        0.0000
  41.000   32.000        0.0000
  42.000   32.000        0.0000
  43.000   32.000        0.0000
  44.000   32.000        0.0000
  45.000   32.000        0.0000
  46.000   32.000        0.0008
  47.000   32.000        0.0016
   1.000   33.000        0.0000
   2.000   33.000        0.0000
   3.000   33.000        0.0000
   4.000   33.000        0.0000
   5.000   33.000        0.0000
   6.000   33.000        0.0000
   7.000   33.000        0.0000
   8.000   33.000        0.0000
   9.000   33.000        0.0000
  10.000   33.000        0.0000
  11.000   33.000        0.0000
  12.000   33.000        0.0000
  13.000   33.000        0.0000
  14.000   33.000        0.0000
  15.000   33.000        0.0000
  16.000   33.000        0.0000
  17.000   33.000        0.0000
  18.000   33.000        0.0000
  19.000   33.000        0.0000
  20.000   33.000        0.0000
  21.000   33.000        0.0000
  22.000   33.000        0.0000
  23.000   33.000        0.0000
  24.000   33.000        0.0000
  25.000   33.000        0.0016
  26.000   33.000        0.0239
  27.000   33.000        0.0182
  28.000   33.000        0.0009
  29.000   33.000        0.0000
  30.000   33.000        0.1636
  31.000   33.000        0.0000
  32.000   33.000        0.0000
  33.000   33.000        0.0000
  34.000   33.000        0.0000
  35.000   33.000        0.0000
  36.000   33.000        0.0000
  37.000   33.000        0.8101
  38.000   33.000        0.0092
  39.000   33.000        0.0000
  40.000   33.000        0.0000
  41.000   33.000        0.0000
  42.000   33.000        0.0000
  43.000   33.000        0.0000
  44.000   33.000        0.0001
  45.000   33.000        0.0000
  46.000   33.000        0.0000
  47.000   33.000        0.0004
   1.000   34.000        0.0000
   2.000   34.000        0.0000
   3.000   34.000        0.0007
   4.000   34.000        0.0000
   5.000   34.000        0.0000
   6.000   34.000        0.0002
   7.000   34.000        0.0000
   8.000   34.000        0.0000
   9.000   34.000        0.0000
  10.000   34.000        0.0000
  11.000   34.000        0.0000
  12.000   34.000        0.0000
  13.000   34.000        0.0000
  14.000   34.000        0.0000
  15.000   34.000        0.0000
  16.000   34.000        0.0000
  17.000   34.000        0.0000
  18.000   34.000        0.0000
  19.000   34.000        0.0000
  20.000   34.000        0.0000
  21.000   34.000        0.0000
  22.000   34.000        0.0000
  23.000   34.000        0.0000
  24.000   34.000        0.0000
  25.000   34.000        0.0000
  26.000   34.000        0.0010
  27.000   34.000        0.0033
  28.000   34.000        0.0075
  29.000   34.000        0.0793
  30.000   34.000        0.0930
  31.000   34.000        0.2574
  32.000   34.000        0.7411
  33.000   34.000        0.0000
  34.000   34.000        0.0000
  35.000   34.000        0.0000
  36.000   34.000        0.0000
  37.000   34.000        0.0000
  38.000   34.000        0.0000
  39.000   34.000        0.0217
  40.000   34.000        0.0000
  41.000   34.000        0.0000
  42.000   34.000        0.0000
  43.000   34.000        0.0000
  44.000   34.000        0.0101
  45.000   34.000        0.0002
  46.000   34.000        0.0000
  47.000   34.000        0.0000
   1.000   35.000        0.0024
   2.000   35.000        0.0104
   3.000   35.000        0.1003
   4.000   35.000        0.0000
   5.000   35.000        0.0000
   6.000   35.000        0.0000
   7.000   35.000        0.0000
   8.000   35.000        0.0000
   9.000   35.000        0.0000
  10.000   35.000        0.0000
  11.000   35.000        0.0000
  12.000   35.000        0.0000
  13.000   35.000        0.0000
  14.000   35.000        0.0000
  15.000   35.000        0.0000
  16.000   35.000        0.0000
  17.000   35.000        0.0000
  18.000   35.000        0.0000
  19.000   35.000        0.0000
  20.000   35.000        0.0025
  21.000   35.000        0.0385
  22.000   35.000        0.0000
  23.000   35.000        0.0000
  24.000   35.000        0.0000
  25.000   35.000        0.0000
  26.000   35.000        0.0001
  27.000   35.000        0.0051
  28.000   35.000        0.0067
  29.000   35.000        0.0300
  30.000   35.000        0.0520
  31.000   35.000        0.1166
  32.000   35.000        0.1715
  33.000   35.000        0.0000
  34.000   35.000        0.0000
  35.000   35.000        0.0000
  36.000   35.000        0.0000
  37.000   35.000        0.0000
  38.000   35.000        0.0000
  39.000   35.000        0.0000
  40.000   35.000        0.0000
  41.000   35.000        0.0001
  42.000   35.000        0.0001
  43.000   35.000        0.0032
  44.000   35.000        0.0000
  45.000   35.000        0.0000
  46.000   35.000        0.0000
  47.000   35.000        0.0000
   1.000   36.000        0.0020
   2.000   36.000        0.0038
   3.000   36.000        0.0517
   4.000   36.000        0.0007
   5.000   36.000        0.0000
   6.000   36.000        0.0045
   7.000   36.000        0.0000
   8.000   36.000        0.0000
   9.000   36.000        0.0000
  10.000   36.000        0.0000
  11.000   36.000        0.0000
  12.000   36.000        0.0000
  13.000   36.000        0.0000
  14.000   36.000        0.0000
  15.000   36.000        0.0000
  16.000   36.000        0.0000
  17.000   36.000        0.0022
  18.000   36.000        0.0000
  19.000   36.000        0.0000
  20.000   36.000        0.0020
  21.000   36.000        0.0671
  22.000   36.000        0.0222
  23.000   36.000        0.0000
  24.000   36.000        0.0000
  25.000   36.000        0.0134
  26.000   36.000        0.0565
  27.000   36.000        0.0022
  28.000   36.000        0.0000
  29.000   36.000        0.0158
  30.000   36.000        0.2214
  31.000   36.000        0.2516
  32.000   36.000        0.3591
  33.000   36.000        0.0000
  34.000   36.000        0.0000
  35.000   36.000        0.0000
  36.000   36.000        0.0000
  37.000   36.000        0.0000
  38.000   36.000        0.0000
  39.000   36.000        0.0000
  40.000   36.000        0.0000
  41.000   36.000        0.0750
  42.000   36.000        0.0000
  43.000   36.000        0.0180
  44.000   36.000        0.0002
  45.000   36.000        0.0020
  46.000   36.000        0.0021
  47.000   36.000        0.0026
   1.000   37.000        0.0001
   2.000   37.000        0.0037
   3.000   37.000        0.0106
   4.000   37.000        0.0000
   5.000   37.000        0.0000
   6.000   37.000        0.0045
   7.000   37.000        0.0000
   8.000   37.000        0.0000
   9.000   37.000        0.0000
  10.000   37.000        0.0000
  11.000   37.000        0.0000
  12.000   37.000        0.0000
  13.000   37.000        0.0000
  14.000   37.000        0.0000
  15.000   37.000        0.0000
  16.000   37.000        0.0000
  17.000   37.000        0.0000
  18.000   37.000        0.0000
  19.000   37.000        0.0000
  20.000   37.000        0.0000
  21.000   37.000        0.0010
  22.000   37.000        0.0000
  23.000   37.000        0.0000
  24.000   37.000        0.0000
  25.000   37.000        0.0000
  26.000   37.000        0.0099
  27.000   37.000        0.0000
  28.000   37.000        0.0000
  29.000   37.000        0.0019
  30.000   37.000        0.2801
  31.000   37.000        0.4298
  32.000   37.000        0.3625
  33.000   37.000        0.8101
  34.000   37.000        0.0000
  35.000   37.000        0.0000
  36.000   37.000        0.0000
  37.000   37.000        0.0000
  38.000   37.000        0.0000
  39.000   37.000        0.0000
  40.000   37.000        0.0000
  41.000   37.000        0.5576
  42.000   37.000        0.0037
  43.000   37.000        0.0433
  44.000   37.000        0.1206
  45.000   37.000        0.0017
  46.000   37.000        0.0003
  47.000   37.000        0.0082
   1.000   38.000        0.0000
   2.000   38.000        0.0000
   3.000   38.000        0.0920
   4.000   38.000        0.0000
   5.000   38.000        0.0000
   6.000   38.000        0.0222
   7.000   38.000        0.0058
   8.000   38.000        0.0000
   9.000   38.000        0.0000
  10.000   38.000        0.0000
  11.000   38.000        0.0000
  12.000   38.000        0.0000
  13.000   38.000        0.0000
  14.000   38.000        0.0000
  15.000   38.000        0.0000
  16.000   38.000        0.0000
  17.000   38.000        0.0000
  18.000   38.000        0.0000
  19.000   38.000        0.0000
  20.000   38.000        0.0000
  21.000   38.000        0.0000
  22.000   38.000        0.0000
  23.000   38.000        0.0000
  24.000   38.000        0.0000
  25.000   38.000        0.0000
  26.000   38.000        0.0002
  27.000   38.000        0.0000
  28.000   38.000        0.0000
  29.000   38.000        0.0000
  30.000   38.000        0.0007
  31.000   38.000        0.0005
  32.000   38.000        0.0012
  33.000   38.000        0.0092
  34.000   38.000        0.0000
  35.000   38.000        0.0000
  36.000   38.000        0.0000
  37.000   38.000        0.0000
  38.000   38.000        0.0000
  39.000   38.000        0.0000
  40.000   38.000        0.0000
  41.000   38.000        0.0000
  42.000   38.000        0.4056
  43.000   38.000        0.0074
  44.000   38.000        0.1023
  45.000   38.000        0.0000
  46.000   38.000        0.0002
  47.000   38.000        0.0006
   1.000   39.000        0.0000
   2.000   39.000        0.0708
   3.000   39.000        0.1405
   4.000   39.000        0.0173
   5.000   39.000        0.0000
   6.000   39.000        0.0014
   7.000   39.000        0.0000
   8.000   39.000        0.0000
   9.000   39.000        0.0001
  10.000   39.000        0.0000
  11.000   39.000        0.0000
  12.000   39.000        0.0000
  13.000   39.000        0.0000
  14.000   39.000        0.0000
  15.000   39.000        0.0000
  16.000   39.000        0.0000
  17.000   39.000        0.0000
  18.000   39.000        0.0000
  19.000   39.000        0.0000
  20.000   39.000        0.0000
  21.000   39.000        0.0217
  22.000   39.000        0.0108
  23.000   39.000        0.0000
  24.000   39.000        0.0000
  25.000   39.000        0.0000
  26.000   39.000        0.0027
  27.000   39.000        0.0025
  28.000   39.000        0.0000
  29.000   39.000        0.0002
  30.000   39.000        0.0155
  31.000   39.000        0.0000
  32.000   39.000        0.0000
  33.000   39.000        0.0000
  34.000   39.000        0.0217
  35.000   39.000        0.0000
  36.000   39.000        0.0000
  37.000   39.000        0.0000
  38.000   39.000        0.0000
  39.000   39.000        0.0000
  40.000   39.000        0.0000
  41.000   39.000        0.0000
  42.000   39.000        0.7664
  43.000   39.000        0.6478
  44.000   39.000        0.0120
  45.000   39.000        0.0049
  46.000   39.000        0.0135
  47.000   39.000        0.0074
   1.000   40.000        0.0000
   2.000   40.000        0.0027
   3.000   40.000        0.0256
   4.000   40.000        0.0028
   5.000   40.000        0.0001
   6.000   40.000        0.0039
   7.000   40.000        0.0000
   8.000   40.000        0.0000
   9.000   40.000        0.0000
  10.000   40.000        0.0000
  11.000   40.000        0.0000
  12.000   40.000        0.0000
  13.000   40.000        0.0055
  14.000   40.000        0.0000
  15.000   40.000        0.0000
  16.000   40.000        0.0014
  17.000   40.000        0.0059
  18.000   40.000        0.0000
  19.000   40.000        0.0000
  20.000   40.000        0.0000
  21.000   40.000        0.0072
  22.000   40.000        0.0307
  23.000   40.000        0.0250
  24.000   40.000        0.0000
  25.000   40.000        0.0000
  26.000   40.000        0.0075
  27.000   40.000        0.0004
  28.000   40.000        0.0020
  29.000   40.000        0.0420
  30.000   40.000        0.0570
  31.000   40.000        0.0200
  32.000   40.000        0.0000
  33.000   40.000        0.0000
  34.000   40.000        0.0000
  35.000   40.000        0.0000
  36.000   40.000        0.0000
  37.000   40.000        0.0000
  38.000   40.000        0.0000
  39.000   40.000        0.0000
  40.000   40.000        0.0000
  41.000   40.000        0.0000
  42.000   40.000        0.0000
  43.000   40.000        0.0000
  44.000   40.000        0.0000
  45.000   40.000        0.1390
  46.000   40.000        0.1420
  47.000   40.000        0.0268
   1.000   41.000        0.0000
   2.000   41.000        0.0000
   3.000   41.000        0.0260
   4.000   41.000        0.0018
   5.000   41.000        0.0000
   6.000   41.000        0.0089
   7.000   41.000        0.0074
   8.000   41.000        0.0000
   9.000   41.000        0.0037
  10.000   41.000        0.0002
  11.000   41.000        0.0000
  12.000   41.000        0.0000
  13.000   41.000        0.0042
  14.000   41.000        0.0006
  15.000   41.000        0.0000
  16.000   41.000        0.0000
  17.000   41.000        0.0002
  18.000   41.000        0.0000
  19.000   41.000        0.0000
  20.000   41.000        0.0000
  21.000   41.000        0.0000
  22.000   41.000        0.0000
  23.000   41.000        0.0026
  24.000   41.000        0.0000
  25.000   41.000        0.0000
  26.000   41.000        0.0017
  27.000   41.000        0.0000
  28.000   41.000        0.0000
  29.000   41.000        0.0000
  30.000   41.000        0.0001
  31.000   41.000        0.0004
  32.000   41.000        0.0000
  33.000   41.000        0.0000
  34.000   41.000        0.0000
  35.000   41.000        0.0001
  36.000   41.000        0.0750
  37.000   41.000        0.5576
  38.000   41.000        0.0000
  39.000   41.000        0.0000
  40.000   41.000        0.0000
  41.000   41.000        0.0000
  42.000   41.000        0.0000
  43.000   41.000        0.0000
  44.000   41.000        0.0000
  45.000   41.000        0.0730
  46.000   41.000        0.1144
  47.000   41.000        0.0682
   1.000   42.000        0.0006
   2.000   42.000        0.0001
   3.000   42.000        0.0119
   4.000   42.000        0.0081
   5.000   42.000        0.0000
   6.000   42.000        0.0001
   7.000   42.000        0.0045
   8.000   42.000        0.0000
   9.000   42.000        0.0000
  10.000   42.000        0.0000
  11.000   42.000        0.0000
  12.000   42.000        0.0000
  13.000   42.000        0.0012
  14.000   42.000        0.0000
  15.000   42.000        0.0000
  16.000   42.000        0.0000
  17.000   42.000        0.0000
  18.000   42.000        0.0000
  19.000   42.000        0.0000
  20.000   42.000        0.0000
  21.000   42.000        0.0000
  22.000   42.000        0.0000
  23.000   42.000        0.0041
  24.000   42.000        0.0000
  25.000   42.000        0.0000
  26.000   42.000        0.0015
  27.000   42.000        0.0008
  28.000   42.000        0.0000
  29.000   42.000        0.0000
  30.000   42.000        0.0027
  31.000   42.000        0.0000
  32.000   42.000        0.0000
  33.000   42.000        0.0000
  34.000   42.000        0.0000
  35.000   42.000        0.0001
  36.000   42.000        0.0000
  37.000   42.000        0.0037
  38.000   42.000        0.4056
  39.000   42.000        0.7664
  40.000   42.000        0.0000
  41.000   42.000        0.0000
  42.000   42.000        0.0000
  43.000   42.000        0.0000
  44.000   42.000        0.0000
  45.000   42.000        0.3980
  46.000   42.000        0.1602
  47.000   42.000        0.0361
   1.000   43.000        0.0084
   2.000   43.000        0.0026
   3.000   43.000        0.0054
   4.000   43.000        0.0016
   5.000   43.000        0.0000
   6.000   43.000        0.0061
   7.000   43.000        0.0152
   8.000   43.000        0.0000
   9.000   43.000        0.0030
  10.000   43.000        0.0002
  11.000   43.000        0.0000
  12.000   43.000        0.0000
  13.000   43.000        0.0545
  14.000   43.000        0.0000
  15.000   43.000        0.0000
  16.000   43.000        0.0002
  17.000   43.000        0.0000
  18.000   43.000        0.0000
  19.000   43.000        0.0000
  20.000   43.000        0.0000
  21.000   43.000        0.0000
  22.000   43.000        0.0000
  23.000   43.000        0.0000
  24.000   43.000        0.0000
  25.000   43.000        0.0000
  26.000   43.000        0.0082
  27.000   43.000        0.0001
  28.000   43.000        0.0000
  29.000   43.000        0.0000
  30.000   43.000        0.0258
  31.000   43.000        0.0136
  32.000   43.000        0.0000
  33.000   43.000        0.0000
  34.000   43.000        0.0000
  35.000   43.000        0.0032
  36.000   43.000        0.0180
  37.000   43.000        0.0433
  38.000   43.000        0.0074
  39.000   43.000        0.6478
  40.000   43.000        0.0000
  41.000   43.000        0.0000
  42.000   43.000        0.0000
  43.000   43.000        0.0000
  44.000   43.000        0.0000
  45.000   43.000        0.0000
  46.000   43.000        0.0000
  47.000   43.000        0.0917
   1.000   44.000        0.0418
   2.000   44.000        0.0070
   3.000   44.000        0.0200
   4.000   44.000        0.0000
   5.000   44.000        0.0000
   6.000   44.000        0.0589
   7.000   44.000        0.0019
   8.000   44.000        0.0000
   9.000   44.000        0.0726
  10.000   44.000        0.0754
  11.000   44.000        0.0000
  12.000   44.000        0.0054
  13.000   44.000        0.0694
  14.000   44.000        0.0011
  15.000   44.000        0.0000
  16.000   44.000        0.0000
  17.000   44.000        0.0001
  18.000   44.000        0.0000
  19.000   44.000        0.0000
  20.000   44.000        0.0000
  21.000   44.000        0.0000
  22.000   44.000        0.0000
  23.000   44.000        0.0000
  24.000   44.000        0.0000
  25.000   44.000        0.0000
  26.000   44.000        0.0000
  27.000   44.000        0.0000
  28.000   44.000        0.0000
  29.000   44.000        0.0007
  30.000   44.000        0.0086
  31.000   44.000        0.0455
  32.000   44.000        0.0000
  33.000   44.000        0.0001
  34.000   44.000        0.0101
  35.000   44.000        0.0000
  36.000   44.000        0.0002
  37.000   44.000        0.1206
  38.000   44.000        0.1023
  39.000   44.000        0.0120
  40.000   44.000        0.0000
  41.000   44.000        0.0000
  42.000   44.000        0.0000
  43.000   44.000        0.0000
  44.000   44.000        0.0000
  45.000   44.000        0.0000
  46.000   44.000        0.0000
  47.000   44.000        0.0597
   1.000   45.000        0.0165
   2.000   45.000        0.0135
   3.000   45.000        0.0031
   4.000   45.000        0.0000
   5.000   45.000        0.0000
   6.000   45.000        0.0057
   7.000   45.000        0.0006
   8.000   45.000        0.0000
   9.000   45.000        0.0012
  10.000   45.000        0.0016
  11.000   45.000        0.0000
  12.000   45.000        0.0000
  13.000   45.000        0.0001
  14.000   45.000        0.0000
  15.000   45.000        0.0000
  16.000   45.000        0.0000
  17.000   45.000        0.0000
  18.000   45.000        0.0000
  19.000   45.000        0.0000
  20.000   45.000        0.0000
  21.000   45.000        0.0000
  22.000   45.000        0.0000
  23.000   45.000        0.0000
  24.000   45.000        0.0000
  25.000   45.000        0.0000
  26.000   45.000        0.0000
  27.000   45.000        0.0003
  28.000   45.000        0.0000
  29.000   45.000        0.0000
  30.000   45.000        0.0032
  31.000   45.000        0.0029
  32.000   45.000        0.0000
  33.000   45.000        0.0000
  34.000   45.000        0.0002
  35.000   45.000        0.0000
  36.000   45.000        0.0020
  37.000   45.000        0.0017
  38.000   45.000        0.0000
  39.000   45.000        0.0049
  40.000   45.000        0.1390
  41.000   45.000        0.0730
  42.000   45.000        0.3980
  43.000   45.000        0.0000
  44.000   45.000        0.0000
  45.000   45.000        0.0000
  46.000   45.000        0.0000
  47.000   45.000        0.0000
   1.000   46.000        0.0339
   2.000   46.000        0.0006
   3.000   46.000        0.0056
   4.000   46.000        0.0000
   5.000   46.000        0.0000
   6.000   46.000        0.0024
   7.000   46.000        0.0036
   8.000   46.000        0.0002
   9.000   46.000        0.0019
  10.000   46.000        0.0060
  11.000   46.000        0.0000
  12.000   46.000        0.0000
  13.000   46.000        0.0000
  14.000   46.000        0.0002
  15.000   46.000        0.0000
  16.000   46.000        0.0000
  17.000   46.000        0.0000
  18.000   46.000        0.0000
  19.000   46.000        0.0000
  20.000   46.000        0.0000
  21.000   46.000        0.0000
  22.000   46.000        0.0000
  23.000   46.000        0.0044
  24.000   46.000        0.0021
  25.000   46.000        0.0000
  26.000   46.000        0.0082
  27.000   46.000        0.0074
  28.000   46.000        0.0000
  29.000   46.000        0.0008
  30.000   46.000        0.0240
  31.000   46.000        0.0206
  32.000   46.000        0.0008
  33.000   46.000        0.0000
  34.000   46.000        0.0000
  35.000   46.000        0.0000
  36.000   46.000        0.0021
  37.000   46.000        0.0003
  38.000   46.000        0.0002
  39.000   46.000        0.0135
  40.000   46.000        0.1420
  41.000   46.000        0.1144
  42.000   46.000        0.1602
  43.000   46.000        0.0000
  44.000   46.000        0.0000
  45.000   46.000        0.0000
  46.000   46.000        0.0000
  47.000   46.000        0.0000
   1.000   47.000        0.0471
   2.000   47.000        0.0130
   3.000   47.000        0.0105
   4.000   47.000        0.0000
   5.000   47.000        0.0011
   6.000   47.000        0.0090
   7.000   47.000        0.0035
   8.000   47.000        0.0000
   9.000   47.000        0.0040
  10.000   47.000        0.0083
  11.000   47.000        0.0006
  12.000   47.000        0.0000
  13.000   47.000        0.0000
  14.000   47.000        0.0006
  15.000   47.000        0.0000
  16.000   47.000        0.0000
  17.000   47.000        0.0000
  18.000   47.000        0.0000
  19.000   47.000        0.0000
  20.000   47.000        0.0001
  21.000   47.000        0.0000
  22.000   47.000        0.0000
  23.000   47.000        0.0100
  24.000   47.000        0.0057
  25.000   47.000        0.0000
  26.000   47.000        0.0050
  27.000   47.000        0.0171
  28.000   47.000        0.0000
  29.000   47.000        0.0004
  30.000   47.000        0.0135
  31.000   47.000        0.0074
  32.000   47.000        0.0016
  33.000   47.000        0.0004
  34.000   47.000        0.0000
  35.000   47.000        0.0000
  36.000   47.000        0.0026
  37.000   47.000        0.0082
  38.000   47.000        0.0006
  39.000   47.000        0.0074
  40.000   47.000        0.0268
  41.000   47.000        0.0682
  42.000   47.000        0.0361
  43.000   47.000        0.0917
  44.000   47.000        0.0597
  45.000   47.000        0.0000
  46.000   47.000        0.0000
  47.000   47.000        0.0000
