#Residue Residue Contacts_00007[nonnatmap]
   1.000    1.000        0.0000
   2.000    1.000        0.0000
   3.000    1.000        0.0000
   4.000    1.000        0.0000
   5.000    1.000        0.0000
   6.000    1.000        0.0007
   7.000    1.000        0.0000
   8.000    1.000        0.0058
   9.000    1.000        0.0138
  10.000    1.000        0.0000
  11.000    1.000        0.0000
  12.000    1.000        0.0749
  13.000    1.000        0.0182
  14.000    1.000        0.0000
  15.000    1.000        0.0002
  16.000    1.000        0.0421
  17.000    1.000        0.0008
  18.000    1.000        0.0000
  19.000    1.000        0.0000
  20.000    1.000        0.0017
  21.000    1.000        0.0002
  22.000    1.000        0.0000
  23.000    1.000        0.0000
  24.000    1.000        0.0012
  25.000    1.000        0.0000
  26.000    1.000        0.0002
  27.000    1.000        0.0049
  28.000    1.000        0.0220
  29.000    1.000        0.0024
  30.000    1.000        0.0028
  31.000    1.000        0.0502
  32.000    1.000        0.1000
  33.000    1.000        0.0001
  34.000    1.000        0.0030
  35.000    1.000        0.0011
  36.000    1.000        0.0001
  37.000    1.000        0.0001
  38.000    1.000        0.0000
  39.000    1.000        0.0003
  40.000    1.000        0.0208
  41.000    1.000        0.1184
  42.000    1.000        0.2345
  43.000    1.000        0.1767
  44.000    1.000        0.2528
  45.000    1.000        0.1828
  46.000    1.000        0.1728
  47.000    1.000        0.1737
   1.000    2.000        0.0000
   2.000    2.000        0.0000
   3.000    2.000        0.0000
   4.000    2.000        0.0000
   5.000    2.000        0.0000
   6.000    2.000        0.0000
   7.000    2.000        0.0095
   8.000    2.000        0.0005
   9.000    2.000        0.1486
  10.000    2.000        0.0000
  11.000    2.000        0.0000
  12.000    2.000        0.1204
  13.000    2.000        0.1309
  14.000    2.000        0.0007
  15.000    2.000        0.0038
  16.000    2.000        0.1060
  17.000    2.000        0.0068
  18.000    2.000        0.0000
  19.000    2.000        0.0000
  20.000    2.000        0.0007
  21.000    2.000        0.0000
  22.000    2.000        0.0001
  23.000    2.000        0.0000
  24.000    2.000        0.0000
  25.000    2.000        0.0000
  26.000    2.000        0.0043
  27.000    2.000        0.0123
  28.000    2.000        0.0000
  29.000    2.000        0.0680
  30.000    2.000        0.0456
  31.000    2.000        0.0484
  32.000    2.000        0.1349
  33.000    2.000        0.0004
  34.000    2.000        0.0032
  35.000    2.000        0.0016
  36.000    2.000        0.0024
  37.000    2.000        0.0343
  38.000    2.000        0.0002
  39.000    2.000        0.0001
  40.000    2.000        0.0892
  41.000    2.000        0.1088
  42.000    2.000        0.1762
  43.000    2.000        0.1779
  44.000    2.000        0.0946
  45.000    2.000        0.0769
  46.000    2.000        0.0620
  47.000    2.000        0.0285
   1.000    3.000        0.0000
   2.000    3.000        0.0000
   3.000    3.000        0.0000
   4.000    3.000        0.0000
   5.000    3.000        0.0000
   6.000    3.000        0.0000
   7.000    3.000        0.0000
   8.000    3.000        0.0005
   9.000    3.000        0.0003
  10.000    3.000        0.0000
  11.000    3.000        0.0000
  12.000    3.000        0.0000
  13.000    3.000        0.0091
  14.000    3.000        0.0083
  15.000    3.000        0.0271
  16.000    3.000        0.0010
  17.000    3.000        0.0000
  18.000    3.000        0.0000
  19.000    3.000        0.0000
  20.000    3.000        0.0000
  21.000    3.000        0.0000
  22.000    3.000        0.0000
  23.000    3.000        0.0000
  24.000    3.000        0.0000
  25.000    3.000        0.0000
  26.000    3.000        0.0289
  27.000    3.000        0.0768
  28.000    3.000        0.1567
  29.000    3.000        0.1546
  30.000    3.000        0.1795
  31.000    3.000        0.1410
  32.000    3.000        0.1525
  33.000    3.000        0.0332
  34.000    3.000        0.0000
  35.000    3.000        0.0000
  36.000    3.000        0.0000
  37.000    3.000        0.0144
  38.000    3.000        0.0000
  39.000    3.000        0.0000
  40.000    3.000        0.0331
  41.000    3.000        0.0376
  42.000    3.000        0.0128
  43.000    3.000        0.1417
  44.000    3.000        0.0446
  45.000    3.000        0.0123
  46.000    3.000        0.0024
  47.000    3.000        0.0018
   1.000    4.000        0.0000
   2.000    4.000        0.0000
   3.000    4.000        0.0000
   4.000    4.000        0.0000
   5.000    4.000        0.0000
   6.000    4.000        0.0000
   7.000    4.000        0.0000
   8.000    4.000        0.0914
   9.000    4.000        0.0000
  10.000    4.000        0.0000
  11.000    4.000        0.0000
  12.000    4.000        0.0002
  13.000    4.000        0.0086
  14.000    4.000        0.0004
  15.000    4.000        0.0700
  16.000    4.000        0.0003
  17.000    4.000        0.0014
  18.000    4.000        0.0001
  19.000    4.000        0.0120
  20.000    4.000        0.0009
  21.000    4.000        0.0000
  22.000    4.000        0.0007
  23.000    4.000        0.0001
  24.000    4.000        0.0221
  25.000    4.000        0.0046
  26.000    4.000        0.0106
  27.000    4.000        0.0109
  28.000    4.000        0.0225
  29.000    4.000        0.0380
  30.000    4.000        0.1237
  31.000    4.000        0.0474
  32.000    4.000        0.0172
  33.000    4.000        0.0020
  34.000    4.000        0.0000
  35.000    4.000        0.0000
  36.000    4.000        0.0000
  37.000    4.000        0.0472
  38.000    4.000        0.0117
  39.000    4.000        0.0000
  40.000    4.000        0.0288
  41.000    4.000        0.0150
  42.000    4.000        0.0231
  43.000    4.000        0.0753
  44.000    4.000        0.0492
  45.000    4.000        0.0007
  46.000    4.000        0.0005
  47.000    4.000        0.0007
   1.000    5.000        0.0000
   2.000    5.000        0.0000
   3.000    5.000        0.0000
   4.000    5.000        0.0000
   5.000    5.000        0.0000
   6.000    5.000        0.0000
   7.000    5.000        0.0000
   8.000    5.000        0.3301
   9.000    5.000        0.0000
  10.000    5.000        0.0000
  11.000    5.000        0.0005
  12.000    5.000        0.0053
  13.000    5.000        0.0000
  14.000    5.000        0.0006
  15.000    5.000        0.0384
  16.000    5.000        0.0046
  17.000    5.000        0.0159
  18.000    5.000        0.0000
  19.000    5.000        0.0004
  20.000    5.000        0.0154
  21.000    5.000        0.0000
  22.000    5.000        0.0000
  23.000    5.000        0.0000
  24.000    5.000        0.0003
  25.000    5.000        0.0001
  26.000    5.000        0.0626
  27.000    5.000        0.0809
  28.000    5.000        0.0434
  29.000    5.000        0.0732
  30.000    5.000        0.1780
  31.000    5.000        0.0989
  32.000    5.000        0.0250
  33.000    5.000        0.0000
  34.000    5.000        0.0000
  35.000    5.000        0.0000
  36.000    5.000        0.0000
  37.000    5.000        0.0143
  38.000    5.000        0.0080
  39.000    5.000        0.0000
  40.000    5.000        0.0001
  41.000    5.000        0.0000
  42.000    5.000        0.0010
  43.000    5.000        0.0026
  44.000    5.000        0.0068
  45.000    5.000        0.0000
  46.000    5.000        0.0000
  47.000    5.000        0.0000
   1.000    6.000        0.0007
   2.000    6.000        0.0000
   3.000    6.000        0.0000
   4.000    6.000        0.0000
   5.000    6.000        0.0000
   6.000    6.000        0.0000
   7.000    6.000        0.0000
   8.000    6.000        0.0000
   9.000    6.000        0.0000
  10.000    6.000        0.0425
  11.000    6.000        0.0000
  12.000    6.000        0.0004
  13.000    6.000        0.0951
  14.000    6.000        0.0174
  15.000    6.000        0.0428
  16.000    6.000        0.0485
  17.000    6.000        0.0468
  18.000    6.000        0.0000
  19.000    6.000        0.0001
  20.000    6.000        0.0012
  21.000    6.000        0.0003
  22.000    6.000        0.0000
  23.000    6.000        0.0000
  24.000    6.000        0.0000
  25.000    6.000        0.0001
  26.000    6.000        0.0826
  27.000    6.000        0.0694
  28.000    6.000        0.0064
  29.000    6.000        0.0308
  30.000    6.000        0.1225
  31.000    6.000        0.0685
  32.000    6.000        0.0136
  33.000    6.000        0.0079
  34.000    6.000        0.0047
  35.000    6.000        0.0000
  36.000    6.000        0.0000
  37.000    6.000        0.0146
  38.000    6.000        0.0113
  39.000    6.000        0.0000
  40.000    6.000        0.0000
  41.000    6.000        0.0000
  42.000    6.000        0.0000
  43.000    6.000        0.0001
  44.000    6.000        0.0028
  45.000    6.000        0.0000
  46.000    6.000        0.0000
  47.000    6.000        0.0000
   1.000    7.000        0.0000
   2.000    7.000        0.0095
   3.000    7.000        0.0000
   4.000    7.000        0.0000
   5.000    7.000        0.0000
   6.000    7.000        0.0000
   7.000    7.000        0.0000
   8.000    7.000        0.0000
   9.000    7.000        0.0000
  10.000    7.000        0.3198
  11.000    7.000        0.2126
  12.000    7.000        0.0655
  13.000    7.000        0.0888
  14.000    7.000        0.0013
  15.000    7.000        0.0002
  16.000    7.000        0.0368
  17.000    7.000        0.0010
  18.000    7.000        0.0000
  19.000    7.000        0.0000
  20.000    7.000        0.0000
  21.000    7.000        0.0005
  22.000    7.000        0.0000
  23.000    7.000        0.0000
  24.000    7.000        0.0000
  25.000    7.000        0.0000
  26.000    7.000        0.0014
  27.000    7.000        0.0321
  28.000    7.000        0.0394
  29.000    7.000        0.0202
  30.000    7.000        0.0231
  31.000    7.000        0.0364
  32.000    7.000        0.0001
  33.000    7.000        0.0000
  34.000    7.000        0.0076
  35.000    7.000        0.0000
  36.000    7.000        0.0000
  37.000    7.000        0.0000
  38.000    7.000        0.0000
  39.000    7.000        0.0000
  40.000    7.000        0.0000
  41.000    7.000        0.0000
  42.000    7.000        0.0000
  43.000    7.000        0.0000
  44.000    7.000        0.0000
  45.000    7.000        0.0000
  46.000    7.000        0.0000
  47.000    7.000        0.0000
   1.000    8.000        0.0058
   2.000    8.000        0.0005
   3.000    8.000        0.0005
   4.000    8.000        0.0914
   5.000    8.000        0.3301
   6.000    8.000        0.0000
   7.000    8.000        0.0000
   8.000    8.000        0.0000
   9.000    8.000        0.0000
  10.000    8.000        0.0000
  11.000    8.000        0.5851
  12.000    8.000        0.0000
  13.000    8.000        0.1872
  14.000    8.000        0.0241
  15.000    8.000        0.0000
  16.000    8.000        0.0000
  17.000    8.000        0.0000
  18.000    8.000        0.0000
  19.000    8.000        0.0000
  20.000    8.000        0.0000
  21.000    8.000        0.0001
  22.000    8.000        0.0000
  23.000    8.000        0.0000
  24.000    8.000        0.0000
  25.000    8.000        0.0000
  26.000    8.000        0.0036
  27.000    8.000        0.0102
  28.000    8.000        0.0006
  29.000    8.000        0.0005
  30.000    8.000        0.0002
  31.000    8.000        0.0000
  32.000    8.000        0.0001
  33.000    8.000        0.0004
  34.000    8.000        0.0000
  35.000    8.000        0.0000
  36.000    8.000        0.0000
  37.000    8.000        0.0000
  38.000    8.000        0.0000
  39.000    8.000        0.0000
  40.000    8.000        0.0000
  41.000    8.000        0.0000
  42.000    8.000        0.0000
  43.000    8.000        0.0000
  44.000    8.000        0.0002
  45.000    8.000        0.0000
  46.000    8.000        0.0000
  47.000    8.000        0.0000
   1.000    9.000        0.0138
   2.000    9.000        0.1486
   3.000    9.000        0.0003
   4.000    9.000        0.0000
   5.000    9.000        0.0000
   6.000    9.000        0.0000
   7.000    9.000        0.0000
   8.000    9.000        0.0000
   9.000    9.000        0.0000
  10.000    9.000        0.0000
  11.000    9.000        0.0000
  12.000    9.000        0.0000
  13.000    9.000        0.0000
  14.000    9.000        0.1297
  15.000    9.000        0.0008
  16.000    9.000        0.0204
  17.000    9.000        0.0791
  18.000    9.000        0.0236
  19.000    9.000        0.0011
  20.000    9.000        0.0172
  21.000    9.000        0.0105
  22.000    9.000        0.0000
  23.000    9.000        0.0000
  24.000    9.000        0.0039
  25.000    9.000        0.0131
  26.000    9.000        0.0045
  27.000    9.000        0.0008
  28.000    9.000        0.0046
  29.000    9.000        0.0019
  30.000    9.000        0.0010
  31.000    9.000        0.0001
  32.000    9.000        0.0000
  33.000    9.000        0.0000
  34.000    9.000        0.0000
  35.000    9.000        0.0000
  36.000    9.000        0.0000
  37.000    9.000        0.0000
  38.000    9.000        0.0000
  39.000    9.000        0.0000
  40.000    9.000        0.0000
  41.000    9.000        0.0000
  42.000    9.000        0.0000
  43.000    9.000        0.0000
  44.000    9.000        0.0000
  45.000    9.000        0.0000
  46.000    9.000        0.0000
  47.000    9.000        0.0000
   1.000   10.000        0.0000
   2.000   10.000        0.0000
   3.000   10.000        0.0000
   4.000   10.000        0.0000
   5.000   10.000        0.0000
   6.000   10.000        0.0425
   7.000   10.000        0.3198
   8.000   10.000        0.0000
   9.000   10.000        0.0000
  10.000   10.000        0.0000
  11.000   10.000        0.0000
  12.000   10.000        0.0000
  13.000   10.000        0.0000
  14.000   10.000        0.0000
  15.000   10.000        0.0066
  16.000   10.000        0.0173
  17.000   10.000        0.0026
  18.000   10.000        0.0017
  19.000   10.000        0.0000
  20.000   10.000        0.0048
  21.000   10.000        0.0016
  22.000   10.000        0.0000
  23.000   10.000        0.0000
  24.000   10.000        0.0057
  25.000   10.000        0.0078
  26.000   10.000        0.0007
  27.000   10.000        0.0000
  28.000   10.000        0.0000
  29.000   10.000        0.0000
  30.000   10.000        0.0000
  31.000   10.000        0.0001
  32.000   10.000        0.0000
  33.000   10.000        0.0000
  34.000   10.000        0.0000
  35.000   10.000        0.0000
  36.000   10.000        0.0000
  37.000   10.000        0.0000
  38.000   10.000        0.0000
  39.000   10.000        0.0000
  40.000   10.000        0.0004
  41.000   10.000        0.0011
  42.000   10.000        0.0000
  43.000   10.000        0.0003
  44.000   10.000        0.0000
  45.000   10.000        0.0000
  46.000   10.000        0.0000
  47.000   10.000        0.0000
   1.000   11.000        0.0000
   2.000   11.000        0.0000
   3.000   11.000        0.0000
   4.000   11.000        0.0000
   5.000   11.000        0.0005
   6.000   11.000        0.0000
   7.000   11.000        0.2126
   8.000   11.000        0.5851
   9.000   11.000        0.0000
  10.000   11.000        0.0000
  11.000   11.000        0.0000
  12.000   11.000        0.0000
  13.000   11.000        0.0000
  14.000   11.000        0.0000
  15.000   11.000        0.0773
  16.000   11.000        0.0000
  17.000   11.000        0.0000
  18.000   11.000        0.0000
  19.000   11.000        0.0000
  20.000   11.000        0.0000
  21.000   11.000        0.0000
  22.000   11.000        0.0000
  23.000   11.000        0.0000
  24.000   11.000        0.0000
  25.000   11.000        0.0002
  26.000   11.000        0.0000
  27.000   11.000        0.0000
  28.000   11.000        0.0000
  29.000   11.000        0.0000
  30.000   11.000        0.0000
  31.000   11.000        0.0000
  32.000   11.000        0.0000
  33.000   11.000        0.0000
  34.000   11.000        0.0000
  35.000   11.000        0.0000
  36.000   11.000        0.0000
  37.000   11.000        0.0000
  38.000   11.000        0.0000
  39.000   11.000        0.0000
  40.000   11.000        0.0000
  41.000   11.000        0.0007
  42.000   11.000        0.0000
  43.000   11.000        0.0000
  44.000   11.000        0.0000
  45.000   11.000        0.0000
  46.000   11.000        0.0000
  47.000   11.000        0.0000
   1.000   12.000        0.0749
   2.000   12.000        0.1204
   3.000   12.000        0.0000
   4.000   12.000        0.0002
   5.000   12.000        0.0053
   6.000   12.000        0.0004
   7.000   12.000        0.0655
   8.000   12.000        0.0000
   9.000   12.000        0.0000
  10.000   12.000        0.0000
  11.000   12.000        0.0000
  12.000   12.000        0.0000
  13.000   12.000        0.0000
  14.000   12.000        0.0000
  15.000   12.000        0.2522
  16.000   12.000        0.1617
  17.000   12.000        0.0115
  18.000   12.000        0.0001
  19.000   12.000        0.0202
  20.000   12.000        0.0397
  21.000   12.000        0.0007
  22.000   12.000        0.0000
  23.000   12.000        0.0000
  24.000   12.000        0.0166
  25.000   12.000        0.0078
  26.000   12.000        0.0000
  27.000   12.000        0.0002
  28.000   12.000        0.0016
  29.000   12.000        0.0002
  30.000   12.000        0.0000
  31.000   12.000        0.0000
  32.000   12.000        0.0000
  33.000   12.000        0.0000
  34.000   12.000        0.0000
  35.000   12.000        0.0000
  36.000   12.000        0.0000
  37.000   12.000        0.0000
  38.000   12.000        0.0000
  39.000   12.000        0.0000
  40.000   12.000        0.0000
  41.000   12.000        0.0000
  42.000   12.000        0.0000
  43.000   12.000        0.0000
  44.000   12.000        0.0000
  45.000   12.000        0.0000
  46.000   12.000        0.0000
  47.000   12.000        0.0000
   1.000   13.000        0.0182
   2.000   13.000        0.1309
   3.000   13.000        0.0091
   4.000   13.000        0.0086
   5.000   13.000        0.0000
   6.000   13.000        0.0951
   7.000   13.000        0.0888
   8.000   13.000        0.1872
   9.000   13.000        0.0000
  10.000   13.000        0.0000
  11.000   13.000        0.0000
  12.000   13.000        0.0000
  13.000   13.000        0.0000
  14.000   13.000        0.0000
  15.000   13.000        0.0000
  16.000   13.000        0.0000
  17.000   13.000        0.0000
  18.000   13.000        0.0745
  19.000   13.000        0.0375
  20.000   13.000        0.1067
  21.000   13.000        0.0196
  22.000   13.000        0.0000
  23.000   13.000        0.0000
  24.000   13.000        0.0110
  25.000   13.000        0.0020
  26.000   13.000        0.0000
  27.000   13.000        0.0000
  28.000   13.000        0.0000
  29.000   13.000        0.0013
  30.000   13.000        0.0003
  31.000   13.000        0.0000
  32.000   13.000        0.0000
  33.000   13.000        0.0000
  34.000   13.000        0.0000
  35.000   13.000        0.0000
  36.000   13.000        0.0000
  37.000   13.000        0.0000
  38.000   13.000        0.0000
  39.000   13.000        0.0000
  40.000   13.000        0.0000
  41.000   13.000        0.0000
  42.000   13.000        0.0000
  43.000   13.000        0.0000
  44.000   13.000        0.0000
  45.000   13.000        0.0010
  46.000   13.000        0.0010
  47.000   13.000        0.0000
   1.000   14.000        0.0000
   2.000   14.000        0.0007
   3.000   14.000        0.0083
   4.000   14.000        0.0004
   5.000   14.000        0.0006
   6.000   14.000        0.0174
   7.000   14.000        0.0013
   8.000   14.000        0.0241
   9.000   14.000        0.1297
  10.000   14.000        0.0000
  11.000   14.000        0.0000
  12.000   14.000        0.0000
  13.000   14.000        0.0000
  14.000   14.000        0.0000
  15.000   14.000        0.0000
  16.000   14.000        0.0000
  17.000   14.000        0.0000
  18.000   14.000        0.4345
  19.000   14.000        0.0980
  20.000   14.000        0.0103
  21.000   14.000        0.0000
  22.000   14.000        0.0000
  23.000   14.000        0.0000
  24.000   14.000        0.0000
  25.000   14.000        0.0000
  26.000   14.000        0.0000
  27.000   14.000        0.0000
  28.000   14.000        0.0056
  29.000   14.000        0.0000
  30.000   14.000        0.0000
  31.000   14.000        0.0000
  32.000   14.000        0.0000
  33.000   14.000        0.0000
  34.000   14.000        0.0000
  35.000   14.000        0.0000
  36.000   14.000        0.0000
  37.000   14.000        0.0000
  38.000   14.000        0.0000
  39.000   14.000        0.0000
  40.000   14.000        0.0000
  41.000   14.000        0.0000
  42.000   14.000        0.0000
  43.000   14.000        0.0000
  44.000   14.000        0.0000
  45.000   14.000        0.0000
  46.000   14.000        0.0012
  47.000   14.000        0.0000
   1.000   15.000        0.0002
   2.000   15.000        0.0038
   3.000   15.000        0.0271
   4.000   15.000        0.0700
   5.000   15.000        0.0384
   6.000   15.000        0.0428
   7.000   15.000        0.0002
   8.000   15.000        0.0000
   9.000   15.000        0.0008
  10.000   15.000        0.0066
  11.000   15.000        0.0773
  12.000   15.000        0.2522
  13.000   15.000        0.0000
  14.000   15.000        0.0000
  15.000   15.000        0.0000
  16.000   15.000        0.0000
  17.000   15.000        0.0000
  18.000   15.000        0.0000
  19.000   15.000        0.0000
  20.000   15.000        0.2508
  21.000   15.000        0.0129
  22.000   15.000        0.0032
  23.000   15.000        0.0000
  24.000   15.000        0.0077
  25.000   15.000        0.0005
  26.000   15.000        0.0000
  27.000   15.000        0.0039
  28.000   15.000        0.0218
  29.000   15.000        0.0105
  30.000   15.000        0.0000
  31.000   15.000        0.0000
  32.000   15.000        0.0000
  33.000   15.000        0.0000
  34.000   15.000        0.0000
  35.000   15.000        0.0000
  36.000   15.000        0.0000
  37.000   15.000        0.0000
  38.000   15.000        0.0000
  39.000   15.000        0.0000
  40.000   15.000        0.0000
  41.000   15.000        0.0000
  42.000   15.000        0.0000
  43.000   15.000        0.0000
  44.000   15.000        0.0004
  45.000   15.000        0.0000
  46.000   15.000        0.0000
  47.000   15.000        0.0000
   1.000   16.000        0.0421
   2.000   16.000        0.1060
   3.000   16.000        0.0010
   4.000   16.000        0.0003
   5.000   16.000        0.0046
   6.000   16.000        0.0485
   7.000   16.000        0.0368
   8.000   16.000        0.0000
   9.000   16.000        0.0204
  10.000   16.000        0.0173
  11.000   16.000        0.0000
  12.000   16.000        0.1617
  13.000   16.000        0.0000
  14.000   16.000        0.0000
  15.000   16.000        0.0000
  16.000   16.000        0.0000
  17.000   16.000        0.0000
  18.000   16.000        0.0000
  19.000   16.000        0.0000
  20.000   16.000        0.0000
  21.000   16.000        0.1508
  22.000   16.000        0.0499
  23.000   16.000        0.0002
  24.000   16.000        0.0002
  25.000   16.000        0.0010
  26.000   16.000        0.0010
  27.000   16.000        0.0000
  28.000   16.000        0.0060
  29.000   16.000        0.0000
  30.000   16.000        0.0000
  31.000   16.000        0.0000
  32.000   16.000        0.0000
  33.000   16.000        0.0000
  34.000   16.000        0.0000
  35.000   16.000        0.0000
  36.000   16.000        0.0000
  37.000   16.000        0.0000
  38.000   16.000        0.0000
  39.000   16.000        0.0000
  40.000   16.000        0.0000
  41.000   16.000        0.0000
  42.000   16.000        0.0000
  43.000   16.000        0.0000
  44.000   16.000        0.0000
  45.000   16.000        0.0000
  46.000   16.000        0.0000
  47.000   16.000        0.0000
   1.000   17.000        0.0008
   2.000   17.000        0.0068
   3.000   17.000        0.0000
   4.000   17.000        0.0014
   5.000   17.000        0.0159
   6.000   17.000        0.0468
   7.000   17.000        0.0010
   8.000   17.000        0.0000
   9.000   17.000        0.0791
  10.000   17.000        0.0026
  11.000   17.000        0.0000
  12.000   17.000        0.0115
  13.000   17.000        0.0000
  14.000   17.000        0.0000
  15.000   17.000        0.0000
  16.000   17.000        0.0000
  17.000   17.000        0.0000
  18.000   17.000        0.0000
  19.000   17.000        0.0000
  20.000   17.000        0.0000
  21.000   17.000        0.0000
  22.000   17.000        0.0312
  23.000   17.000        0.0004
  24.000   17.000        0.0085
  25.000   17.000        0.0662
  26.000   17.000        0.0317
  27.000   17.000        0.0025
  28.000   17.000        0.0539
  29.000   17.000        0.0052
  30.000   17.000        0.0009
  31.000   17.000        0.0000
  32.000   17.000        0.0095
  33.000   17.000        0.0092
  34.000   17.000        0.0022
  35.000   17.000        0.0000
  36.000   17.000        0.0000
  37.000   17.000        0.0000
  38.000   17.000        0.0000
  39.000   17.000        0.0000
  40.000   17.000        0.0000
  41.000   17.000        0.0000
  42.000   17.000        0.0000
  43.000   17.000        0.0000
  44.000   17.000        0.0000
  45.000   17.000        0.0022
  46.000   17.000        0.0063
  47.000   17.000        0.0011
   1.000   18.000        0.0000
   2.000   18.000        0.0000
   3.000   18.000        0.0000
   4.000   18.000        0.0001
   5.000   18.000        0.0000
   6.000   18.000        0.0000
   7.000   18.000        0.0000
   8.000   18.000        0.0000
   9.000   18.000        0.0236
  10.000   18.000        0.0017
  11.000   18.000        0.0000
  12.000   18.000        0.0001
  13.000   18.000        0.0745
  14.000   18.000        0.4345
  15.000   18.000        0.0000
  16.000   18.000        0.0000
  17.000   18.000        0.0000
  18.000   18.000        0.0000
  19.000   18.000        0.0000
  20.000   18.000        0.0000
  21.000   18.000        0.0000
  22.000   18.000        0.2394
  23.000   18.000        0.0068
  24.000   18.000        0.0013
  25.000   18.000        0.0066
  26.000   18.000        0.0000
  27.000   18.000        0.0000
  28.000   18.000        0.0280
  29.000   18.000        0.0690
  30.000   18.000        0.0076
  31.000   18.000        0.0000
  32.000   18.000        0.0141
  33.000   18.000        0.0212
  34.000   18.000        0.0007
  35.000   18.000        0.0000
  36.000   18.000        0.0000
  37.000   18.000        0.0000
  38.000   18.000        0.0000
  39.000   18.000        0.0000
  40.000   18.000        0.0002
  41.000   18.000        0.0000
  42.000   18.000        0.0000
  43.000   18.000        0.0000
  44.000   18.000        0.0000
  45.000   18.000        0.0047
  46.000   18.000        0.0154
  47.000   18.000        0.0124
   1.000   19.000        0.0000
   2.000   19.000        0.0000
   3.000   19.000        0.0000
   4.000   19.000        0.0120
   5.000   19.000        0.0004
   6.000   19.000        0.0001
   7.000   19.000        0.0000
   8.000   19.000        0.0000
   9.000   19.000        0.0011
  10.000   19.000        0.0000
  11.000   19.000        0.0000
  12.000   19.000        0.0202
  13.000   19.000        0.0375
  14.000   19.000        0.0980
  15.000   19.000        0.0000
  16.000   19.000        0.0000
  17.000   19.000        0.0000
  18.000   19.000        0.0000
  19.000   19.000        0.0000
  20.000   19.000        0.0000
  21.000   19.000        0.0000
  22.000   19.000        0.3690
  23.000   19.000        0.2634
  24.000   19.000        0.1344
  25.000   19.000        0.0941
  26.000   19.000        0.0001
  27.000   19.000        0.0000
  28.000   19.000        0.0255
  29.000   19.000        0.1174
  30.000   19.000        0.0696
  31.000   19.000        0.0492
  32.000   19.000        0.0200
  33.000   19.000        0.0000
  34.000   19.000        0.0000
  35.000   19.000        0.0000
  36.000   19.000        0.0000
  37.000   19.000        0.0000
  38.000   19.000        0.0000
  39.000   19.000        0.0000
  40.000   19.000        0.0006
  41.000   19.000        0.0000
  42.000   19.000        0.0008
  43.000   19.000        0.0000
  44.000   19.000        0.0009
  45.000   19.000        0.0001
  46.000   19.000        0.0111
  47.000   19.000        0.0100
   1.000   20.000        0.0017
   2.000   20.000        0.0007
   3.000   20.000        0.0000
   4.000   20.000        0.0009
   5.000   20.000        0.0154
   6.000   20.000        0.0012
   7.000   20.000        0.0000
   8.000   20.000        0.0000
   9.000   20.000        0.0172
  10.000   20.000        0.0048
  11.000   20.000        0.0000
  12.000   20.000        0.0397
  13.000   20.000        0.1067
  14.000   20.000        0.0103
  15.000   20.000        0.2508
  16.000   20.000        0.0000
  17.000   20.000        0.0000
  18.000   20.000        0.0000
  19.000   20.000        0.0000
  20.000   20.000        0.0000
  21.000   20.000        0.0000
  22.000   20.000        0.0000
  23.000   20.000        0.4134
  24.000   20.000        0.3802
  25.000   20.000        0.2151
  26.000   20.000        0.0188
  27.000   20.000        0.0359
  28.000   20.000        0.1168
  29.000   20.000        0.1408
  30.000   20.000        0.0478
  31.000   20.000        0.0621
  32.000   20.000        0.0568
  33.000   20.000        0.0025
  34.000   20.000        0.0011
  35.000   20.000        0.0000
  36.000   20.000        0.0000
  37.000   20.000        0.0000
  38.000   20.000        0.0000
  39.000   20.000        0.0000
  40.000   20.000        0.0000
  41.000   20.000        0.0000
  42.000   20.000        0.0000
  43.000   20.000        0.0005
  44.000   20.000        0.0000
  45.000   20.000        0.0000
  46.000   20.000        0.0038
  47.000   20.000        0.0146
   1.000   21.000        0.0002
   2.000   21.000        0.0000
   3.000   21.000        0.0000
   4.000   21.000        0.0000
   5.000   21.000        0.0000
   6.000   21.000        0.0003
   7.000   21.000        0.0005
   8.000   21.000        0.0001
   9.000   21.000        0.0105
  10.000   21.000        0.0016
  11.000   21.000        0.0000
  12.000   21.000        0.0007
  13.000   21.000        0.0196
  14.000   21.000        0.0000
  15.000   21.000        0.0129
  16.000   21.000        0.1508
  17.000   21.000        0.0000
  18.000   21.000        0.0000
  19.000   21.000        0.0000
  20.000   21.000        0.0000
  21.000   21.000        0.0000
  22.000   21.000        0.0000
  23.000   21.000        0.0000
  24.000   21.000        0.0000
  25.000   21.000        0.4274
  26.000   21.000        0.1296
  27.000   21.000        0.0383
  28.000   21.000        0.0992
  29.000   21.000        0.1215
  30.000   21.000        0.0129
  31.000   21.000        0.0105
  32.000   21.000        0.0296
  33.000   21.000        0.0000
  34.000   21.000        0.0002
  35.000   21.000        0.0000
  36.000   21.000        0.0000
  37.000   21.000        0.0001
  38.000   21.000        0.0000
  39.000   21.000        0.0011
  40.000   21.000        0.0101
  41.000   21.000        0.0001
  42.000   21.000        0.0034
  43.000   21.000        0.0000
  44.000   21.000        0.0000
  45.000   21.000        0.0000
  46.000   21.000        0.0004
  47.000   21.000        0.0249
   1.000   22.000        0.0000
   2.000   22.000        0.0001
   3.000   22.000        0.0000
   4.000   22.000        0.0007
   5.000   22.000        0.0000
   6.000   22.000        0.0000
   7.000   22.000        0.0000
   8.000   22.000        0.0000
   9.000   22.000        0.0000
  10.000   22.000        0.0000
  11.000   22.000        0.0000
  12.000   22.000        0.0000
  13.000   22.000        0.0000
  14.000   22.000        0.0000
  15.000   22.000        0.0032
  16.000   22.000        0.0499
  17.000   22.000        0.0312
  18.000   22.000        0.2394
  19.000   22.000        0.3690
  20.000   22.000        0.0000
  21.000   22.000        0.0000
  22.000   22.000        0.0000
  23.000   22.000        0.0000
  24.000   22.000        0.0000
  25.000   22.000        0.0000
  26.000   22.000        0.0943
  27.000   22.000        0.0859
  28.000   22.000        0.0461
  29.000   22.000        0.0036
  30.000   22.000        0.0000
  31.000   22.000        0.0000
  32.000   22.000        0.0000
  33.000   22.000        0.0000
  34.000   22.000        0.0000
  35.000   22.000        0.0000
  36.000   22.000        0.0002
  37.000   22.000        0.0002
  38.000   22.000        0.0000
  39.000   22.000        0.0000
  40.000   22.000        0.0088
  41.000   22.000        0.0176
  42.000   22.000        0.0000
  43.000   22.000        0.0000
  44.000   22.000        0.0000
  45.000   22.000        0.0000
  46.000   22.000        0.0366
  47.000   22.000        0.0537
   1.000   23.000        0.0000
   2.000   23.000        0.0000
   3.000   23.000        0.0000
   4.000   23.000        0.0001
   5.000   23.000        0.0000
   6.000   23.000        0.0000
   7.000   23.000        0.0000
   8.000   23.000        0.0000
   9.000   23.000        0.0000
  10.000   23.000        0.0000
  11.000   23.000        0.0000
  12.000   23.000        0.0000
  13.000   23.000        0.0000
  14.000   23.000        0.0000
  15.000   23.000        0.0000
  16.000   23.000        0.0002
  17.000   23.000        0.0004
  18.000   23.000        0.0068
  19.000   23.000        0.2634
  20.000   23.000        0.4134
  21.000   23.000        0.0000
  22.000   23.000        0.0000
  23.000   23.000        0.0000
  24.000   23.000        0.0000
  25.000   23.000        0.0000
  26.000   23.000        0.0770
  27.000   23.000        0.1330
  28.000   23.000        0.1593
  29.000   23.000        0.1147
  30.000   23.000        0.0129
  31.000   23.000        0.0000
  32.000   23.000        0.0000
  33.000   23.000        0.0000
  34.000   23.000        0.0000
  35.000   23.000        0.0000
  36.000   23.000        0.0233
  37.000   23.000        0.0005
  38.000   23.000        0.0000
  39.000   23.000        0.0000
  40.000   23.000        0.0596
  41.000   23.000        0.0646
  42.000   23.000        0.0000
  43.000   23.000        0.0000
  44.000   23.000        0.0000
  45.000   23.000        0.0000
  46.000   23.000        0.0023
  47.000   23.000        0.0038
   1.000   24.000        0.0012
   2.000   24.000        0.0000
   3.000   24.000        0.0000
   4.000   24.000        0.0221
   5.000   24.000        0.0003
   6.000   24.000        0.0000
   7.000   24.000        0.0000
   8.000   24.000        0.0000
   9.000   24.000        0.0039
  10.000   24.000        0.0057
  11.000   24.000        0.0000
  12.000   24.000        0.0166
  13.000   24.000        0.0110
  14.000   24.000        0.0000
  15.000   24.000        0.0077
  16.000   24.000        0.0002
  17.000   24.000        0.0085
  18.000   24.000        0.0013
  19.000   24.000        0.1344
  20.000   24.000        0.3802
  21.000   24.000        0.0000
  22.000   24.000        0.0000
  23.000   24.000        0.0000
  24.000   24.000        0.0000
  25.000   24.000        0.0000
  26.000   24.000        0.0000
  27.000   24.000        0.0000
  28.000   24.000        0.0000
  29.000   24.000        0.3370
  30.000   24.000        0.0971
  31.000   24.000        0.0846
  32.000   24.000        0.0000
  33.000   24.000        0.0000
  34.000   24.000        0.0000
  35.000   24.000        0.0012
  36.000   24.000        0.0603
  37.000   24.000        0.0001
  38.000   24.000        0.0000
  39.000   24.000        0.0000
  40.000   24.000        0.0044
  41.000   24.000        0.0002
  42.000   24.000        0.0000
  43.000   24.000        0.0026
  44.000   24.000        0.0000
  45.000   24.000        0.0000
  46.000   24.000        0.0000
  47.000   24.000        0.0000
   1.000   25.000        0.0000
   2.000   25.000        0.0000
   3.000   25.000        0.0000
   4.000   25.000        0.0046
   5.000   25.000        0.0001
   6.000   25.000        0.0001
   7.000   25.000        0.0000
   8.000   25.000        0.0000
   9.000   25.000        0.0131
  10.000   25.000        0.0078
  11.000   25.000        0.0002
  12.000   25.000        0.0078
  13.000   25.000        0.0020
  14.000   25.000        0.0000
  15.000   25.000        0.0005
  16.000   25.000        0.0010
  17.000   25.000        0.0662
  18.000   25.000        0.0066
  19.000   25.000        0.0941
  20.000   25.000        0.2151
  21.000   25.000        0.4274
  22.000   25.000        0.0000
  23.000   25.000        0.0000
  24.000   25.000        0.0000
  25.000   25.000        0.0000
  26.000   25.000        0.0000
  27.000   25.000        0.0000
  28.000   25.000        0.0000
  29.000   25.000        0.6926
  30.000   25.000        0.1068
  31.000   25.000        0.0113
  32.000   25.000        0.0000
  33.000   25.000        0.0014
  34.000   25.000        0.0000
  35.000   25.000        0.0001
  36.000   25.000        0.0258
  37.000   25.000        0.0000
  38.000   25.000        0.0000
  39.000   25.000        0.0000
  40.000   25.000        0.0130
  41.000   25.000        0.0000
  42.000   25.000        0.0000
  43.000   25.000        0.0000
  44.000   25.000        0.0000
  45.000   25.000        0.0000
  46.000   25.000        0.0000
  47.000   25.000        0.0000
   1.000   26.000        0.0002
   2.000   26.000        0.0043
   3.000   26.000        0.0289
   4.000   26.000        0.0106
   5.000   26.000        0.0626
   6.000   26.000        0.0826
   7.000   26.000        0.0014
   8.000   26.000        0.0036
   9.000   26.000        0.0045
  10.000   26.000        0.0007
  11.000   26.000        0.0000
  12.000   26.000        0.0000
  13.000   26.000        0.0000
  14.000   26.000        0.0000
  15.000   26.000        0.0000
  16.000   26.000        0.0010
  17.000   26.000        0.0317
  18.000   26.000        0.0000
  19.000   26.000        0.0001
  20.000   26.000        0.0188
  21.000   26.000        0.1296
  22.000   26.000        0.0943
  23.000   26.000        0.0770
  24.000   26.000        0.0000
  25.000   26.000        0.0000
  26.000   26.000        0.0000
  27.000   26.000        0.0000
  28.000   26.000        0.0000
  29.000   26.000        0.0000
  30.000   26.000        0.0000
  31.000   26.000        0.0000
  32.000   26.000        0.0316
  33.000   26.000        0.0275
  34.000   26.000        0.0014
  35.000   26.000        0.0000
  36.000   26.000        0.0000
  37.000   26.000        0.0000
  38.000   26.000        0.0000
  39.000   26.000        0.0000
  40.000   26.000        0.0000
  41.000   26.000        0.0000
  42.000   26.000        0.0028
  43.000   26.000        0.0008
  44.000   26.000        0.0006
  45.000   26.000        0.0000
  46.000   26.000        0.0000
  47.000   26.000        0.0000
   1.000   27.000        0.0049
   2.000   27.000        0.0123
   3.000   27.000        0.0768
   4.000   27.000        0.0109
   5.000   27.000        0.0809
   6.000   27.000        0.0694
   7.000   27.000        0.0321
   8.000   27.000        0.0102
   9.000   27.000        0.0008
  10.000   27.000        0.0000
  11.000   27.000        0.0000
  12.000   27.000        0.0002
  13.000   27.000        0.0000
  14.000   27.000        0.0000
  15.000   27.000        0.0039
  16.000   27.000        0.0000
  17.000   27.000        0.0025
  18.000   27.000        0.0000
  19.000   27.000        0.0000
  20.000   27.000        0.0359
  21.000   27.000        0.0383
  22.000   27.000        0.0859
  23.000   27.000        0.1330
  24.000   27.000        0.0000
  25.000   27.000        0.0000
  26.000   27.000        0.0000
  27.000   27.000        0.0000
  28.000   27.000        0.0000
  29.000   27.000        0.0000
  30.000   27.000        0.0000
  31.000   27.000        0.0010
  32.000   27.000        0.0029
  33.000   27.000        0.0000
  34.000   27.000        0.0000
  35.000   27.000        0.0006
  36.000   27.000        0.0000
  37.000   27.000        0.0000
  38.000   27.000        0.0000
  39.000   27.000        0.0000
  40.000   27.000        0.0000
  41.000   27.000        0.0005
  42.000   27.000        0.0004
  43.000   27.000        0.0000
  44.000   27.000        0.0000
  45.000   27.000        0.0000
  46.000   27.000        0.0000
  47.000   27.000        0.0014
   1.000   28.000        0.0220
   2.000   28.000        0.0000
   3.000   28.000        0.1567
   4.000   28.000        0.0225
   5.000   28.000        0.0434
   6.000   28.000        0.0064
   7.000   28.000        0.0394
   8.000   28.000        0.0006
   9.000   28.000        0.0046
  10.000   28.000        0.0000
  11.000   28.000        0.0000
  12.000   28.000        0.0016
  13.000   28.000        0.0000
  14.000   28.000        0.0056
  15.000   28.000        0.0218
  16.000   28.000        0.0060
  17.000   28.000        0.0539
  18.000   28.000        0.0280
  19.000   28.000        0.0255
  20.000   28.000        0.1168
  21.000   28.000        0.0992
  22.000   28.000        0.0461
  23.000   28.000        0.1593
  24.000   28.000        0.0000
  25.000   28.000        0.0000
  26.000   28.000        0.0000
  27.000   28.000        0.0000
  28.000   28.000        0.0000
  29.000   28.000        0.0000
  30.000   28.000        0.0000
  31.000   28.000        0.0001
  32.000   28.000        0.0001
  33.000   28.000        0.0018
  34.000   28.000        0.0000
  35.000   28.000        0.0000
  36.000   28.000        0.0000
  37.000   28.000        0.0000
  38.000   28.000        0.0000
  39.000   28.000        0.0097
  40.000   28.000        0.0205
  41.000   28.000        0.0007
  42.000   28.000        0.0124
  43.000   28.000        0.0005
  44.000   28.000        0.0000
  45.000   28.000        0.0000
  46.000   28.000        0.0014
  47.000   28.000        0.0042
   1.000   29.000        0.0024
   2.000   29.000        0.0680
   3.000   29.000        0.1546
   4.000   29.000        0.0380
   5.000   29.000        0.0732
   6.000   29.000        0.0308
   7.000   29.000        0.0202
   8.000   29.000        0.0005
   9.000   29.000        0.0019
  10.000   29.000        0.0000
  11.000   29.000        0.0000
  12.000   29.000        0.0002
  13.000   29.000        0.0013
  14.000   29.000        0.0000
  15.000   29.000        0.0105
  16.000   29.000        0.0000
  17.000   29.000        0.0052
  18.000   29.000        0.0690
  19.000   29.000        0.1174
  20.000   29.000        0.1408
  21.000   29.000        0.1215
  22.000   29.000        0.0036
  23.000   29.000        0.1147
  24.000   29.000        0.3370
  25.000   29.000        0.6926
  26.000   29.000        0.0000
  27.000   29.000        0.0000
  28.000   29.000        0.0000
  29.000   29.000        0.0000
  30.000   29.000        0.0000
  31.000   29.000        0.0000
  32.000   29.000        0.0000
  33.000   29.000        0.0000
  34.000   29.000        0.0000
  35.000   29.000        0.0122
  36.000   29.000        0.0427
  37.000   29.000        0.0018
  38.000   29.000        0.0000
  39.000   29.000        0.0254
  40.000   29.000        0.0528
  41.000   29.000        0.0100
  42.000   29.000        0.0114
  43.000   29.000        0.0573
  44.000   29.000        0.0000
  45.000   29.000        0.0000
  46.000   29.000        0.0025
  47.000   29.000        0.0010
   1.000   30.000        0.0028
   2.000   30.000        0.0456
   3.000   30.000        0.1795
   4.000   30.000        0.1237
   5.000   30.000        0.1780
   6.000   30.000        0.1225
   7.000   30.000        0.0231
   8.000   30.000        0.0002
   9.000   30.000        0.0010
  10.000   30.000        0.0000
  11.000   30.000        0.0000
  12.000   30.000        0.0000
  13.000   30.000        0.0003
  14.000   30.000        0.0000
  15.000   30.000        0.0000
  16.000   30.000        0.0000
  17.000   30.000        0.0009
  18.000   30.000        0.0076
  19.000   30.000        0.0696
  20.000   30.000        0.0478
  21.000   30.000        0.0129
  22.000   30.000        0.0000
  23.000   30.000        0.0129
  24.000   30.000        0.0971
  25.000   30.000        0.1068
  26.000   30.000        0.0000
  27.000   30.000        0.0000
  28.000   30.000        0.0000
  29.000   30.000        0.0000
  30.000   30.000        0.0000
  31.000   30.000        0.0000
  32.000   30.000        0.0000
  33.000   30.000        0.0290
  34.000   30.000        0.0781
  35.000   30.000        0.0136
  36.000   30.000        0.0420
  37.000   30.000        0.0008
  38.000   30.000        0.0000
  39.000   30.000        0.0100
  40.000   30.000        0.0377
  41.000   30.000        0.0356
  42.000   30.000        0.0166
  43.000   30.000        0.0232
  44.000   30.000        0.0007
  45.000   30.000        0.0000
  46.000   30.000        0.0001
  47.000   30.000        0.0005
   1.000   31.000        0.0502
   2.000   31.000        0.0484
   3.000   31.000        0.1410
   4.000   31.000        0.0474
   5.000   31.000        0.0989
   6.000   31.000        0.0685
   7.000   31.000        0.0364
   8.000   31.000        0.0000
   9.000   31.000        0.0001
  10.000   31.000        0.0001
  11.000   31.000        0.0000
  12.000   31.000        0.0000
  13.000   31.000        0.0000
  14.000   31.000        0.0000
  15.000   31.000        0.0000
  16.000   31.000        0.0000
  17.000   31.000        0.0000
  18.000   31.000        0.0000
  19.000   31.000        0.0492
  20.000   31.000        0.0621
  21.000   31.000        0.0105
  22.000   31.000        0.0000
  23.000   31.000        0.0000
  24.000   31.000        0.0846
  25.000   31.000        0.0113
  26.000   31.000        0.0000
  27.000   31.000        0.0010
  28.000   31.000        0.0001
  29.000   31.000        0.0000
  30.000   31.000        0.0000
  31.000   31.000        0.0000
  32.000   31.000        0.0000
  33.000   31.000        0.5414
  34.000   31.000        0.1024
  35.000   31.000        0.0859
  36.000   31.000        0.0711
  37.000   31.000        0.1409
  38.000   31.000        0.0013
  39.000   31.000        0.0189
  40.000   31.000        0.0078
  41.000   31.000        0.0308
  42.000   31.000        0.0142
  43.000   31.000        0.0437
  44.000   31.000        0.0328
  45.000   31.000        0.0012
  46.000   31.000        0.0044
  47.000   31.000        0.0029
   1.000   32.000        0.1000
   2.000   32.000        0.1349
   3.000   32.000        0.1525
   4.000   32.000        0.0172
   5.000   32.000        0.0250
   6.000   32.000        0.0136
   7.000   32.000        0.0001
   8.000   32.000        0.0001
   9.000   32.000        0.0000
  10.000   32.000        0.0000
  11.000   32.000        0.0000
  12.000   32.000        0.0000
  13.000   32.000        0.0000
  14.000   32.000        0.0000
  15.000   32.000        0.0000
  16.000   32.000        0.0000
  17.000   32.000        0.0095
  18.000   32.000        0.0141
  19.000   32.000        0.0200
  20.000   32.000        0.0568
  21.000   32.000        0.0296
  22.000   32.000        0.0000
  23.000   32.000        0.0000
  24.000   32.000        0.0000
  25.000   32.000        0.0000
  26.000   32.000        0.0316
  27.000   32.000        0.0029
  28.000   32.000        0.0001
  29.000   32.000        0.0000
  30.000   32.000        0.0000
  31.000   32.000        0.0000
  32.000   32.000        0.0000
  33.000   32.000        0.0000
  34.000   32.000        0.0000
  35.000   32.000        0.0946
  36.000   32.000        0.1622
  37.000   32.000        0.2919
  38.000   32.000        0.0000
  39.000   32.000        0.0226
  40.000   32.000        0.0000
  41.000   32.000        0.0016
  42.000   32.000        0.0037
  43.000   32.000        0.0007
  44.000   32.000        0.0010
  45.000   32.000        0.0000
  46.000   32.000        0.0002
  47.000   32.000        0.0000
   1.000   33.000        0.0001
   2.000   33.000        0.0004
   3.000   33.000        0.0332
   4.000   33.000        0.0020
   5.000   33.000        0.0000
   6.000   33.000        0.0079
   7.000   33.000        0.0000
   8.000   33.000        0.0004
   9.000   33.000        0.0000
  10.000   33.000        0.0000
  11.000   33.000        0.0000
  12.000   33.000        0.0000
  13.000   33.000        0.0000
  14.000   33.000        0.0000
  15.000   33.000        0.0000
  16.000   33.000        0.0000
  17.000   33.000        0.0092
  18.000   33.000        0.0212
  19.000   33.000        0.0000
  20.000   33.000        0.0025
  21.000   33.000        0.0000
  22.000   33.000        0.0000
  23.000   33.000        0.0000
  24.000   33.000        0.0000
  25.000   33.000        0.0014
  26.000   33.000        0.0275
  27.000   33.000        0.0000
  28.000   33.000        0.0018
  29.000   33.000        0.0000
  30.000   33.000        0.0290
  31.000   33.000        0.5414
  32.000   33.000        0.0000
  33.000   33.000        0.0000
  34.000   33.000        0.0000
  35.000   33.000        0.0000
  36.000   33.000        0.0000
  37.000   33.000        0.0000
  38.000   33.000        0.0012
  39.000   33.000        0.0034
  40.000   33.000        0.0004
  41.000   33.000        0.0044
  42.000   33.000        0.0031
  43.000   33.000        0.0000
  44.000   33.000        0.0000
  45.000   33.000        0.0000
  46.000   33.000        0.0008
  47.000   33.000        0.0011
   1.000   34.000        0.0030
   2.000   34.000        0.0032
   3.000   34.000        0.0000
   4.000   34.000        0.0000
   5.000   34.000        0.0000
   6.000   34.000        0.0047
   7.000   34.000        0.0076
   8.000   34.000        0.0000
   9.000   34.000        0.0000
  10.000   34.000        0.0000
  11.000   34.000        0.0000
  12.000   34.000        0.0000
  13.000   34.000        0.0000
  14.000   34.000        0.0000
  15.000   34.000        0.0000
  16.000   34.000        0.0000
  17.000   34.000        0.0022
  18.000   34.000        0.0007
  19.000   34.000        0.0000
  20.000   34.000        0.0011
  21.000   34.000        0.0002
  22.000   34.000        0.0000
  23.000   34.000        0.0000
  24.000   34.000        0.0000
  25.000   34.000        0.0000
  26.000   34.000        0.0014
  27.000   34.000        0.0000
  28.000   34.000        0.0000
  29.000   34.000        0.0000
  30.000   34.000        0.0781
  31.000   34.000        0.1024
  32.000   34.000        0.0000
  33.000   34.000        0.0000
  34.000   34.000        0.0000
  35.000   34.000        0.0000
  36.000   34.000        0.0000
  37.000   34.000        0.0000
  38.000   34.000        0.3520
  39.000   34.000        0.0284
  40.000   34.000        0.0082
  41.000   34.000        0.0137
  42.000   34.000        0.0003
  43.000   34.000        0.0000
  44.000   34.000        0.0000
  45.000   34.000        0.0000
  46.000   34.000        0.0018
  47.000   34.000        0.0002
   1.000   35.000        0.0011
   2.000   35.000        0.0016
   3.000   35.000        0.0000
   4.000   35.000        0.0000
   5.000   35.000        0.0000
   6.000   35.000        0.0000
   7.000   35.000        0.0000
   8.000   35.000        0.0000
   9.000   35.000        0.0000
  10.000   35.000        0.0000
  11.000   35.000        0.0000
  12.000   35.000        0.0000
  13.000   35.000        0.0000
  14.000   35.000        0.0000
  15.000   35.000        0.0000
  16.000   35.000        0.0000
  17.000   35.000        0.0000
  18.000   35.000        0.0000
  19.000   35.000        0.0000
  20.000   35.000        0.0000
  21.000   35.000        0.0000
  22.000   35.000        0.0000
  23.000   35.000        0.0000
  24.000   35.000        0.0012
  25.000   35.000        0.0001
  26.000   35.000        0.0000
  27.000   35.000        0.0006
  28.000   35.000        0.0000
  29.000   35.000        0.0122
  30.000   35.000        0.0136
  31.000   35.000        0.0859
  32.000   35.000        0.0946
  33.000   35.000        0.0000
  34.000   35.000        0.0000
  35.000   35.000        0.0000
  36.000   35.000        0.0000
  37.000   35.000        0.0000
  38.000   35.000        0.0000
  39.000   35.000        0.4039
  40.000   35.000        0.1280
  41.000   35.000        0.0453
  42.000   35.000        0.0134
  43.000   35.000        0.0008
  44.000   35.000        0.0035
  45.000   35.000        0.0100
  46.000   35.000        0.0219
  47.000   35.000        0.0202
   1.000   36.000        0.0001
   2.000   36.000        0.0024
   3.000   36.000        0.0000
   4.000   36.000        0.0000
   5.000   36.000        0.0000
   6.000   36.000        0.0000
   7.000   36.000        0.0000
   8.000   36.000        0.0000
   9.000   36.000        0.0000
  10.000   36.000        0.0000
  11.000   36.000        0.0000
  12.000   36.000        0.0000
  13.000   36.000        0.0000
  14.000   36.000        0.0000
  15.000   36.000        0.0000
  16.000   36.000        0.0000
  17.000   36.000        0.0000
  18.000   36.000        0.0000
  19.000   36.000        0.0000
  20.000   36.000        0.0000
  21.000   36.000        0.0000
  22.000   36.000        0.0002
  23.000   36.000        0.0233
  24.000   36.000        0.0603
  25.000   36.000        0.0258
  26.000   36.000        0.0000
  27.000   36.000        0.0000
  28.000   36.000        0.0000
  29.000   36.000        0.0427
  30.000   36.000        0.0420
  31.000   36.000        0.0711
  32.000   36.000        0.1622
  33.000   36.000        0.0000
  34.000   36.000        0.0000
  35.000   36.000        0.0000
  36.000   36.000        0.0000
  37.000   36.000        0.0000
  38.000   36.000        0.0000
  39.000   36.000        0.0000
  40.000   36.000        0.5023
  41.000   36.000        0.1928
  42.000   36.000        0.0210
  43.000   36.000        0.0001
  44.000   36.000        0.0125
  45.000   36.000        0.0555
  46.000   36.000        0.0469
  47.000   36.000        0.0154
   1.000   37.000        0.0001
   2.000   37.000        0.0343
   3.000   37.000        0.0144
   4.000   37.000        0.0472
   5.000   37.000        0.0143
   6.000   37.000        0.0146
   7.000   37.000        0.0000
   8.000   37.000        0.0000
   9.000   37.000        0.0000
  10.000   37.000        0.0000
  11.000   37.000        0.0000
  12.000   37.000        0.0000
  13.000   37.000        0.0000
  14.000   37.000        0.0000
  15.000   37.000        0.0000
  16.000   37.000        0.0000
  17.000   37.000        0.0000
  18.000   37.000        0.0000
  19.000   37.000        0.0000
  20.000   37.000        0.0000
  21.000   37.000        0.0001
  22.000   37.000        0.0002
  23.000   37.000        0.0005
  24.000   37.000        0.0001
  25.000   37.000        0.0000
  26.000   37.000        0.0000
  27.000   37.000        0.0000
  28.000   37.000        0.0000
  29.000   37.000        0.0018
  30.000   37.000        0.0008
  31.000   37.000        0.1409
  32.000   37.000        0.2919
  33.000   37.000        0.0000
  34.000   37.000        0.0000
  35.000   37.000        0.0000
  36.000   37.000        0.0000
  37.000   37.000        0.0000
  38.000   37.000        0.0000
  39.000   37.000        0.0000
  40.000   37.000        0.0000
  41.000   37.000        0.3726
  42.000   37.000        0.1503
  43.000   37.000        0.0049
  44.000   37.000        0.0234
  45.000   37.000        0.0227
  46.000   37.000        0.0264
  47.000   37.000        0.0114
   1.000   38.000        0.0000
   2.000   38.000        0.0002
   3.000   38.000        0.0000
   4.000   38.000        0.0117
   5.000   38.000        0.0080
   6.000   38.000        0.0113
   7.000   38.000        0.0000
   8.000   38.000        0.0000
   9.000   38.000        0.0000
  10.000   38.000        0.0000
  11.000   38.000        0.0000
  12.000   38.000        0.0000
  13.000   38.000        0.0000
  14.000   38.000        0.0000
  15.000   38.000        0.0000
  16.000   38.000        0.0000
  17.000   38.000        0.0000
  18.000   38.000        0.0000
  19.000   38.000        0.0000
  20.000   38.000        0.0000
  21.000   38.000        0.0000
  22.000   38.000        0.0000
  23.000   38.000        0.0000
  24.000   38.000        0.0000
  25.000   38.000        0.0000
  26.000   38.000        0.0000
  27.000   38.000        0.0000
  28.000   38.000        0.0000
  29.000   38.000        0.0000
  30.000   38.000        0.0000
  31.000   38.000        0.0013
  32.000   38.000        0.0000
  33.000   38.000        0.0012
  34.000   38.000        0.3520
  35.000   38.000        0.0000
  36.000   38.000        0.0000
  37.000   38.000        0.0000
  38.000   38.000        0.0000
  39.000   38.000        0.0000
  40.000   38.000        0.0000
  41.000   38.000        0.4141
  42.000   38.000        0.2215
  43.000   38.000        0.0123
  44.000   38.000        0.0084
  45.000   38.000        0.0027
  46.000   38.000        0.0082
  47.000   38.000        0.0064
   1.000   39.000        0.0003
   2.000   39.000        0.0001
   3.000   39.000        0.0000
   4.000   39.000        0.0000
   5.000   39.000        0.0000
   6.000   39.000        0.0000
   7.000   39.000        0.0000
   8.000   39.000        0.0000
   9.000   39.000        0.0000
  10.000   39.000        0.0000
  11.000   39.000        0.0000
  12.000   39.000        0.0000
  13.000   39.000        0.0000
  14.000   39.000        0.0000
  15.000   39.000        0.0000
  16.000   39.000        0.0000
  17.000   39.000        0.0000
  18.000   39.000        0.0000
  19.000   39.000        0.0000
  20.000   39.000        0.0000
  21.000   39.000        0.0011
  22.000   39.000        0.0000
  23.000   39.000        0.0000
  24.000   39.000        0.0000
  25.000   39.000        0.0000
  26.000   39.000        0.0000
  27.000   39.000        0.0000
  28.000   39.000        0.0097
  29.000   39.000        0.0254
  30.000   39.000        0.0100
  31.000   39.000        0.0189
  32.000   39.000        0.0226
  33.000   39.000        0.0034
  34.000   39.000        0.0284
  35.000   39.000        0.4039
  36.000   39.000        0.0000
  37.000   39.000        0.0000
  38.000   39.000        0.0000
  39.000   39.000        0.0000
  40.000   39.000        0.0000
  41.000   39.000        0.0000
  42.000   39.000        0.3006
  43.000   39.000        0.1297
  44.000   39.000        0.0458
  45.000   39.000        0.0146
  46.000   39.000        0.0637
  47.000   39.000        0.0401
   1.000   40.000        0.0208
   2.000   40.000        0.0892
   3.000   40.000        0.0331
   4.000   40.000        0.0288
   5.000   40.000        0.0001
   6.000   40.000        0.0000
   7.000   40.000        0.0000
   8.000   40.000        0.0000
   9.000   40.000        0.0000
  10.000   40.000        0.0004
  11.000   40.000        0.0000
  12.000   40.000        0.0000
  13.000   40.000        0.0000
  14.000   40.000        0.0000
  15.000   40.000        0.0000
  16.000   40.000        0.0000
  17.000   40.000        0.0000
  18.000   40.000        0.0002
  19.000   40.000        0.0006
  20.000   40.000        0.0000
  21.000   40.000        0.0101
  22.000   40.000        0.0088
  23.000   40.000        0.0596
  24.000   40.000        0.0044
  25.000   40.000        0.0130
  26.000   40.000        0.0000
  27.000   40.000        0.0000
  28.000   40.000        0.0205
  29.000   40.000        0.0528
  30.000   40.000        0.0377
  31.000   40.000        0.0078
  32.000   40.000        0.0000
  33.000   40.000        0.0004
  34.000   40.000        0.0082
  35.000   40.000        0.1280
  36.000   40.000        0.5023
  37.000   40.000        0.0000
  38.000   40.000        0.0000
  39.000   40.000        0.0000
  40.000   40.000        0.0000
  41.000   40.000        0.0000
  42.000   40.000        0.0000
  43.000   40.000        0.0000
  44.000   40.000        0.0000
  45.000   40.000        0.1780
  46.000   40.000        0.1380
  47.000   40.000        0.0000
   1.000   41.000        0.1184
   2.000   41.000        0.1088
   3.000   41.000        0.0376
   4.000   41.000        0.0150
   5.000   41.000        0.0000
   6.000   41.000        0.0000
   7.000   41.000        0.0000
   8.000   41.000        0.0000
   9.000   41.000        0.0000
  10.000   41.000        0.0011
  11.000   41.000        0.0007
  12.000   41.000        0.0000
  13.000   41.000        0.0000
  14.000   41.000        0.0000
  15.000   41.000        0.0000
  16.000   41.000        0.0000
  17.000   41.000        0.0000
  18.000   41.000        0.0000
  19.000   41.000        0.0000
  20.000   41.000        0.0000
  21.000   41.000        0.0001
  22.000   41.000        0.0176
  23.000   41.000        0.0646
  24.000   41.000        0.0002
  25.000   41.000        0.0000
  26.000   41.000        0.0000
  27.000   41.000        0.0005
  28.000   41.000        0.0007
  29.000   41.000        0.0100
  30.000   41.000        0.0356
  31.000   41.000        0.0308
  32.000   41.000        0.0016
  33.000   41.000        0.0044
  34.000   41.000        0.0137
  35.000   41.000        0.0453
  36.000   41.000        0.1928
  37.000   41.000        0.3726
  38.000   41.000        0.4141
  39.000   41.000        0.0000
  40.000   41.000        0.0000
  41.000   41.000        0.0000
  42.000   41.000        0.0000
  43.000   41.000        0.0000
  44.000   41.000        0.0000
  45.000   41.000        0.0499
  46.000   41.000        0.0926
  47.000   41.000        0.0671
   1.000   42.000        0.2345
   2.000   42.000        0.1762
   3.000   42.000        0.0128
   4.000   42.000        0.0231
   5.000   42.000        0.0010
   6.000   42.000        0.0000
   7.000   42.000        0.0000
   8.000   42.000        0.0000
   9.000   42.000        0.0000
  10.000   42.000        0.0000
  11.000   42.000        0.0000
  12.000   42.000        0.0000
  13.000   42.000        0.0000
  14.000   42.000        0.0000
  15.000   42.000        0.0000
  16.000   42.000        0.0000
  17.000   42.000        0.0000
  18.000   42.000        0.0000
  19.000   42.000        0.0008
  20.000   42.000        0.0000
  21.000   42.000        0.0034
  22.000   42.000        0.0000
  23.000   42.000        0.0000
  24.000   42.000        0.0000
  25.000   42.000        0.0000
  26.000   42.000        0.0028
  27.000   42.000        0.0004
  28.000   42.000        0.0124
  29.000   42.000        0.0114
  30.000   42.000        0.0166
  31.000   42.000        0.0142
  32.000   42.000        0.0037
  33.000   42.000        0.0031
  34.000   42.000        0.0003
  35.000   42.000        0.0134
  36.000   42.000        0.0210
  37.000   42.000        0.1503
  38.000   42.000        0.2215
  39.000   42.000        0.3006
  40.000   42.000        0.0000
  41.000   42.000        0.0000
  42.000   42.000        0.0000
  43.000   42.000        0.0000
  44.000   42.000        0.0000
  45.000   42.000        0.1071
  46.000   42.000        0.1438
  47.000   42.000        0.0983
   1.000   43.000        0.1767
   2.000   43.000        0.1779
   3.000   43.000        0.1417
   4.000   43.000        0.0753
   5.000   43.000        0.0026
   6.000   43.000        0.0001
   7.000   43.000        0.0000
   8.000   43.000        0.0000
   9.000   43.000        0.0000
  10.000   43.000        0.0003
  11.000   43.000        0.0000
  12.000   43.000        0.0000
  13.000   43.000        0.0000
  14.000   43.000        0.0000
  15.000   43.000        0.0000
  16.000   43.000        0.0000
  17.000   43.000        0.0000
  18.000   43.000        0.0000
  19.000   43.000        0.0000
  20.000   43.000        0.0005
  21.000   43.000        0.0000
  22.000   43.000        0.0000
  23.000   43.000        0.0000
  24.000   43.000        0.0026
  25.000   43.000        0.0000
  26.000   43.000        0.0008
  27.000   43.000        0.0000
  28.000   43.000        0.0005
  29.000   43.000        0.0573
  30.000   43.000        0.0232
  31.000   43.000        0.0437
  32.000   43.000        0.0007
  33.000   43.000        0.0000
  34.000   43.000        0.0000
  35.000   43.000        0.0008
  36.000   43.000        0.0001
  37.000   43.000        0.0049
  38.000   43.000        0.0123
  39.000   43.000        0.1297
  40.000   43.000        0.0000
  41.000   43.000        0.0000
  42.000   43.000        0.0000
  43.000   43.000        0.0000
  44.000   43.000        0.0000
  45.000   43.000        0.0000
  46.000   43.000        0.0000
  47.000   43.000        0.0000
   1.000   44.000        0.2528
   2.000   44.000        0.0946
   3.000   44.000        0.0446
   4.000   44.000        0.0492
   5.000   44.000        0.0068
   6.000   44.000        0.0028
   7.000   44.000        0.0000
   8.000   44.000        0.0002
   9.000   44.000        0.0000
  10.000   44.000        0.0000
  11.000   44.000        0.0000
  12.000   44.000        0.0000
  13.000   44.000        0.0000
  14.000   44.000        0.0000
  15.000   44.000        0.0004
  16.000   44.000        0.0000
  17.000   44.000        0.0000
  18.000   44.000        0.0000
  19.000   44.000        0.0009
  20.000   44.000        0.0000
  21.000   44.000        0.0000
  22.000   44.000        0.0000
  23.000   44.000        0.0000
  24.000   44.000        0.0000
  25.000   44.000        0.0000
  26.000   44.000        0.0006
  27.000   44.000        0.0000
  28.000   44.000        0.0000
  29.000   44.000        0.0000
  30.000   44.000        0.0007
  31.000   44.000        0.0328
  32.000   44.000        0.0010
  33.000   44.000        0.0000
  34.000   44.000        0.0000
  35.000   44.000        0.0035
  36.000   44.000        0.0125
  37.000   44.000        0.0234
  38.000   44.000        0.0084
  39.000   44.000        0.0458
  40.000   44.000        0.0000
  41.000   44.000        0.0000
  42.000   44.000        0.0000
  43.000   44.000        0.0000
  44.000   44.000        0.0000
  45.000   44.000        0.0000
  46.000   44.000        0.0000
  47.000   44.000        0.1015
   1.000   45.000        0.1828
   2.000   45.000        0.0769
   3.000   45.000        0.0123
   4.000   45.000        0.0007
   5.000   45.000        0.0000
   6.000   45.000        0.0000
   7.000   45.000        0.0000
   8.000   45.000        0.0000
   9.000   45.000        0.0000
  10.000   45.000        0.0000
  11.000   45.000        0.0000
  12.000   45.000        0.0000
  13.000   45.000        0.0010
  14.000   45.000        0.0000
  15.000   45.000        0.0000
  16.000   45.000        0.0000
  17.000   45.000        0.0022
  18.000   45.000        0.0047
  19.000   45.000        0.0001
  20.000   45.000        0.0000
  21.000   45.000        0.0000
  22.000   45.000        0.0000
  23.000   45.000        0.0000
  24.000   45.000        0.0000
  25.000   45.000        0.0000
  26.000   45.000        0.0000
  27.000   45.000        0.0000
  28.000   45.000        0.0000
  29.000   45.000        0.0000
  30.000   45.000        0.0000
  31.000   45.000        0.0012
  32.000   45.000        0.0000
  33.000   45.000        0.0000
  34.000   45.000        0.0000
  35.000   45.000        0.0100
  36.000   45.000        0.0555
  37.000   45.000        0.0227
  38.000   45.000        0.0027
  39.000   45.000        0.0146
  40.000   45.000        0.1780
  41.000   45.000        0.0499
  42.000   45.000        0.1071
  43.000   45.000        0.0000
  44.000   45.000        0.0000
  45.000   45.000        0.0000
  46.000   45.000        0.0000
  47.000   45.000        0.5264
   1.000   46.000        0.1728
   2.000   46.000        0.0620
   3.000   46.000        0.0024
   4.000   46.000        0.0005
   5.000   46.000        0.0000
   6.000   46.000        0.0000
   7.000   46.000        0.0000
   8.000   46.000        0.0000
   9.000   46.000        0.0000
  10.000   46.000        0.0000
  11.000   46.000        0.0000
  12.000   46.000        0.0000
  13.000   46.000        0.0010
  14.000   46.000        0.0012
  15.000   46.000        0.0000
  16.000   46.000        0.0000
  17.000   46.000        0.0063
  18.000   46.000        0.0154
  19.000   46.000        0.0111
  20.000   46.000        0.0038
  21.000   46.000        0.0004
  22.000   46.000        0.0366
  23.000   46.000        0.0023
  24.000   46.000        0.0000
  25.000   46.000        0.0000
  26.000   46.000        0.0000
  27.000   46.000        0.0000
  28.000   46.000        0.0014
  29.000   46.000        0.0025
  30.000   46.000        0.0001
  31.000   46.000        0.0044
  32.000   46.000        0.0002
  33.000   46.000        0.0008
  34.000   46.000        0.0018
  35.000   46.000        0.0219
  36.000   46.000        0.0469
  37.000   46.000        0.0264
  38.000   46.000        0.0082
  39.000   46.000        0.0637
  40.000   46.000        0.1380
  41.000   46.000        0.0926
  42.000   46.000        0.1438
  43.000   46.000        0.0000
  44.000   46.000        0.0000
  45.000   46.000        0.0000
  46.000   46.000        0.0000
  47.000   46.000        0.0000
   1.000   47.000        0.1737
   2.000   47.000        0.0285
   3.000   47.000        0.0018
   4.000   47.000        0.0007
   5.000   47.000        0.0000
   6.000   47.000        0.0000
   7.000   47.000        0.0000
   8.000   47.000        0.0000
   9.000   47.000        0.0000
  10.000   47.000        0.0000
  11.000   47.000        0.0000
  12.000   47.000        0.0000
  13.000   47.000        0.0000
  14.000   47.000        0.0000
  15.000   47.000        0.0000
  16.000   47.000        0.0000
  17.000   47.000        0.0011
  18.000   47.000        0.0124
  19.000   47.000        0.0100
  20.000   47.000        0.0146
  21.000   47.000        0.0249
  22.000   47.000        0.0537
  23.000   47.000        0.0038
  24.000   47.000        0.0000
  25.000   47.000        0.0000
  26.000   47.000        0.0000
  27.000   47.000        0.0014
  28.000   47.000        0.0042
  29.000   47.000        0.0010
  30.000   47.000        0.0005
  31.000   47.000        0.0029
  32.000   47.000        0.0000
  33.000   47.000        0.0011
  34.000   47.000        0.0002
  35.000   47.000        0.0202
  36.000   47.000        0.0154
  37.000   47.000        0.0114
  38.000   47.000        0.0064
  39.000   47.000        0.0401
  40.000   47.000        0.0000
  41.000   47.000        0.0671
  42.000   47.000        0.0983
  43.000   47.000        0.0000
  44.000   47.000        0.1015
  45.000   47.000        0.5264
  46.000   47.000        0.0000
  47.000   47.000        0.0000
