#Residue Residue Contacts_00007[nonnatmap]
   1.000    1.000        0.0000
   2.000    1.000        0.0000
   3.000    1.000        0.0000
   4.000    1.000        0.0000
   5.000    1.000        0.0000
   6.000    1.000        0.0128
   7.000    1.000        0.0000
   8.000    1.000        0.0000
   9.000    1.000        0.0000
  10.000    1.000        0.0000
  11.000    1.000        0.0000
  12.000    1.000        0.0000
  13.000    1.000        0.0000
  14.000    1.000        0.0000
  15.000    1.000        0.0000
  16.000    1.000        0.0000
  17.000    1.000        0.0070
  18.000    1.000        0.0000
  19.000    1.000        0.0000
  20.000    1.000        0.0236
  21.000    1.000        0.0238
  22.000    1.000        0.0000
  23.000    1.000        0.0000
  24.000    1.000        0.0000
  25.000    1.000        0.0000
  26.000    1.000        0.0000
  27.000    1.000        0.0405
  28.000    1.000        0.0184
  29.000    1.000        0.0000
  30.000    1.000        0.0001
  31.000    1.000        0.0000
  32.000    1.000        0.0000
  33.000    1.000        0.0000
  34.000    1.000        0.0000
  35.000    1.000        0.0000
  36.000    1.000        0.0012
  37.000    1.000        0.0030
  38.000    1.000        0.0009
  39.000    1.000        0.0001
  40.000    1.000        0.0658
  41.000    1.000        0.0478
  42.000    1.000        0.0046
  43.000    1.000        0.0039
  44.000    1.000        0.1396
  45.000    1.000        0.0005
  46.000    1.000        0.0138
  47.000    1.000        0.0200
   1.000    2.000        0.0000
   2.000    2.000        0.0000
   3.000    2.000        0.0000
   4.000    2.000        0.0000
   5.000    2.000        0.0000
   6.000    2.000        0.0000
   7.000    2.000        0.0000
   8.000    2.000        0.0000
   9.000    2.000        0.0000
  10.000    2.000        0.0000
  11.000    2.000        0.0000
  12.000    2.000        0.0001
  13.000    2.000        0.0000
  14.000    2.000        0.0000
  15.000    2.000        0.0000
  16.000    2.000        0.0001
  17.000    2.000        0.0479
  18.000    2.000        0.0000
  19.000    2.000        0.0000
  20.000    2.000        0.0404
  21.000    2.000        0.0014
  22.000    2.000        0.0000
  23.000    2.000        0.0000
  24.000    2.000        0.0000
  25.000    2.000        0.0000
  26.000    2.000        0.0000
  27.000    2.000        0.0873
  28.000    2.000        0.1211
  29.000    2.000        0.0000
  30.000    2.000        0.0000
  31.000    2.000        0.0000
  32.000    2.000        0.0000
  33.000    2.000        0.0000
  34.000    2.000        0.0000
  35.000    2.000        0.0010
  36.000    2.000        0.0074
  37.000    2.000        0.0151
  38.000    2.000        0.0003
  39.000    2.000        0.0000
  40.000    2.000        0.0410
  41.000    2.000        0.0450
  42.000    2.000        0.0770
  43.000    2.000        0.0337
  44.000    2.000        0.1278
  45.000    2.000        0.0014
  46.000    2.000        0.0022
  47.000    2.000        0.0134
   1.000    3.000        0.0000
   2.000    3.000        0.0000
   3.000    3.000        0.0000
   4.000    3.000        0.0000
   5.000    3.000        0.0000
   6.000    3.000        0.0000
   7.000    3.000        0.3108
   8.000    3.000        0.0004
   9.000    3.000        0.0006
  10.000    3.000        0.0000
  11.000    3.000        0.0000
  12.000    3.000        0.0000
  13.000    3.000        0.0000
  14.000    3.000        0.0000
  15.000    3.000        0.0000
  16.000    3.000        0.0000
  17.000    3.000        0.0000
  18.000    3.000        0.0000
  19.000    3.000        0.0000
  20.000    3.000        0.0000
  21.000    3.000        0.0000
  22.000    3.000        0.0000
  23.000    3.000        0.0000
  24.000    3.000        0.0000
  25.000    3.000        0.0000
  26.000    3.000        0.0000
  27.000    3.000        0.0799
  28.000    3.000        0.1183
  29.000    3.000        0.0813
  30.000    3.000        0.0470
  31.000    3.000        0.0000
  32.000    3.000        0.0000
  33.000    3.000        0.0000
  34.000    3.000        0.0000
  35.000    3.000        0.0002
  36.000    3.000        0.0150
  37.000    3.000        0.0417
  38.000    3.000        0.0503
  39.000    3.000        0.0010
  40.000    3.000        0.0431
  41.000    3.000        0.0898
  42.000    3.000        0.0368
  43.000    3.000        0.0004
  44.000    3.000        0.0114
  45.000    3.000        0.0014
  46.000    3.000        0.0011
  47.000    3.000        0.0022
   1.000    4.000        0.0000
   2.000    4.000        0.0000
   3.000    4.000        0.0000
   4.000    4.000        0.0000
   5.000    4.000        0.0000
   6.000    4.000        0.0000
   7.000    4.000        0.0000
   8.000    4.000        0.0000
   9.000    4.000        0.0296
  10.000    4.000        0.0001
  11.000    4.000        0.0000
  12.000    4.000        0.0002
  13.000    4.000        0.0086
  14.000    4.000        0.0000
  15.000    4.000        0.0000
  16.000    4.000        0.0000
  17.000    4.000        0.0000
  18.000    4.000        0.0000
  19.000    4.000        0.0000
  20.000    4.000        0.0000
  21.000    4.000        0.0000
  22.000    4.000        0.0000
  23.000    4.000        0.0000
  24.000    4.000        0.0000
  25.000    4.000        0.0000
  26.000    4.000        0.0000
  27.000    4.000        0.0000
  28.000    4.000        0.0002
  29.000    4.000        0.0000
  30.000    4.000        0.0000
  31.000    4.000        0.0000
  32.000    4.000        0.0000
  33.000    4.000        0.0000
  34.000    4.000        0.0000
  35.000    4.000        0.0000
  36.000    4.000        0.0046
  37.000    4.000        0.0385
  38.000    4.000        0.0121
  39.000    4.000        0.0000
  40.000    4.000        0.0483
  41.000    4.000        0.0420
  42.000    4.000        0.0015
  43.000    4.000        0.0004
  44.000    4.000        0.0072
  45.000    4.000        0.0000
  46.000    4.000        0.0000
  47.000    4.000        0.0018
   1.000    5.000        0.0000
   2.000    5.000        0.0000
   3.000    5.000        0.0000
   4.000    5.000        0.0000
   5.000    5.000        0.0000
   6.000    5.000        0.0000
   7.000    5.000        0.0000
   8.000    5.000        0.0000
   9.000    5.000        0.0000
  10.000    5.000        0.0065
  11.000    5.000        0.0053
  12.000    5.000        0.0224
  13.000    5.000        0.0000
  14.000    5.000        0.0013
  15.000    5.000        0.0000
  16.000    5.000        0.0072
  17.000    5.000        0.0738
  18.000    5.000        0.0000
  19.000    5.000        0.0000
  20.000    5.000        0.0000
  21.000    5.000        0.0000
  22.000    5.000        0.0000
  23.000    5.000        0.0000
  24.000    5.000        0.0000
  25.000    5.000        0.0000
  26.000    5.000        0.0000
  27.000    5.000        0.0000
  28.000    5.000        0.0000
  29.000    5.000        0.0000
  30.000    5.000        0.0000
  31.000    5.000        0.0000
  32.000    5.000        0.0000
  33.000    5.000        0.0000
  34.000    5.000        0.0000
  35.000    5.000        0.0000
  36.000    5.000        0.0080
  37.000    5.000        0.0177
  38.000    5.000        0.0009
  39.000    5.000        0.0004
  40.000    5.000        0.0112
  41.000    5.000        0.0000
  42.000    5.000        0.0004
  43.000    5.000        0.0000
  44.000    5.000        0.0796
  45.000    5.000        0.0000
  46.000    5.000        0.0010
  47.000    5.000        0.0001
   1.000    6.000        0.0128
   2.000    6.000        0.0000
   3.000    6.000        0.0000
   4.000    6.000        0.0000
   5.000    6.000        0.0000
   6.000    6.000        0.0000
   7.000    6.000        0.0000
   8.000    6.000        0.0000
   9.000    6.000        0.0000
  10.000    6.000        0.2770
  11.000    6.000        0.0150
  12.000    6.000        0.0069
  13.000    6.000        0.0134
  14.000    6.000        0.0000
  15.000    6.000        0.0000
  16.000    6.000        0.0000
  17.000    6.000        0.0015
  18.000    6.000        0.0000
  19.000    6.000        0.0000
  20.000    6.000        0.0000
  21.000    6.000        0.0000
  22.000    6.000        0.0000
  23.000    6.000        0.0000
  24.000    6.000        0.0000
  25.000    6.000        0.0000
  26.000    6.000        0.0000
  27.000    6.000        0.0000
  28.000    6.000        0.0000
  29.000    6.000        0.0002
  30.000    6.000        0.0030
  31.000    6.000        0.0018
  32.000    6.000        0.0018
  33.000    6.000        0.0000
  34.000    6.000        0.0005
  35.000    6.000        0.0024
  36.000    6.000        0.0006
  37.000    6.000        0.0257
  38.000    6.000        0.0432
  39.000    6.000        0.0000
  40.000    6.000        0.0118
  41.000    6.000        0.0250
  42.000    6.000        0.0009
  43.000    6.000        0.0329
  44.000    6.000        0.1302
  45.000    6.000        0.0000
  46.000    6.000        0.0000
  47.000    6.000        0.0000
   1.000    7.000        0.0000
   2.000    7.000        0.0000
   3.000    7.000        0.3108
   4.000    7.000        0.0000
   5.000    7.000        0.0000
   6.000    7.000        0.0000
   7.000    7.000        0.0000
   8.000    7.000        0.0000
   9.000    7.000        0.0000
  10.000    7.000        0.0000
  11.000    7.000        0.2121
  12.000    7.000        0.0012
  13.000    7.000        0.0000
  14.000    7.000        0.0000
  15.000    7.000        0.0000
  16.000    7.000        0.0000
  17.000    7.000        0.0000
  18.000    7.000        0.0000
  19.000    7.000        0.0000
  20.000    7.000        0.0000
  21.000    7.000        0.0000
  22.000    7.000        0.0000
  23.000    7.000        0.0000
  24.000    7.000        0.0000
  25.000    7.000        0.0000
  26.000    7.000        0.0000
  27.000    7.000        0.0000
  28.000    7.000        0.0000
  29.000    7.000        0.0000
  30.000    7.000        0.0000
  31.000    7.000        0.0000
  32.000    7.000        0.0000
  33.000    7.000        0.0000
  34.000    7.000        0.0032
  35.000    7.000        0.0170
  36.000    7.000        0.0018
  37.000    7.000        0.0322
  38.000    7.000        0.0484
  39.000    7.000        0.0001
  40.000    7.000        0.0088
  41.000    7.000        0.0159
  42.000    7.000        0.0000
  43.000    7.000        0.0124
  44.000    7.000        0.1378
  45.000    7.000        0.0013
  46.000    7.000        0.0000
  47.000    7.000        0.0198
   1.000    8.000        0.0000
   2.000    8.000        0.0000
   3.000    8.000        0.0004
   4.000    8.000        0.0000
   5.000    8.000        0.0000
   6.000    8.000        0.0000
   7.000    8.000        0.0000
   8.000    8.000        0.0000
   9.000    8.000        0.0000
  10.000    8.000        0.0000
  11.000    8.000        0.0000
  12.000    8.000        0.0000
  13.000    8.000        0.0000
  14.000    8.000        0.0000
  15.000    8.000        0.0002
  16.000    8.000        0.0000
  17.000    8.000        0.0000
  18.000    8.000        0.0000
  19.000    8.000        0.0000
  20.000    8.000        0.0000
  21.000    8.000        0.0000
  22.000    8.000        0.0000
  23.000    8.000        0.0000
  24.000    8.000        0.0000
  25.000    8.000        0.0000
  26.000    8.000        0.0000
  27.000    8.000        0.0000
  28.000    8.000        0.0000
  29.000    8.000        0.0000
  30.000    8.000        0.0000
  31.000    8.000        0.0000
  32.000    8.000        0.0000
  33.000    8.000        0.0000
  34.000    8.000        0.0000
  35.000    8.000        0.0000
  36.000    8.000        0.0001
  37.000    8.000        0.0001
  38.000    8.000        0.0000
  39.000    8.000        0.0000
  40.000    8.000        0.0000
  41.000    8.000        0.0000
  42.000    8.000        0.0000
  43.000    8.000        0.0000
  44.000    8.000        0.0004
  45.000    8.000        0.0000
  46.000    8.000        0.0000
  47.000    8.000        0.0000
   1.000    9.000        0.0000
   2.000    9.000        0.0000
   3.000    9.000        0.0006
   4.000    9.000        0.0296
   5.000    9.000        0.0000
   6.000    9.000        0.0000
   7.000    9.000        0.0000
   8.000    9.000        0.0000
   9.000    9.000        0.0000
  10.000    9.000        0.0000
  11.000    9.000        0.0000
  12.000    9.000        0.0000
  13.000    9.000        0.0000
  14.000    9.000        0.0000
  15.000    9.000        0.0064
  16.000    9.000        0.0044
  17.000    9.000        0.1338
  18.000    9.000        0.0000
  19.000    9.000        0.0000
  20.000    9.000        0.0000
  21.000    9.000        0.0000
  22.000    9.000        0.0000
  23.000    9.000        0.0000
  24.000    9.000        0.0000
  25.000    9.000        0.0000
  26.000    9.000        0.0000
  27.000    9.000        0.0000
  28.000    9.000        0.0000
  29.000    9.000        0.0000
  30.000    9.000        0.0000
  31.000    9.000        0.0052
  32.000    9.000        0.0000
  33.000    9.000        0.0000
  34.000    9.000        0.0002
  35.000    9.000        0.0008
  36.000    9.000        0.0000
  37.000    9.000        0.0000
  38.000    9.000        0.0000
  39.000    9.000        0.0000
  40.000    9.000        0.0000
  41.000    9.000        0.0035
  42.000    9.000        0.0000
  43.000    9.000        0.0000
  44.000    9.000        0.0000
  45.000    9.000        0.0000
  46.000    9.000        0.0000
  47.000    9.000        0.0000
   1.000   10.000        0.0000
   2.000   10.000        0.0000
   3.000   10.000        0.0000
   4.000   10.000        0.0001
   5.000   10.000        0.0065
   6.000   10.000        0.2770
   7.000   10.000        0.0000
   8.000   10.000        0.0000
   9.000   10.000        0.0000
  10.000   10.000        0.0000
  11.000   10.000        0.0000
  12.000   10.000        0.0000
  13.000   10.000        0.5495
  14.000   10.000        0.0000
  15.000   10.000        0.0005
  16.000   10.000        0.0002
  17.000   10.000        0.0005
  18.000   10.000        0.0000
  19.000   10.000        0.0000
  20.000   10.000        0.0000
  21.000   10.000        0.0000
  22.000   10.000        0.0000
  23.000   10.000        0.0000
  24.000   10.000        0.0000
  25.000   10.000        0.0000
  26.000   10.000        0.0000
  27.000   10.000        0.0000
  28.000   10.000        0.0000
  29.000   10.000        0.0000
  30.000   10.000        0.0000
  31.000   10.000        0.0142
  32.000   10.000        0.0004
  33.000   10.000        0.0000
  34.000   10.000        0.0025
  35.000   10.000        0.0004
  36.000   10.000        0.0000
  37.000   10.000        0.0000
  38.000   10.000        0.0000
  39.000   10.000        0.0000
  40.000   10.000        0.0000
  41.000   10.000        0.0014
  42.000   10.000        0.0000
  43.000   10.000        0.0000
  44.000   10.000        0.0005
  45.000   10.000        0.0000
  46.000   10.000        0.0000
  47.000   10.000        0.0000
   1.000   11.000        0.0000
   2.000   11.000        0.0000
   3.000   11.000        0.0000
   4.000   11.000        0.0000
   5.000   11.000        0.0053
   6.000   11.000        0.0150
   7.000   11.000        0.2121
   8.000   11.000        0.0000
   9.000   11.000        0.0000
  10.000   11.000        0.0000
  11.000   11.000        0.0000
  12.000   11.000        0.0000
  13.000   11.000        0.0000
  14.000   11.000        0.0000
  15.000   11.000        0.2876
  16.000   11.000        0.0009
  17.000   11.000        0.0000
  18.000   11.000        0.0000
  19.000   11.000        0.0000
  20.000   11.000        0.0000
  21.000   11.000        0.0000
  22.000   11.000        0.0000
  23.000   11.000        0.0000
  24.000   11.000        0.0000
  25.000   11.000        0.0000
  26.000   11.000        0.0000
  27.000   11.000        0.0000
  28.000   11.000        0.0000
  29.000   11.000        0.0000
  30.000   11.000        0.0000
  31.000   11.000        0.0000
  32.000   11.000        0.0000
  33.000   11.000        0.0000
  34.000   11.000        0.0000
  35.000   11.000        0.0000
  36.000   11.000        0.0000
  37.000   11.000        0.0000
  38.000   11.000        0.0000
  39.000   11.000        0.0000
  40.000   11.000        0.0000
  41.000   11.000        0.0000
  42.000   11.000        0.0000
  43.000   11.000        0.0000
  44.000   11.000        0.0000
  45.000   11.000        0.0000
  46.000   11.000        0.0000
  47.000   11.000        0.0000
   1.000   12.000        0.0000
   2.000   12.000        0.0001
   3.000   12.000        0.0000
   4.000   12.000        0.0002
   5.000   12.000        0.0224
   6.000   12.000        0.0069
   7.000   12.000        0.0012
   8.000   12.000        0.0000
   9.000   12.000        0.0000
  10.000   12.000        0.0000
  11.000   12.000        0.0000
  12.000   12.000        0.0000
  13.000   12.000        0.0000
  14.000   12.000        0.0000
  15.000   12.000        0.7247
  16.000   12.000        0.3141
  17.000   12.000        0.0000
  18.000   12.000        0.0000
  19.000   12.000        0.0000
  20.000   12.000        0.0000
  21.000   12.000        0.0000
  22.000   12.000        0.0000
  23.000   12.000        0.0000
  24.000   12.000        0.0000
  25.000   12.000        0.0000
  26.000   12.000        0.0000
  27.000   12.000        0.0000
  28.000   12.000        0.0000
  29.000   12.000        0.0000
  30.000   12.000        0.0000
  31.000   12.000        0.0000
  32.000   12.000        0.0000
  33.000   12.000        0.0000
  34.000   12.000        0.0000
  35.000   12.000        0.0000
  36.000   12.000        0.0000
  37.000   12.000        0.0000
  38.000   12.000        0.0000
  39.000   12.000        0.0000
  40.000   12.000        0.0000
  41.000   12.000        0.0003
  42.000   12.000        0.0000
  43.000   12.000        0.0000
  44.000   12.000        0.0000
  45.000   12.000        0.0000
  46.000   12.000        0.0000
  47.000   12.000        0.0000
   1.000   13.000        0.0000
   2.000   13.000        0.0000
   3.000   13.000        0.0000
   4.000   13.000        0.0086
   5.000   13.000        0.0000
   6.000   13.000        0.0134
   7.000   13.000        0.0000
   8.000   13.000        0.0000
   9.000   13.000        0.0000
  10.000   13.000        0.5495
  11.000   13.000        0.0000
  12.000   13.000        0.0000
  13.000   13.000        0.0000
  14.000   13.000        0.0000
  15.000   13.000        0.0000
  16.000   13.000        0.0000
  17.000   13.000        0.0000
  18.000   13.000        0.0000
  19.000   13.000        0.0000
  20.000   13.000        0.0000
  21.000   13.000        0.0000
  22.000   13.000        0.0000
  23.000   13.000        0.0000
  24.000   13.000        0.0000
  25.000   13.000        0.0000
  26.000   13.000        0.0000
  27.000   13.000        0.0000
  28.000   13.000        0.0000
  29.000   13.000        0.0000
  30.000   13.000        0.0000
  31.000   13.000        0.0000
  32.000   13.000        0.0000
  33.000   13.000        0.0000
  34.000   13.000        0.0000
  35.000   13.000        0.0000
  36.000   13.000        0.0000
  37.000   13.000        0.0000
  38.000   13.000        0.0000
  39.000   13.000        0.0000
  40.000   13.000        0.0000
  41.000   13.000        0.0206
  42.000   13.000        0.0000
  43.000   13.000        0.0000
  44.000   13.000        0.0000
  45.000   13.000        0.0000
  46.000   13.000        0.0000
  47.000   13.000        0.0000
   1.000   14.000        0.0000
   2.000   14.000        0.0000
   3.000   14.000        0.0000
   4.000   14.000        0.0000
   5.000   14.000        0.0013
   6.000   14.000        0.0000
   7.000   14.000        0.0000
   8.000   14.000        0.0000
   9.000   14.000        0.0000
  10.000   14.000        0.0000
  11.000   14.000        0.0000
  12.000   14.000        0.0000
  13.000   14.000        0.0000
  14.000   14.000        0.0000
  15.000   14.000        0.0000
  16.000   14.000        0.0000
  17.000   14.000        0.0000
  18.000   14.000        0.8522
  19.000   14.000        0.0000
  20.000   14.000        0.0000
  21.000   14.000        0.0000
  22.000   14.000        0.0000
  23.000   14.000        0.0000
  24.000   14.000        0.0000
  25.000   14.000        0.0000
  26.000   14.000        0.0000
  27.000   14.000        0.0000
  28.000   14.000        0.0000
  29.000   14.000        0.0000
  30.000   14.000        0.0000
  31.000   14.000        0.0014
  32.000   14.000        0.0001
  33.000   14.000        0.0000
  34.000   14.000        0.0000
  35.000   14.000        0.0000
  36.000   14.000        0.0000
  37.000   14.000        0.0000
  38.000   14.000        0.0000
  39.000   14.000        0.0000
  40.000   14.000        0.0000
  41.000   14.000        0.0000
  42.000   14.000        0.0000
  43.000   14.000        0.0000
  44.000   14.000        0.0006
  45.000   14.000        0.0000
  46.000   14.000        0.0000
  47.000   14.000        0.0000
   1.000   15.000        0.0000
   2.000   15.000        0.0000
   3.000   15.000        0.0000
   4.000   15.000        0.0000
   5.000   15.000        0.0000
   6.000   15.000        0.0000
   7.000   15.000        0.0000
   8.000   15.000        0.0002
   9.000   15.000        0.0064
  10.000   15.000        0.0005
  11.000   15.000        0.2876
  12.000   15.000        0.7247
  13.000   15.000        0.0000
  14.000   15.000        0.0000
  15.000   15.000        0.0000
  16.000   15.000        0.0000
  17.000   15.000        0.0000
  18.000   15.000        0.0000
  19.000   15.000        0.8476
  20.000   15.000        0.0000
  21.000   15.000        0.0000
  22.000   15.000        0.0000
  23.000   15.000        0.0000
  24.000   15.000        0.0000
  25.000   15.000        0.0000
  26.000   15.000        0.0000
  27.000   15.000        0.0000
  28.000   15.000        0.0000
  29.000   15.000        0.0000
  30.000   15.000        0.0000
  31.000   15.000        0.0000
  32.000   15.000        0.0000
  33.000   15.000        0.0000
  34.000   15.000        0.0000
  35.000   15.000        0.0000
  36.000   15.000        0.0000
  37.000   15.000        0.0000
  38.000   15.000        0.0000
  39.000   15.000        0.0000
  40.000   15.000        0.0000
  41.000   15.000        0.0000
  42.000   15.000        0.0000
  43.000   15.000        0.0000
  44.000   15.000        0.0000
  45.000   15.000        0.0000
  46.000   15.000        0.0000
  47.000   15.000        0.0000
   1.000   16.000        0.0000
   2.000   16.000        0.0001
   3.000   16.000        0.0000
   4.000   16.000        0.0000
   5.000   16.000        0.0072
   6.000   16.000        0.0000
   7.000   16.000        0.0000
   8.000   16.000        0.0000
   9.000   16.000        0.0044
  10.000   16.000        0.0002
  11.000   16.000        0.0009
  12.000   16.000        0.3141
  13.000   16.000        0.0000
  14.000   16.000        0.0000
  15.000   16.000        0.0000
  16.000   16.000        0.0000
  17.000   16.000        0.0000
  18.000   16.000        0.0000
  19.000   16.000        0.0000
  20.000   16.000        0.0000
  21.000   16.000        0.0000
  22.000   16.000        0.0000
  23.000   16.000        0.0000
  24.000   16.000        0.0000
  25.000   16.000        0.0000
  26.000   16.000        0.0000
  27.000   16.000        0.0000
  28.000   16.000        0.0002
  29.000   16.000        0.0000
  30.000   16.000        0.0000
  31.000   16.000        0.0000
  32.000   16.000        0.0000
  33.000   16.000        0.0000
  34.000   16.000        0.0000
  35.000   16.000        0.0000
  36.000   16.000        0.0000
  37.000   16.000        0.0001
  38.000   16.000        0.0002
  39.000   16.000        0.0000
  40.000   16.000        0.0000
  41.000   16.000        0.0099
  42.000   16.000        0.0000
  43.000   16.000        0.0000
  44.000   16.000        0.0000
  45.000   16.000        0.0000
  46.000   16.000        0.0000
  47.000   16.000        0.0000
   1.000   17.000        0.0070
   2.000   17.000        0.0479
   3.000   17.000        0.0000
   4.000   17.000        0.0000
   5.000   17.000        0.0738
   6.000   17.000        0.0015
   7.000   17.000        0.0000
   8.000   17.000        0.0000
   9.000   17.000        0.1338
  10.000   17.000        0.0005
  11.000   17.000        0.0000
  12.000   17.000        0.0000
  13.000   17.000        0.0000
  14.000   17.000        0.0000
  15.000   17.000        0.0000
  16.000   17.000        0.0000
  17.000   17.000        0.0000
  18.000   17.000        0.0000
  19.000   17.000        0.0000
  20.000   17.000        0.0000
  21.000   17.000        0.0000
  22.000   17.000        0.0000
  23.000   17.000        0.0001
  24.000   17.000        0.0000
  25.000   17.000        0.0000
  26.000   17.000        0.0000
  27.000   17.000        0.0574
  28.000   17.000        0.0603
  29.000   17.000        0.0003
  30.000   17.000        0.0000
  31.000   17.000        0.0000
  32.000   17.000        0.0000
  33.000   17.000        0.0000
  34.000   17.000        0.0000
  35.000   17.000        0.0000
  36.000   17.000        0.0000
  37.000   17.000        0.0000
  38.000   17.000        0.0002
  39.000   17.000        0.0000
  40.000   17.000        0.0000
  41.000   17.000        0.0000
  42.000   17.000        0.0000
  43.000   17.000        0.0000
  44.000   17.000        0.0000
  45.000   17.000        0.0000
  46.000   17.000        0.0000
  47.000   17.000        0.0000
   1.000   18.000        0.0000
   2.000   18.000        0.0000
   3.000   18.000        0.0000
   4.000   18.000        0.0000
   5.000   18.000        0.0000
   6.000   18.000        0.0000
   7.000   18.000        0.0000
   8.000   18.000        0.0000
   9.000   18.000        0.0000
  10.000   18.000        0.0000
  11.000   18.000        0.0000
  12.000   18.000        0.0000
  13.000   18.000        0.0000
  14.000   18.000        0.8522
  15.000   18.000        0.0000
  16.000   18.000        0.0000
  17.000   18.000        0.0000
  18.000   18.000        0.0000
  19.000   18.000        0.0000
  20.000   18.000        0.0000
  21.000   18.000        0.0000
  22.000   18.000        0.0000
  23.000   18.000        0.0005
  24.000   18.000        0.0000
  25.000   18.000        0.0001
  26.000   18.000        0.0000
  27.000   18.000        0.0012
  28.000   18.000        0.0271
  29.000   18.000        0.0000
  30.000   18.000        0.0000
  31.000   18.000        0.0000
  32.000   18.000        0.0000
  33.000   18.000        0.0000
  34.000   18.000        0.0000
  35.000   18.000        0.0000
  36.000   18.000        0.0000
  37.000   18.000        0.0004
  38.000   18.000        0.0000
  39.000   18.000        0.0000
  40.000   18.000        0.0037
  41.000   18.000        0.0000
  42.000   18.000        0.0002
  43.000   18.000        0.0000
  44.000   18.000        0.0000
  45.000   18.000        0.0000
  46.000   18.000        0.0000
  47.000   18.000        0.0000
   1.000   19.000        0.0000
   2.000   19.000        0.0000
   3.000   19.000        0.0000
   4.000   19.000        0.0000
   5.000   19.000        0.0000
   6.000   19.000        0.0000
   7.000   19.000        0.0000
   8.000   19.000        0.0000
   9.000   19.000        0.0000
  10.000   19.000        0.0000
  11.000   19.000        0.0000
  12.000   19.000        0.0000
  13.000   19.000        0.0000
  14.000   19.000        0.0000
  15.000   19.000        0.8476
  16.000   19.000        0.0000
  17.000   19.000        0.0000
  18.000   19.000        0.0000
  19.000   19.000        0.0000
  20.000   19.000        0.0000
  21.000   19.000        0.0000
  22.000   19.000        0.0000
  23.000   19.000        0.4378
  24.000   19.000        0.0032
  25.000   19.000        0.0000
  26.000   19.000        0.0000
  27.000   19.000        0.0039
  28.000   19.000        0.0181
  29.000   19.000        0.0007
  30.000   19.000        0.0036
  31.000   19.000        0.0000
  32.000   19.000        0.0000
  33.000   19.000        0.0000
  34.000   19.000        0.0000
  35.000   19.000        0.0000
  36.000   19.000        0.0000
  37.000   19.000        0.0019
  38.000   19.000        0.0000
  39.000   19.000        0.0000
  40.000   19.000        0.0000
  41.000   19.000        0.0000
  42.000   19.000        0.0000
  43.000   19.000        0.0000
  44.000   19.000        0.0000
  45.000   19.000        0.0000
  46.000   19.000        0.0000
  47.000   19.000        0.0000
   1.000   20.000        0.0236
   2.000   20.000        0.0404
   3.000   20.000        0.0000
   4.000   20.000        0.0000
   5.000   20.000        0.0000
   6.000   20.000        0.0000
   7.000   20.000        0.0000
   8.000   20.000        0.0000
   9.000   20.000        0.0000
  10.000   20.000        0.0000
  11.000   20.000        0.0000
  12.000   20.000        0.0000
  13.000   20.000        0.0000
  14.000   20.000        0.0000
  15.000   20.000        0.0000
  16.000   20.000        0.0000
  17.000   20.000        0.0000
  18.000   20.000        0.0000
  19.000   20.000        0.0000
  20.000   20.000        0.0000
  21.000   20.000        0.0000
  22.000   20.000        0.0000
  23.000   20.000        0.0000
  24.000   20.000        0.5960
  25.000   20.000        0.0960
  26.000   20.000        0.0004
  27.000   20.000        0.3394
  28.000   20.000        0.1477
  29.000   20.000        0.0074
  30.000   20.000        0.0156
  31.000   20.000        0.0018
  32.000   20.000        0.0050
  33.000   20.000        0.0000
  34.000   20.000        0.0000
  35.000   20.000        0.0000
  36.000   20.000        0.0000
  37.000   20.000        0.0029
  38.000   20.000        0.0037
  39.000   20.000        0.0000
  40.000   20.000        0.0000
  41.000   20.000        0.0000
  42.000   20.000        0.0000
  43.000   20.000        0.0000
  44.000   20.000        0.0000
  45.000   20.000        0.0000
  46.000   20.000        0.0000
  47.000   20.000        0.0000
   1.000   21.000        0.0238
   2.000   21.000        0.0014
   3.000   21.000        0.0000
   4.000   21.000        0.0000
   5.000   21.000        0.0000
   6.000   21.000        0.0000
   7.000   21.000        0.0000
   8.000   21.000        0.0000
   9.000   21.000        0.0000
  10.000   21.000        0.0000
  11.000   21.000        0.0000
  12.000   21.000        0.0000
  13.000   21.000        0.0000
  14.000   21.000        0.0000
  15.000   21.000        0.0000
  16.000   21.000        0.0000
  17.000   21.000        0.0000
  18.000   21.000        0.0000
  19.000   21.000        0.0000
  20.000   21.000        0.0000
  21.000   21.000        0.0000
  22.000   21.000        0.0000
  23.000   21.000        0.0000
  24.000   21.000        0.0000
  25.000   21.000        0.0000
  26.000   21.000        0.0366
  27.000   21.000        0.4186
  28.000   21.000        0.5387
  29.000   21.000        0.0110
  30.000   21.000        0.0114
  31.000   21.000        0.0000
  32.000   21.000        0.0000
  33.000   21.000        0.0000
  34.000   21.000        0.0000
  35.000   21.000        0.0000
  36.000   21.000        0.0002
  37.000   21.000        0.0063
  38.000   21.000        0.0000
  39.000   21.000        0.0000
  40.000   21.000        0.0002
  41.000   21.000        0.0000
  42.000   21.000        0.0000
  43.000   21.000        0.0000
  44.000   21.000        0.0000
  45.000   21.000        0.0000
  46.000   21.000        0.0000
  47.000   21.000        0.0000
   1.000   22.000        0.0000
   2.000   22.000        0.0000
   3.000   22.000        0.0000
   4.000   22.000        0.0000
   5.000   22.000        0.0000
   6.000   22.000        0.0000
   7.000   22.000        0.0000
   8.000   22.000        0.0000
   9.000   22.000        0.0000
  10.000   22.000        0.0000
  11.000   22.000        0.0000
  12.000   22.000        0.0000
  13.000   22.000        0.0000
  14.000   22.000        0.0000
  15.000   22.000        0.0000
  16.000   22.000        0.0000
  17.000   22.000        0.0000
  18.000   22.000        0.0000
  19.000   22.000        0.0000
  20.000   22.000        0.0000
  21.000   22.000        0.0000
  22.000   22.000        0.0000
  23.000   22.000        0.0000
  24.000   22.000        0.0000
  25.000   22.000        0.0000
  26.000   22.000        0.0823
  27.000   22.000        0.1196
  28.000   22.000        0.1461
  29.000   22.000        0.0137
  30.000   22.000        0.0131
  31.000   22.000        0.0002
  32.000   22.000        0.0000
  33.000   22.000        0.0000
  34.000   22.000        0.0000
  35.000   22.000        0.0000
  36.000   22.000        0.0002
  37.000   22.000        0.0169
  38.000   22.000        0.0001
  39.000   22.000        0.0000
  40.000   22.000        0.0000
  41.000   22.000        0.0000
  42.000   22.000        0.0000
  43.000   22.000        0.0000
  44.000   22.000        0.0000
  45.000   22.000        0.0000
  46.000   22.000        0.0000
  47.000   22.000        0.0000
   1.000   23.000        0.0000
   2.000   23.000        0.0000
   3.000   23.000        0.0000
   4.000   23.000        0.0000
   5.000   23.000        0.0000
   6.000   23.000        0.0000
   7.000   23.000        0.0000
   8.000   23.000        0.0000
   9.000   23.000        0.0000
  10.000   23.000        0.0000
  11.000   23.000        0.0000
  12.000   23.000        0.0000
  13.000   23.000        0.0000
  14.000   23.000        0.0000
  15.000   23.000        0.0000
  16.000   23.000        0.0000
  17.000   23.000        0.0001
  18.000   23.000        0.0005
  19.000   23.000        0.4378
  20.000   23.000        0.0000
  21.000   23.000        0.0000
  22.000   23.000        0.0000
  23.000   23.000        0.0000
  24.000   23.000        0.0000
  25.000   23.000        0.0000
  26.000   23.000        0.1816
  27.000   23.000        0.2859
  28.000   23.000        0.0577
  29.000   23.000        0.0058
  30.000   23.000        0.0058
  31.000   23.000        0.0000
  32.000   23.000        0.0000
  33.000   23.000        0.0000
  34.000   23.000        0.0000
  35.000   23.000        0.0000
  36.000   23.000        0.0000
  37.000   23.000        0.0000
  38.000   23.000        0.0000
  39.000   23.000        0.0000
  40.000   23.000        0.0000
  41.000   23.000        0.0000
  42.000   23.000        0.0000
  43.000   23.000        0.0000
  44.000   23.000        0.0000
  45.000   23.000        0.0000
  46.000   23.000        0.0000
  47.000   23.000        0.0000
   1.000   24.000        0.0000
   2.000   24.000        0.0000
   3.000   24.000        0.0000
   4.000   24.000        0.0000
   5.000   24.000        0.0000
   6.000   24.000        0.0000
   7.000   24.000        0.0000
   8.000   24.000        0.0000
   9.000   24.000        0.0000
  10.000   24.000        0.0000
  11.000   24.000        0.0000
  12.000   24.000        0.0000
  13.000   24.000        0.0000
  14.000   24.000        0.0000
  15.000   24.000        0.0000
  16.000   24.000        0.0000
  17.000   24.000        0.0000
  18.000   24.000        0.0000
  19.000   24.000        0.0032
  20.000   24.000        0.5960
  21.000   24.000        0.0000
  22.000   24.000        0.0000
  23.000   24.000        0.0000
  24.000   24.000        0.0000
  25.000   24.000        0.0000
  26.000   24.000        0.0000
  27.000   24.000        0.0000
  28.000   24.000        0.0000
  29.000   24.000        0.1712
  30.000   24.000        0.0026
  31.000   24.000        0.0000
  32.000   24.000        0.0000
  33.000   24.000        0.0000
  34.000   24.000        0.0000
  35.000   24.000        0.0000
  36.000   24.000        0.0000
  37.000   24.000        0.0000
  38.000   24.000        0.0000
  39.000   24.000        0.0000
  40.000   24.000        0.0000
  41.000   24.000        0.0000
  42.000   24.000        0.0000
  43.000   24.000        0.0000
  44.000   24.000        0.0000
  45.000   24.000        0.0000
  46.000   24.000        0.0000
  47.000   24.000        0.0000
   1.000   25.000        0.0000
   2.000   25.000        0.0000
   3.000   25.000        0.0000
   4.000   25.000        0.0000
   5.000   25.000        0.0000
   6.000   25.000        0.0000
   7.000   25.000        0.0000
   8.000   25.000        0.0000
   9.000   25.000        0.0000
  10.000   25.000        0.0000
  11.000   25.000        0.0000
  12.000   25.000        0.0000
  13.000   25.000        0.0000
  14.000   25.000        0.0000
  15.000   25.000        0.0000
  16.000   25.000        0.0000
  17.000   25.000        0.0000
  18.000   25.000        0.0001
  19.000   25.000        0.0000
  20.000   25.000        0.0960
  21.000   25.000        0.0000
  22.000   25.000        0.0000
  23.000   25.000        0.0000
  24.000   25.000        0.0000
  25.000   25.000        0.0000
  26.000   25.000        0.0000
  27.000   25.000        0.0000
  28.000   25.000        0.0000
  29.000   25.000        0.0000
  30.000   25.000        0.0170
  31.000   25.000        0.0000
  32.000   25.000        0.0000
  33.000   25.000        0.0000
  34.000   25.000        0.0000
  35.000   25.000        0.0154
  36.000   25.000        0.0135
  37.000   25.000        0.0140
  38.000   25.000        0.0000
  39.000   25.000        0.0000
  40.000   25.000        0.0000
  41.000   25.000        0.0000
  42.000   25.000        0.0000
  43.000   25.000        0.0000
  44.000   25.000        0.0000
  45.000   25.000        0.0000
  46.000   25.000        0.0000
  47.000   25.000        0.0003
   1.000   26.000        0.0000
   2.000   26.000        0.0000
   3.000   26.000        0.0000
   4.000   26.000        0.0000
   5.000   26.000        0.0000
   6.000   26.000        0.0000
   7.000   26.000        0.0000
   8.000   26.000        0.0000
   9.000   26.000        0.0000
  10.000   26.000        0.0000
  11.000   26.000        0.0000
  12.000   26.000        0.0000
  13.000   26.000        0.0000
  14.000   26.000        0.0000
  15.000   26.000        0.0000
  16.000   26.000        0.0000
  17.000   26.000        0.0000
  18.000   26.000        0.0000
  19.000   26.000        0.0000
  20.000   26.000        0.0004
  21.000   26.000        0.0366
  22.000   26.000        0.0823
  23.000   26.000        0.1816
  24.000   26.000        0.0000
  25.000   26.000        0.0000
  26.000   26.000        0.0000
  27.000   26.000        0.0000
  28.000   26.000        0.0000
  29.000   26.000        0.0000
  30.000   26.000        0.0000
  31.000   26.000        0.1164
  32.000   26.000        0.0000
  33.000   26.000        0.0001
  34.000   26.000        0.0002
  35.000   26.000        0.0116
  36.000   26.000        0.0020
  37.000   26.000        0.0015
  38.000   26.000        0.0000
  39.000   26.000        0.0000
  40.000   26.000        0.0000
  41.000   26.000        0.0000
  42.000   26.000        0.0000
  43.000   26.000        0.0000
  44.000   26.000        0.0016
  45.000   26.000        0.0036
  46.000   26.000        0.0057
  47.000   26.000        0.0105
   1.000   27.000        0.0405
   2.000   27.000        0.0873
   3.000   27.000        0.0799
   4.000   27.000        0.0000
   5.000   27.000        0.0000
   6.000   27.000        0.0000
   7.000   27.000        0.0000
   8.000   27.000        0.0000
   9.000   27.000        0.0000
  10.000   27.000        0.0000
  11.000   27.000        0.0000
  12.000   27.000        0.0000
  13.000   27.000        0.0000
  14.000   27.000        0.0000
  15.000   27.000        0.0000
  16.000   27.000        0.0000
  17.000   27.000        0.0574
  18.000   27.000        0.0012
  19.000   27.000        0.0039
  20.000   27.000        0.3394
  21.000   27.000        0.4186
  22.000   27.000        0.1196
  23.000   27.000        0.2859
  24.000   27.000        0.0000
  25.000   27.000        0.0000
  26.000   27.000        0.0000
  27.000   27.000        0.0000
  28.000   27.000        0.0000
  29.000   27.000        0.0000
  30.000   27.000        0.0000
  31.000   27.000        0.0013
  32.000   27.000        0.0020
  33.000   27.000        0.0000
  34.000   27.000        0.0000
  35.000   27.000        0.0000
  36.000   27.000        0.0001
  37.000   27.000        0.0000
  38.000   27.000        0.0000
  39.000   27.000        0.0000
  40.000   27.000        0.0001
  41.000   27.000        0.0001
  42.000   27.000        0.0000
  43.000   27.000        0.0000
  44.000   27.000        0.0021
  45.000   27.000        0.0030
  46.000   27.000        0.0021
  47.000   27.000        0.0044
   1.000   28.000        0.0184
   2.000   28.000        0.1211
   3.000   28.000        0.1183
   4.000   28.000        0.0002
   5.000   28.000        0.0000
   6.000   28.000        0.0000
   7.000   28.000        0.0000
   8.000   28.000        0.0000
   9.000   28.000        0.0000
  10.000   28.000        0.0000
  11.000   28.000        0.0000
  12.000   28.000        0.0000
  13.000   28.000        0.0000
  14.000   28.000        0.0000
  15.000   28.000        0.0000
  16.000   28.000        0.0002
  17.000   28.000        0.0603
  18.000   28.000        0.0271
  19.000   28.000        0.0181
  20.000   28.000        0.1477
  21.000   28.000        0.5387
  22.000   28.000        0.1461
  23.000   28.000        0.0577
  24.000   28.000        0.0000
  25.000   28.000        0.0000
  26.000   28.000        0.0000
  27.000   28.000        0.0000
  28.000   28.000        0.0000
  29.000   28.000        0.0000
  30.000   28.000        0.0000
  31.000   28.000        0.0000
  32.000   28.000        0.0011
  33.000   28.000        0.0006
  34.000   28.000        0.0000
  35.000   28.000        0.0000
  36.000   28.000        0.0000
  37.000   28.000        0.0007
  38.000   28.000        0.0000
  39.000   28.000        0.0000
  40.000   28.000        0.0000
  41.000   28.000        0.0000
  42.000   28.000        0.0000
  43.000   28.000        0.0000
  44.000   28.000        0.0000
  45.000   28.000        0.0000
  46.000   28.000        0.0000
  47.000   28.000        0.0000
   1.000   29.000        0.0000
   2.000   29.000        0.0000
   3.000   29.000        0.0813
   4.000   29.000        0.0000
   5.000   29.000        0.0000
   6.000   29.000        0.0002
   7.000   29.000        0.0000
   8.000   29.000        0.0000
   9.000   29.000        0.0000
  10.000   29.000        0.0000
  11.000   29.000        0.0000
  12.000   29.000        0.0000
  13.000   29.000        0.0000
  14.000   29.000        0.0000
  15.000   29.000        0.0000
  16.000   29.000        0.0000
  17.000   29.000        0.0003
  18.000   29.000        0.0000
  19.000   29.000        0.0007
  20.000   29.000        0.0074
  21.000   29.000        0.0110
  22.000   29.000        0.0137
  23.000   29.000        0.0058
  24.000   29.000        0.1712
  25.000   29.000        0.0000
  26.000   29.000        0.0000
  27.000   29.000        0.0000
  28.000   29.000        0.0000
  29.000   29.000        0.0000
  30.000   29.000        0.0000
  31.000   29.000        0.0000
  32.000   29.000        0.0000
  33.000   29.000        0.0000
  34.000   29.000        0.0000
  35.000   29.000        0.0366
  36.000   29.000        0.0025
  37.000   29.000        0.0324
  38.000   29.000        0.0010
  39.000   29.000        0.0000
  40.000   29.000        0.0004
  41.000   29.000        0.0000
  42.000   29.000        0.0000
  43.000   29.000        0.0000
  44.000   29.000        0.0000
  45.000   29.000        0.0000
  46.000   29.000        0.0000
  47.000   29.000        0.0002
   1.000   30.000        0.0001
   2.000   30.000        0.0000
   3.000   30.000        0.0470
   4.000   30.000        0.0000
   5.000   30.000        0.0000
   6.000   30.000        0.0030
   7.000   30.000        0.0000
   8.000   30.000        0.0000
   9.000   30.000        0.0000
  10.000   30.000        0.0000
  11.000   30.000        0.0000
  12.000   30.000        0.0000
  13.000   30.000        0.0000
  14.000   30.000        0.0000
  15.000   30.000        0.0000
  16.000   30.000        0.0000
  17.000   30.000        0.0000
  18.000   30.000        0.0000
  19.000   30.000        0.0036
  20.000   30.000        0.0156
  21.000   30.000        0.0114
  22.000   30.000        0.0131
  23.000   30.000        0.0058
  24.000   30.000        0.0026
  25.000   30.000        0.0170
  26.000   30.000        0.0000
  27.000   30.000        0.0000
  28.000   30.000        0.0000
  29.000   30.000        0.0000
  30.000   30.000        0.0000
  31.000   30.000        0.0000
  32.000   30.000        0.0000
  33.000   30.000        0.1751
  34.000   30.000        0.0140
  35.000   30.000        0.0000
  36.000   30.000        0.0092
  37.000   30.000        0.0790
  38.000   30.000        0.0004
  39.000   30.000        0.0000
  40.000   30.000        0.0305
  41.000   30.000        0.0240
  42.000   30.000        0.0000
  43.000   30.000        0.0035
  44.000   30.000        0.0001
  45.000   30.000        0.0002
  46.000   30.000        0.0001
  47.000   30.000        0.0007
   1.000   31.000        0.0000
   2.000   31.000        0.0000
   3.000   31.000        0.0000
   4.000   31.000        0.0000
   5.000   31.000        0.0000
   6.000   31.000        0.0018
   7.000   31.000        0.0000
   8.000   31.000        0.0000
   9.000   31.000        0.0052
  10.000   31.000        0.0142
  11.000   31.000        0.0000
  12.000   31.000        0.0000
  13.000   31.000        0.0000
  14.000   31.000        0.0014
  15.000   31.000        0.0000
  16.000   31.000        0.0000
  17.000   31.000        0.0000
  18.000   31.000        0.0000
  19.000   31.000        0.0000
  20.000   31.000        0.0018
  21.000   31.000        0.0000
  22.000   31.000        0.0002
  23.000   31.000        0.0000
  24.000   31.000        0.0000
  25.000   31.000        0.0000
  26.000   31.000        0.1164
  27.000   31.000        0.0013
  28.000   31.000        0.0000
  29.000   31.000        0.0000
  30.000   31.000        0.0000
  31.000   31.000        0.0000
  32.000   31.000        0.0000
  33.000   31.000        0.0000
  34.000   31.000        0.0418
  35.000   31.000        0.0003
  36.000   31.000        0.0000
  37.000   31.000        0.2167
  38.000   31.000        0.0003
  39.000   31.000        0.0001
  40.000   31.000        0.0178
  41.000   31.000        0.0000
  42.000   31.000        0.0000
  43.000   31.000        0.0000
  44.000   31.000        0.0000
  45.000   31.000        0.0007
  46.000   31.000        0.0006
  47.000   31.000        0.0004
   1.000   32.000        0.0000
   2.000   32.000        0.0000
   3.000   32.000        0.0000
   4.000   32.000        0.0000
   5.000   32.000        0.0000
   6.000   32.000        0.0018
   7.000   32.000        0.0000
   8.000   32.000        0.0000
   9.000   32.000        0.0000
  10.000   32.000        0.0004
  11.000   32.000        0.0000
  12.000   32.000        0.0000
  13.000   32.000        0.0000
  14.000   32.000        0.0001
  15.000   32.000        0.0000
  16.000   32.000        0.0000
  17.000   32.000        0.0000
  18.000   32.000        0.0000
  19.000   32.000        0.0000
  20.000   32.000        0.0050
  21.000   32.000        0.0000
  22.000   32.000        0.0000
  23.000   32.000        0.0000
  24.000   32.000        0.0000
  25.000   32.000        0.0000
  26.000   32.000        0.0000
  27.000   32.000        0.0020
  28.000   32.000        0.0011
  29.000   32.000        0.0000
  30.000   32.000        0.0000
  31.000   32.000        0.0000
  32.000   32.000        0.0000
  33.000   32.000        0.0000
  34.000   32.000        0.7604
  35.000   32.000        0.0000
  36.000   32.000        0.0000
  37.000   32.000        0.1817
  38.000   32.000        0.0000
  39.000   32.000        0.0000
  40.000   32.000        0.0000
  41.000   32.000        0.0000
  42.000   32.000        0.0000
  43.000   32.000        0.0000
  44.000   32.000        0.0000
  45.000   32.000        0.0000
  46.000   32.000        0.0000
  47.000   32.000        0.0009
   1.000   33.000        0.0000
   2.000   33.000        0.0000
   3.000   33.000        0.0000
   4.000   33.000        0.0000
   5.000   33.000        0.0000
   6.000   33.000        0.0000
   7.000   33.000        0.0000
   8.000   33.000        0.0000
   9.000   33.000        0.0000
  10.000   33.000        0.0000
  11.000   33.000        0.0000
  12.000   33.000        0.0000
  13.000   33.000        0.0000
  14.000   33.000        0.0000
  15.000   33.000        0.0000
  16.000   33.000        0.0000
  17.000   33.000        0.0000
  18.000   33.000        0.0000
  19.000   33.000        0.0000
  20.000   33.000        0.0000
  21.000   33.000        0.0000
  22.000   33.000        0.0000
  23.000   33.000        0.0000
  24.000   33.000        0.0000
  25.000   33.000        0.0000
  26.000   33.000        0.0001
  27.000   33.000        0.0000
  28.000   33.000        0.0006
  29.000   33.000        0.0000
  30.000   33.000        0.1751
  31.000   33.000        0.0000
  32.000   33.000        0.0000
  33.000   33.000        0.0000
  34.000   33.000        0.0000
  35.000   33.000        0.0000
  36.000   33.000        0.0000
  37.000   33.000        0.3988
  38.000   33.000        0.0361
  39.000   33.000        0.0000
  40.000   33.000        0.0000
  41.000   33.000        0.0099
  42.000   33.000        0.0000
  43.000   33.000        0.0000
  44.000   33.000        0.0000
  45.000   33.000        0.0008
  46.000   33.000        0.0000
  47.000   33.000        0.0000
   1.000   34.000        0.0000
   2.000   34.000        0.0000
   3.000   34.000        0.0000
   4.000   34.000        0.0000
   5.000   34.000        0.0000
   6.000   34.000        0.0005
   7.000   34.000        0.0032
   8.000   34.000        0.0000
   9.000   34.000        0.0002
  10.000   34.000        0.0025
  11.000   34.000        0.0000
  12.000   34.000        0.0000
  13.000   34.000        0.0000
  14.000   34.000        0.0000
  15.000   34.000        0.0000
  16.000   34.000        0.0000
  17.000   34.000        0.0000
  18.000   34.000        0.0000
  19.000   34.000        0.0000
  20.000   34.000        0.0000
  21.000   34.000        0.0000
  22.000   34.000        0.0000
  23.000   34.000        0.0000
  24.000   34.000        0.0000
  25.000   34.000        0.0000
  26.000   34.000        0.0002
  27.000   34.000        0.0000
  28.000   34.000        0.0000
  29.000   34.000        0.0000
  30.000   34.000        0.0140
  31.000   34.000        0.0418
  32.000   34.000        0.7604
  33.000   34.000        0.0000
  34.000   34.000        0.0000
  35.000   34.000        0.0000
  36.000   34.000        0.0000
  37.000   34.000        0.0000
  38.000   34.000        0.4905
  39.000   34.000        0.0020
  40.000   34.000        0.0132
  41.000   34.000        0.0186
  42.000   34.000        0.0000
  43.000   34.000        0.0000
  44.000   34.000        0.0000
  45.000   34.000        0.0000
  46.000   34.000        0.0000
  47.000   34.000        0.0000
   1.000   35.000        0.0000
   2.000   35.000        0.0010
   3.000   35.000        0.0002
   4.000   35.000        0.0000
   5.000   35.000        0.0000
   6.000   35.000        0.0024
   7.000   35.000        0.0170
   8.000   35.000        0.0000
   9.000   35.000        0.0008
  10.000   35.000        0.0004
  11.000   35.000        0.0000
  12.000   35.000        0.0000
  13.000   35.000        0.0000
  14.000   35.000        0.0000
  15.000   35.000        0.0000
  16.000   35.000        0.0000
  17.000   35.000        0.0000
  18.000   35.000        0.0000
  19.000   35.000        0.0000
  20.000   35.000        0.0000
  21.000   35.000        0.0000
  22.000   35.000        0.0000
  23.000   35.000        0.0000
  24.000   35.000        0.0000
  25.000   35.000        0.0154
  26.000   35.000        0.0116
  27.000   35.000        0.0000
  28.000   35.000        0.0000
  29.000   35.000        0.0366
  30.000   35.000        0.0000
  31.000   35.000        0.0003
  32.000   35.000        0.0000
  33.000   35.000        0.0000
  34.000   35.000        0.0000
  35.000   35.000        0.0000
  36.000   35.000        0.0000
  37.000   35.000        0.0000
  38.000   35.000        0.0000
  39.000   35.000        0.4844
  40.000   35.000        0.0130
  41.000   35.000        0.0474
  42.000   35.000        0.0011
  43.000   35.000        0.0001
  44.000   35.000        0.0000
  45.000   35.000        0.0000
  46.000   35.000        0.0000
  47.000   35.000        0.0000
   1.000   36.000        0.0012
   2.000   36.000        0.0074
   3.000   36.000        0.0150
   4.000   36.000        0.0046
   5.000   36.000        0.0080
   6.000   36.000        0.0006
   7.000   36.000        0.0018
   8.000   36.000        0.0001
   9.000   36.000        0.0000
  10.000   36.000        0.0000
  11.000   36.000        0.0000
  12.000   36.000        0.0000
  13.000   36.000        0.0000
  14.000   36.000        0.0000
  15.000   36.000        0.0000
  16.000   36.000        0.0000
  17.000   36.000        0.0000
  18.000   36.000        0.0000
  19.000   36.000        0.0000
  20.000   36.000        0.0000
  21.000   36.000        0.0002
  22.000   36.000        0.0002
  23.000   36.000        0.0000
  24.000   36.000        0.0000
  25.000   36.000        0.0135
  26.000   36.000        0.0020
  27.000   36.000        0.0001
  28.000   36.000        0.0000
  29.000   36.000        0.0025
  30.000   36.000        0.0092
  31.000   36.000        0.0000
  32.000   36.000        0.0000
  33.000   36.000        0.0000
  34.000   36.000        0.0000
  35.000   36.000        0.0000
  36.000   36.000        0.0000
  37.000   36.000        0.0000
  38.000   36.000        0.0000
  39.000   36.000        0.0000
  40.000   36.000        0.0000
  41.000   36.000        0.1549
  42.000   36.000        0.0166
  43.000   36.000        0.0214
  44.000   36.000        0.0001
  45.000   36.000        0.0000
  46.000   36.000        0.0000
  47.000   36.000        0.0026
   1.000   37.000        0.0030
   2.000   37.000        0.0151
   3.000   37.000        0.0417
   4.000   37.000        0.0385
   5.000   37.000        0.0177
   6.000   37.000        0.0257
   7.000   37.000        0.0322
   8.000   37.000        0.0001
   9.000   37.000        0.0000
  10.000   37.000        0.0000
  11.000   37.000        0.0000
  12.000   37.000        0.0000
  13.000   37.000        0.0000
  14.000   37.000        0.0000
  15.000   37.000        0.0000
  16.000   37.000        0.0001
  17.000   37.000        0.0000
  18.000   37.000        0.0004
  19.000   37.000        0.0019
  20.000   37.000        0.0029
  21.000   37.000        0.0063
  22.000   37.000        0.0169
  23.000   37.000        0.0000
  24.000   37.000        0.0000
  25.000   37.000        0.0140
  26.000   37.000        0.0015
  27.000   37.000        0.0000
  28.000   37.000        0.0007
  29.000   37.000        0.0324
  30.000   37.000        0.0790
  31.000   37.000        0.2167
  32.000   37.000        0.1817
  33.000   37.000        0.3988
  34.000   37.000        0.0000
  35.000   37.000        0.0000
  36.000   37.000        0.0000
  37.000   37.000        0.0000
  38.000   37.000        0.0000
  39.000   37.000        0.0000
  40.000   37.000        0.0000
  41.000   37.000        0.0000
  42.000   37.000        0.0286
  43.000   37.000        0.0000
  44.000   37.000        0.0000
  45.000   37.000        0.0000
  46.000   37.000        0.0000
  47.000   37.000        0.0004
   1.000   38.000        0.0009
   2.000   38.000        0.0003
   3.000   38.000        0.0503
   4.000   38.000        0.0121
   5.000   38.000        0.0009
   6.000   38.000        0.0432
   7.000   38.000        0.0484
   8.000   38.000        0.0000
   9.000   38.000        0.0000
  10.000   38.000        0.0000
  11.000   38.000        0.0000
  12.000   38.000        0.0000
  13.000   38.000        0.0000
  14.000   38.000        0.0000
  15.000   38.000        0.0000
  16.000   38.000        0.0002
  17.000   38.000        0.0002
  18.000   38.000        0.0000
  19.000   38.000        0.0000
  20.000   38.000        0.0037
  21.000   38.000        0.0000
  22.000   38.000        0.0001
  23.000   38.000        0.0000
  24.000   38.000        0.0000
  25.000   38.000        0.0000
  26.000   38.000        0.0000
  27.000   38.000        0.0000
  28.000   38.000        0.0000
  29.000   38.000        0.0010
  30.000   38.000        0.0004
  31.000   38.000        0.0003
  32.000   38.000        0.0000
  33.000   38.000        0.0361
  34.000   38.000        0.4905
  35.000   38.000        0.0000
  36.000   38.000        0.0000
  37.000   38.000        0.0000
  38.000   38.000        0.0000
  39.000   38.000        0.0000
  40.000   38.000        0.0000
  41.000   38.000        0.0000
  42.000   38.000        0.3436
  43.000   38.000        0.0424
  44.000   38.000        0.0000
  45.000   38.000        0.0000
  46.000   38.000        0.0000
  47.000   38.000        0.0000
   1.000   39.000        0.0001
   2.000   39.000        0.0000
   3.000   39.000        0.0010
   4.000   39.000        0.0000
   5.000   39.000        0.0004
   6.000   39.000        0.0000
   7.000   39.000        0.0001
   8.000   39.000        0.0000
   9.000   39.000        0.0000
  10.000   39.000        0.0000
  11.000   39.000        0.0000
  12.000   39.000        0.0000
  13.000   39.000        0.0000
  14.000   39.000        0.0000
  15.000   39.000        0.0000
  16.000   39.000        0.0000
  17.000   39.000        0.0000
  18.000   39.000        0.0000
  19.000   39.000        0.0000
  20.000   39.000        0.0000
  21.000   39.000        0.0000
  22.000   39.000        0.0000
  23.000   39.000        0.0000
  24.000   39.000        0.0000
  25.000   39.000        0.0000
  26.000   39.000        0.0000
  27.000   39.000        0.0000
  28.000   39.000        0.0000
  29.000   39.000        0.0000
  30.000   39.000        0.0000
  31.000   39.000        0.0001
  32.000   39.000        0.0000
  33.000   39.000        0.0000
  34.000   39.000        0.0020
  35.000   39.000        0.4844
  36.000   39.000        0.0000
  37.000   39.000        0.0000
  38.000   39.000        0.0000
  39.000   39.000        0.0000
  40.000   39.000        0.0000
  41.000   39.000        0.0000
  42.000   39.000        0.8662
  43.000   39.000        0.6734
  44.000   39.000        0.2093
  45.000   39.000        0.0042
  46.000   39.000        0.0005
  47.000   39.000        0.0061
   1.000   40.000        0.0658
   2.000   40.000        0.0410
   3.000   40.000        0.0431
   4.000   40.000        0.0483
   5.000   40.000        0.0112
   6.000   40.000        0.0118
   7.000   40.000        0.0088
   8.000   40.000        0.0000
   9.000   40.000        0.0000
  10.000   40.000        0.0000
  11.000   40.000        0.0000
  12.000   40.000        0.0000
  13.000   40.000        0.0000
  14.000   40.000        0.0000
  15.000   40.000        0.0000
  16.000   40.000        0.0000
  17.000   40.000        0.0000
  18.000   40.000        0.0037
  19.000   40.000        0.0000
  20.000   40.000        0.0000
  21.000   40.000        0.0002
  22.000   40.000        0.0000
  23.000   40.000        0.0000
  24.000   40.000        0.0000
  25.000   40.000        0.0000
  26.000   40.000        0.0000
  27.000   40.000        0.0001
  28.000   40.000        0.0000
  29.000   40.000        0.0004
  30.000   40.000        0.0305
  31.000   40.000        0.0178
  32.000   40.000        0.0000
  33.000   40.000        0.0000
  34.000   40.000        0.0132
  35.000   40.000        0.0130
  36.000   40.000        0.0000
  37.000   40.000        0.0000
  38.000   40.000        0.0000
  39.000   40.000        0.0000
  40.000   40.000        0.0000
  41.000   40.000        0.0000
  42.000   40.000        0.0000
  43.000   40.000        0.0000
  44.000   40.000        0.0000
  45.000   40.000        0.0143
  46.000   40.000        0.0054
  47.000   40.000        0.0000
   1.000   41.000        0.0478
   2.000   41.000        0.0450
   3.000   41.000        0.0898
   4.000   41.000        0.0420
   5.000   41.000        0.0000
   6.000   41.000        0.0250
   7.000   41.000        0.0159
   8.000   41.000        0.0000
   9.000   41.000        0.0035
  10.000   41.000        0.0014
  11.000   41.000        0.0000
  12.000   41.000        0.0003
  13.000   41.000        0.0206
  14.000   41.000        0.0000
  15.000   41.000        0.0000
  16.000   41.000        0.0099
  17.000   41.000        0.0000
  18.000   41.000        0.0000
  19.000   41.000        0.0000
  20.000   41.000        0.0000
  21.000   41.000        0.0000
  22.000   41.000        0.0000
  23.000   41.000        0.0000
  24.000   41.000        0.0000
  25.000   41.000        0.0000
  26.000   41.000        0.0000
  27.000   41.000        0.0001
  28.000   41.000        0.0000
  29.000   41.000        0.0000
  30.000   41.000        0.0240
  31.000   41.000        0.0000
  32.000   41.000        0.0000
  33.000   41.000        0.0099
  34.000   41.000        0.0186
  35.000   41.000        0.0474
  36.000   41.000        0.1549
  37.000   41.000        0.0000
  38.000   41.000        0.0000
  39.000   41.000        0.0000
  40.000   41.000        0.0000
  41.000   41.000        0.0000
  42.000   41.000        0.0000
  43.000   41.000        0.0000
  44.000   41.000        0.0000
  45.000   41.000        0.0021
  46.000   41.000        0.0013
  47.000   41.000        0.0001
   1.000   42.000        0.0046
   2.000   42.000        0.0770
   3.000   42.000        0.0368
   4.000   42.000        0.0015
   5.000   42.000        0.0004
   6.000   42.000        0.0009
   7.000   42.000        0.0000
   8.000   42.000        0.0000
   9.000   42.000        0.0000
  10.000   42.000        0.0000
  11.000   42.000        0.0000
  12.000   42.000        0.0000
  13.000   42.000        0.0000
  14.000   42.000        0.0000
  15.000   42.000        0.0000
  16.000   42.000        0.0000
  17.000   42.000        0.0000
  18.000   42.000        0.0002
  19.000   42.000        0.0000
  20.000   42.000        0.0000
  21.000   42.000        0.0000
  22.000   42.000        0.0000
  23.000   42.000        0.0000
  24.000   42.000        0.0000
  25.000   42.000        0.0000
  26.000   42.000        0.0000
  27.000   42.000        0.0000
  28.000   42.000        0.0000
  29.000   42.000        0.0000
  30.000   42.000        0.0000
  31.000   42.000        0.0000
  32.000   42.000        0.0000
  33.000   42.000        0.0000
  34.000   42.000        0.0000
  35.000   42.000        0.0011
  36.000   42.000        0.0166
  37.000   42.000        0.0286
  38.000   42.000        0.3436
  39.000   42.000        0.8662
  40.000   42.000        0.0000
  41.000   42.000        0.0000
  42.000   42.000        0.0000
  43.000   42.000        0.0000
  44.000   42.000        0.0000
  45.000   42.000        0.3887
  46.000   42.000        0.0039
  47.000   42.000        0.0021
   1.000   43.000        0.0039
   2.000   43.000        0.0337
   3.000   43.000        0.0004
   4.000   43.000        0.0004
   5.000   43.000        0.0000
   6.000   43.000        0.0329
   7.000   43.000        0.0124
   8.000   43.000        0.0000
   9.000   43.000        0.0000
  10.000   43.000        0.0000
  11.000   43.000        0.0000
  12.000   43.000        0.0000
  13.000   43.000        0.0000
  14.000   43.000        0.0000
  15.000   43.000        0.0000
  16.000   43.000        0.0000
  17.000   43.000        0.0000
  18.000   43.000        0.0000
  19.000   43.000        0.0000
  20.000   43.000        0.0000
  21.000   43.000        0.0000
  22.000   43.000        0.0000
  23.000   43.000        0.0000
  24.000   43.000        0.0000
  25.000   43.000        0.0000
  26.000   43.000        0.0000
  27.000   43.000        0.0000
  28.000   43.000        0.0000
  29.000   43.000        0.0000
  30.000   43.000        0.0035
  31.000   43.000        0.0000
  32.000   43.000        0.0000
  33.000   43.000        0.0000
  34.000   43.000        0.0000
  35.000   43.000        0.0001
  36.000   43.000        0.0214
  37.000   43.000        0.0000
  38.000   43.000        0.0424
  39.000   43.000        0.6734
  40.000   43.000        0.0000
  41.000   43.000        0.0000
  42.000   43.000        0.0000
  43.000   43.000        0.0000
  44.000   43.000        0.0000
  45.000   43.000        0.0000
  46.000   43.000        0.0000
  47.000   43.000        0.0000
   1.000   44.000        0.1396
   2.000   44.000        0.1278
   3.000   44.000        0.0114
   4.000   44.000        0.0072
   5.000   44.000        0.0796
   6.000   44.000        0.1302
   7.000   44.000        0.1378
   8.000   44.000        0.0004
   9.000   44.000        0.0000
  10.000   44.000        0.0005
  11.000   44.000        0.0000
  12.000   44.000        0.0000
  13.000   44.000        0.0000
  14.000   44.000        0.0006
  15.000   44.000        0.0000
  16.000   44.000        0.0000
  17.000   44.000        0.0000
  18.000   44.000        0.0000
  19.000   44.000        0.0000
  20.000   44.000        0.0000
  21.000   44.000        0.0000
  22.000   44.000        0.0000
  23.000   44.000        0.0000
  24.000   44.000        0.0000
  25.000   44.000        0.0000
  26.000   44.000        0.0016
  27.000   44.000        0.0021
  28.000   44.000        0.0000
  29.000   44.000        0.0000
  30.000   44.000        0.0001
  31.000   44.000        0.0000
  32.000   44.000        0.0000
  33.000   44.000        0.0000
  34.000   44.000        0.0000
  35.000   44.000        0.0000
  36.000   44.000        0.0001
  37.000   44.000        0.0000
  38.000   44.000        0.0000
  39.000   44.000        0.2093
  40.000   44.000        0.0000
  41.000   44.000        0.0000
  42.000   44.000        0.0000
  43.000   44.000        0.0000
  44.000   44.000        0.0000
  45.000   44.000        0.0000
  46.000   44.000        0.0000
  47.000   44.000        0.0000
   1.000   45.000        0.0005
   2.000   45.000        0.0014
   3.000   45.000        0.0014
   4.000   45.000        0.0000
   5.000   45.000        0.0000
   6.000   45.000        0.0000
   7.000   45.000        0.0013
   8.000   45.000        0.0000
   9.000   45.000        0.0000
  10.000   45.000        0.0000
  11.000   45.000        0.0000
  12.000   45.000        0.0000
  13.000   45.000        0.0000
  14.000   45.000        0.0000
  15.000   45.000        0.0000
  16.000   45.000        0.0000
  17.000   45.000        0.0000
  18.000   45.000        0.0000
  19.000   45.000        0.0000
  20.000   45.000        0.0000
  21.000   45.000        0.0000
  22.000   45.000        0.0000
  23.000   45.000        0.0000
  24.000   45.000        0.0000
  25.000   45.000        0.0000
  26.000   45.000        0.0036
  27.000   45.000        0.0030
  28.000   45.000        0.0000
  29.000   45.000        0.0000
  30.000   45.000        0.0002
  31.000   45.000        0.0007
  32.000   45.000        0.0000
  33.000   45.000        0.0008
  34.000   45.000        0.0000
  35.000   45.000        0.0000
  36.000   45.000        0.0000
  37.000   45.000        0.0000
  38.000   45.000        0.0000
  39.000   45.000        0.0042
  40.000   45.000        0.0143
  41.000   45.000        0.0021
  42.000   45.000        0.3887
  43.000   45.000        0.0000
  44.000   45.000        0.0000
  45.000   45.000        0.0000
  46.000   45.000        0.0000
  47.000   45.000        0.0000
   1.000   46.000        0.0138
   2.000   46.000        0.0022
   3.000   46.000        0.0011
   4.000   46.000        0.0000
   5.000   46.000        0.0010
   6.000   46.000        0.0000
   7.000   46.000        0.0000
   8.000   46.000        0.0000
   9.000   46.000        0.0000
  10.000   46.000        0.0000
  11.000   46.000        0.0000
  12.000   46.000        0.0000
  13.000   46.000        0.0000
  14.000   46.000        0.0000
  15.000   46.000        0.0000
  16.000   46.000        0.0000
  17.000   46.000        0.0000
  18.000   46.000        0.0000
  19.000   46.000        0.0000
  20.000   46.000        0.0000
  21.000   46.000        0.0000
  22.000   46.000        0.0000
  23.000   46.000        0.0000
  24.000   46.000        0.0000
  25.000   46.000        0.0000
  26.000   46.000        0.0057
  27.000   46.000        0.0021
  28.000   46.000        0.0000
  29.000   46.000        0.0000
  30.000   46.000        0.0001
  31.000   46.000        0.0006
  32.000   46.000        0.0000
  33.000   46.000        0.0000
  34.000   46.000        0.0000
  35.000   46.000        0.0000
  36.000   46.000        0.0000
  37.000   46.000        0.0000
  38.000   46.000        0.0000
  39.000   46.000        0.0005
  40.000   46.000        0.0054
  41.000   46.000        0.0013
  42.000   46.000        0.0039
  43.000   46.000        0.0000
  44.000   46.000        0.0000
  45.000   46.000        0.0000
  46.000   46.000        0.0000
  47.000   46.000        0.0000
   1.000   47.000        0.0200
   2.000   47.000        0.0134
   3.000   47.000        0.0022
   4.000   47.000        0.0018
   5.000   47.000        0.0001
   6.000   47.000        0.0000
   7.000   47.000        0.0198
   8.000   47.000        0.0000
   9.000   47.000        0.0000
  10.000   47.000        0.0000
  11.000   47.000        0.0000
  12.000   47.000        0.0000
  13.000   47.000        0.0000
  14.000   47.000        0.0000
  15.000   47.000        0.0000
  16.000   47.000        0.0000
  17.000   47.000        0.0000
  18.000   47.000        0.0000
  19.000   47.000        0.0000
  20.000   47.000        0.0000
  21.000   47.000        0.0000
  22.000   47.000        0.0000
  23.000   47.000        0.0000
  24.000   47.000        0.0000
  25.000   47.000        0.0003
  26.000   47.000        0.0105
  27.000   47.000        0.0044
  28.000   47.000        0.0000
  29.000   47.000        0.0002
  30.000   47.000        0.0007
  31.000   47.000        0.0004
  32.000   47.000        0.0009
  33.000   47.000        0.0000
  34.000   47.000        0.0000
  35.000   47.000        0.0000
  36.000   47.000        0.0026
  37.000   47.000        0.0004
  38.000   47.000        0.0000
  39.000   47.000        0.0061
  40.000   47.000        0.0000
  41.000   47.000        0.0001
  42.000   47.000        0.0021
  43.000   47.000        0.0000
  44.000   47.000        0.0000
  45.000   47.000        0.0000
  46.000   47.000        0.0000
  47.000   47.000        0.0000
