#Residue Residue Contacts_00007[nonnatmap]
   1.000    1.000        0.0000
   2.000    1.000        0.0000
   3.000    1.000        0.0000
   4.000    1.000        0.0000
   5.000    1.000        0.0000
   6.000    1.000        0.0000
   7.000    1.000        0.0019
   8.000    1.000        0.0000
   9.000    1.000        0.0000
  10.000    1.000        0.0000
  11.000    1.000        0.0000
  12.000    1.000        0.0004
  13.000    1.000        0.0116
  14.000    1.000        0.0000
  15.000    1.000        0.0000
  16.000    1.000        0.0240
  17.000    1.000        0.0000
  18.000    1.000        0.0000
  19.000    1.000        0.0004
  20.000    1.000        0.0052
  21.000    1.000        0.0000
  22.000    1.000        0.0000
  23.000    1.000        0.0000
  24.000    1.000        0.0054
  25.000    1.000        0.0026
  26.000    1.000        0.0096
  27.000    1.000        0.0112
  28.000    1.000        0.0018
  29.000    1.000        0.0000
  30.000    1.000        0.0078
  31.000    1.000        0.1280
  32.000    1.000        0.1452
  33.000    1.000        0.0012
  34.000    1.000        0.0030
  35.000    1.000        0.0010
  36.000    1.000        0.0032
  37.000    1.000        0.0108
  38.000    1.000        0.0089
  39.000    1.000        0.0062
  40.000    1.000        0.0033
  41.000    1.000        0.0063
  42.000    1.000        0.0008
  43.000    1.000        0.0503
  44.000    1.000        0.1155
  45.000    1.000        0.0228
  46.000    1.000        0.0422
  47.000    1.000        0.0520
   1.000    2.000        0.0000
   2.000    2.000        0.0000
   3.000    2.000        0.0000
   4.000    2.000        0.0000
   5.000    2.000        0.0000
   6.000    2.000        0.0435
   7.000    2.000        0.0457
   8.000    2.000        0.0000
   9.000    2.000        0.0034
  10.000    2.000        0.0000
  11.000    2.000        0.0002
  12.000    2.000        0.0065
  13.000    2.000        0.0402
  14.000    2.000        0.0000
  15.000    2.000        0.0001
  16.000    2.000        0.0637
  17.000    2.000        0.0000
  18.000    2.000        0.0000
  19.000    2.000        0.0032
  20.000    2.000        0.0322
  21.000    2.000        0.0000
  22.000    2.000        0.0000
  23.000    2.000        0.0000
  24.000    2.000        0.0090
  25.000    2.000        0.0000
  26.000    2.000        0.0092
  27.000    2.000        0.0353
  28.000    2.000        0.0141
  29.000    2.000        0.0324
  30.000    2.000        0.1485
  31.000    2.000        0.1607
  32.000    2.000        0.1557
  33.000    2.000        0.0015
  34.000    2.000        0.0000
  35.000    2.000        0.0000
  36.000    2.000        0.0000
  37.000    2.000        0.0022
  38.000    2.000        0.0000
  39.000    2.000        0.0000
  40.000    2.000        0.0003
  41.000    2.000        0.0237
  42.000    2.000        0.0488
  43.000    2.000        0.0657
  44.000    2.000        0.0919
  45.000    2.000        0.0153
  46.000    2.000        0.0064
  47.000    2.000        0.0125
   1.000    3.000        0.0000
   2.000    3.000        0.0000
   3.000    3.000        0.0000
   4.000    3.000        0.0000
   5.000    3.000        0.0000
   6.000    3.000        0.0000
   7.000    3.000        0.0854
   8.000    3.000        0.0000
   9.000    3.000        0.0016
  10.000    3.000        0.0004
  11.000    3.000        0.0045
  12.000    3.000        0.0413
  13.000    3.000        0.0002
  14.000    3.000        0.0000
  15.000    3.000        0.0010
  16.000    3.000        0.0000
  17.000    3.000        0.0000
  18.000    3.000        0.0000
  19.000    3.000        0.0001
  20.000    3.000        0.0162
  21.000    3.000        0.0072
  22.000    3.000        0.0042
  23.000    3.000        0.0000
  24.000    3.000        0.0000
  25.000    3.000        0.0000
  26.000    3.000        0.0023
  27.000    3.000        0.0254
  28.000    3.000        0.0184
  29.000    3.000        0.0220
  30.000    3.000        0.1628
  31.000    3.000        0.1627
  32.000    3.000        0.1574
  33.000    3.000        0.0065
  34.000    3.000        0.0000
  35.000    3.000        0.0000
  36.000    3.000        0.0002
  37.000    3.000        0.0018
  38.000    3.000        0.0002
  39.000    3.000        0.0002
  40.000    3.000        0.0013
  41.000    3.000        0.0024
  42.000    3.000        0.0579
  43.000    3.000        0.0747
  44.000    3.000        0.0749
  45.000    3.000        0.0023
  46.000    3.000        0.0003
  47.000    3.000        0.0030
   1.000    4.000        0.0000
   2.000    4.000        0.0000
   3.000    4.000        0.0000
   4.000    4.000        0.0000
   5.000    4.000        0.0000
   6.000    4.000        0.0000
   7.000    4.000        0.1288
   8.000    4.000        0.0901
   9.000    4.000        0.0270
  10.000    4.000        0.0000
  11.000    4.000        0.0015
  12.000    4.000        0.0056
  13.000    4.000        0.0145
  14.000    4.000        0.0000
  15.000    4.000        0.0000
  16.000    4.000        0.0000
  17.000    4.000        0.0001
  18.000    4.000        0.0004
  19.000    4.000        0.0000
  20.000    4.000        0.0018
  21.000    4.000        0.0000
  22.000    4.000        0.0000
  23.000    4.000        0.0000
  24.000    4.000        0.0000
  25.000    4.000        0.0000
  26.000    4.000        0.0005
  27.000    4.000        0.0336
  28.000    4.000        0.0149
  29.000    4.000        0.0132
  30.000    4.000        0.0292
  31.000    4.000        0.0086
  32.000    4.000        0.0073
  33.000    4.000        0.0000
  34.000    4.000        0.0000
  35.000    4.000        0.0000
  36.000    4.000        0.0000
  37.000    4.000        0.0000
  38.000    4.000        0.0000
  39.000    4.000        0.0010
  40.000    4.000        0.0013
  41.000    4.000        0.0004
  42.000    4.000        0.0041
  43.000    4.000        0.0001
  44.000    4.000        0.0037
  45.000    4.000        0.0003
  46.000    4.000        0.0076
  47.000    4.000        0.0077
   1.000    5.000        0.0000
   2.000    5.000        0.0000
   3.000    5.000        0.0000
   4.000    5.000        0.0000
   5.000    5.000        0.0000
   6.000    5.000        0.0000
   7.000    5.000        0.0000
   8.000    5.000        0.0000
   9.000    5.000        0.0000
  10.000    5.000        0.0011
  11.000    5.000        0.0032
  12.000    5.000        0.0230
  13.000    5.000        0.0720
  14.000    5.000        0.0004
  15.000    5.000        0.0000
  16.000    5.000        0.0411
  17.000    5.000        0.0796
  18.000    5.000        0.0001
  19.000    5.000        0.0000
  20.000    5.000        0.0064
  21.000    5.000        0.0032
  22.000    5.000        0.0015
  23.000    5.000        0.0010
  24.000    5.000        0.0000
  25.000    5.000        0.0000
  26.000    5.000        0.0000
  27.000    5.000        0.0024
  28.000    5.000        0.0010
  29.000    5.000        0.0016
  30.000    5.000        0.0045
  31.000    5.000        0.0000
  32.000    5.000        0.0000
  33.000    5.000        0.0000
  34.000    5.000        0.0000
  35.000    5.000        0.0000
  36.000    5.000        0.0000
  37.000    5.000        0.0000
  38.000    5.000        0.0000
  39.000    5.000        0.0000
  40.000    5.000        0.0052
  41.000    5.000        0.0007
  42.000    5.000        0.0006
  43.000    5.000        0.0009
  44.000    5.000        0.0006
  45.000    5.000        0.0000
  46.000    5.000        0.0024
  47.000    5.000        0.0030
   1.000    6.000        0.0000
   2.000    6.000        0.0435
   3.000    6.000        0.0000
   4.000    6.000        0.0000
   5.000    6.000        0.0000
   6.000    6.000        0.0000
   7.000    6.000        0.0000
   8.000    6.000        0.0000
   9.000    6.000        0.0000
  10.000    6.000        0.0001
  11.000    6.000        0.0000
  12.000    6.000        0.0043
  13.000    6.000        0.0329
  14.000    6.000        0.0000
  15.000    6.000        0.0000
  16.000    6.000        0.0004
  17.000    6.000        0.0218
  18.000    6.000        0.0000
  19.000    6.000        0.0000
  20.000    6.000        0.0012
  21.000    6.000        0.0001
  22.000    6.000        0.0015
  23.000    6.000        0.0000
  24.000    6.000        0.0000
  25.000    6.000        0.0000
  26.000    6.000        0.0000
  27.000    6.000        0.0048
  28.000    6.000        0.0240
  29.000    6.000        0.0047
  30.000    6.000        0.0271
  31.000    6.000        0.0016
  32.000    6.000        0.0000
  33.000    6.000        0.0000
  34.000    6.000        0.0000
  35.000    6.000        0.0000
  36.000    6.000        0.0000
  37.000    6.000        0.0012
  38.000    6.000        0.0018
  39.000    6.000        0.0000
  40.000    6.000        0.0001
  41.000    6.000        0.0000
  42.000    6.000        0.0003
  43.000    6.000        0.0040
  44.000    6.000        0.0068
  45.000    6.000        0.0013
  46.000    6.000        0.0029
  47.000    6.000        0.0017
   1.000    7.000        0.0019
   2.000    7.000        0.0457
   3.000    7.000        0.0854
   4.000    7.000        0.1288
   5.000    7.000        0.0000
   6.000    7.000        0.0000
   7.000    7.000        0.0000
   8.000    7.000        0.0000
   9.000    7.000        0.0000
  10.000    7.000        0.0000
  11.000    7.000        0.0045
  12.000    7.000        0.0340
  13.000    7.000        0.0184
  14.000    7.000        0.0000
  15.000    7.000        0.0002
  16.000    7.000        0.0000
  17.000    7.000        0.0008
  18.000    7.000        0.0000
  19.000    7.000        0.0000
  20.000    7.000        0.0000
  21.000    7.000        0.0000
  22.000    7.000        0.0000
  23.000    7.000        0.0000
  24.000    7.000        0.0000
  25.000    7.000        0.0000
  26.000    7.000        0.0000
  27.000    7.000        0.0010
  28.000    7.000        0.0029
  29.000    7.000        0.0074
  30.000    7.000        0.0271
  31.000    7.000        0.0001
  32.000    7.000        0.0000
  33.000    7.000        0.0000
  34.000    7.000        0.0000
  35.000    7.000        0.0000
  36.000    7.000        0.0000
  37.000    7.000        0.0000
  38.000    7.000        0.0000
  39.000    7.000        0.0000
  40.000    7.000        0.0025
  41.000    7.000        0.0000
  42.000    7.000        0.0000
  43.000    7.000        0.0000
  44.000    7.000        0.0000
  45.000    7.000        0.0000
  46.000    7.000        0.0001
  47.000    7.000        0.0001
   1.000    8.000        0.0000
   2.000    8.000        0.0000
   3.000    8.000        0.0000
   4.000    8.000        0.0901
   5.000    8.000        0.0000
   6.000    8.000        0.0000
   7.000    8.000        0.0000
   8.000    8.000        0.0000
   9.000    8.000        0.0000
  10.000    8.000        0.0000
  11.000    8.000        0.0000
  12.000    8.000        0.0000
  13.000    8.000        0.0000
  14.000    8.000        0.0083
  15.000    8.000        0.0008
  16.000    8.000        0.0000
  17.000    8.000        0.0000
  18.000    8.000        0.0000
  19.000    8.000        0.0000
  20.000    8.000        0.0000
  21.000    8.000        0.0000
  22.000    8.000        0.0000
  23.000    8.000        0.0000
  24.000    8.000        0.0000
  25.000    8.000        0.0000
  26.000    8.000        0.0000
  27.000    8.000        0.0000
  28.000    8.000        0.0000
  29.000    8.000        0.0000
  30.000    8.000        0.0000
  31.000    8.000        0.0000
  32.000    8.000        0.0000
  33.000    8.000        0.0000
  34.000    8.000        0.0000
  35.000    8.000        0.0000
  36.000    8.000        0.0000
  37.000    8.000        0.0002
  38.000    8.000        0.0004
  39.000    8.000        0.0000
  40.000    8.000        0.0008
  41.000    8.000        0.0000
  42.000    8.000        0.0000
  43.000    8.000        0.0000
  44.000    8.000        0.0000
  45.000    8.000        0.0000
  46.000    8.000        0.0000
  47.000    8.000        0.0000
   1.000    9.000        0.0000
   2.000    9.000        0.0034
   3.000    9.000        0.0016
   4.000    9.000        0.0270
   5.000    9.000        0.0000
   6.000    9.000        0.0000
   7.000    9.000        0.0000
   8.000    9.000        0.0000
   9.000    9.000        0.0000
  10.000    9.000        0.0000
  11.000    9.000        0.0000
  12.000    9.000        0.0000
  13.000    9.000        0.0000
  14.000    9.000        0.0000
  15.000    9.000        0.0057
  16.000    9.000        0.0074
  17.000    9.000        0.0564
  18.000    9.000        0.0052
  19.000    9.000        0.0000
  20.000    9.000        0.0000
  21.000    9.000        0.0000
  22.000    9.000        0.0000
  23.000    9.000        0.0000
  24.000    9.000        0.0000
  25.000    9.000        0.0000
  26.000    9.000        0.0000
  27.000    9.000        0.0000
  28.000    9.000        0.0000
  29.000    9.000        0.0000
  30.000    9.000        0.0003
  31.000    9.000        0.0000
  32.000    9.000        0.0000
  33.000    9.000        0.0000
  34.000    9.000        0.0000
  35.000    9.000        0.0003
  36.000    9.000        0.0000
  37.000    9.000        0.0000
  38.000    9.000        0.0038
  39.000    9.000        0.0006
  40.000    9.000        0.0008
  41.000    9.000        0.0000
  42.000    9.000        0.0000
  43.000    9.000        0.0000
  44.000    9.000        0.0000
  45.000    9.000        0.0000
  46.000    9.000        0.0000
  47.000    9.000        0.0000
   1.000   10.000        0.0000
   2.000   10.000        0.0000
   3.000   10.000        0.0004
   4.000   10.000        0.0000
   5.000   10.000        0.0011
   6.000   10.000        0.0001
   7.000   10.000        0.0000
   8.000   10.000        0.0000
   9.000   10.000        0.0000
  10.000   10.000        0.0000
  11.000   10.000        0.0000
  12.000   10.000        0.0000
  13.000   10.000        0.0000
  14.000   10.000        0.0000
  15.000   10.000        0.0007
  16.000   10.000        0.0006
  17.000   10.000        0.0015
  18.000   10.000        0.0001
  19.000   10.000        0.0000
  20.000   10.000        0.0003
  21.000   10.000        0.0000
  22.000   10.000        0.0000
  23.000   10.000        0.0000
  24.000   10.000        0.0000
  25.000   10.000        0.0000
  26.000   10.000        0.0000
  27.000   10.000        0.0000
  28.000   10.000        0.0000
  29.000   10.000        0.0000
  30.000   10.000        0.0000
  31.000   10.000        0.0000
  32.000   10.000        0.0000
  33.000   10.000        0.0000
  34.000   10.000        0.0014
  35.000   10.000        0.0056
  36.000   10.000        0.0016
  37.000   10.000        0.0008
  38.000   10.000        0.0038
  39.000   10.000        0.0010
  40.000   10.000        0.0003
  41.000   10.000        0.0000
  42.000   10.000        0.0000
  43.000   10.000        0.0000
  44.000   10.000        0.0000
  45.000   10.000        0.0000
  46.000   10.000        0.0006
  47.000   10.000        0.0000
   1.000   11.000        0.0000
   2.000   11.000        0.0002
   3.000   11.000        0.0045
   4.000   11.000        0.0015
   5.000   11.000        0.0032
   6.000   11.000        0.0000
   7.000   11.000        0.0045
   8.000   11.000        0.0000
   9.000   11.000        0.0000
  10.000   11.000        0.0000
  11.000   11.000        0.0000
  12.000   11.000        0.0000
  13.000   11.000        0.0000
  14.000   11.000        0.0000
  15.000   11.000        0.0956
  16.000   11.000        0.0000
  17.000   11.000        0.0031
  18.000   11.000        0.0000
  19.000   11.000        0.0000
  20.000   11.000        0.0000
  21.000   11.000        0.0000
  22.000   11.000        0.0000
  23.000   11.000        0.0000
  24.000   11.000        0.0000
  25.000   11.000        0.0000
  26.000   11.000        0.0000
  27.000   11.000        0.0000
  28.000   11.000        0.0000
  29.000   11.000        0.0000
  30.000   11.000        0.0000
  31.000   11.000        0.0000
  32.000   11.000        0.0000
  33.000   11.000        0.0000
  34.000   11.000        0.0000
  35.000   11.000        0.0016
  36.000   11.000        0.0000
  37.000   11.000        0.0000
  38.000   11.000        0.0000
  39.000   11.000        0.0000
  40.000   11.000        0.0000
  41.000   11.000        0.0000
  42.000   11.000        0.0000
  43.000   11.000        0.0000
  44.000   11.000        0.0000
  45.000   11.000        0.0000
  46.000   11.000        0.0000
  47.000   11.000        0.0000
   1.000   12.000        0.0004
   2.000   12.000        0.0065
   3.000   12.000        0.0413
   4.000   12.000        0.0056
   5.000   12.000        0.0230
   6.000   12.000        0.0043
   7.000   12.000        0.0340
   8.000   12.000        0.0000
   9.000   12.000        0.0000
  10.000   12.000        0.0000
  11.000   12.000        0.0000
  12.000   12.000        0.0000
  13.000   12.000        0.0000
  14.000   12.000        0.0000
  15.000   12.000        0.1782
  16.000   12.000        0.2970
  17.000   12.000        0.1612
  18.000   12.000        0.0000
  19.000   12.000        0.0000
  20.000   12.000        0.0006
  21.000   12.000        0.0000
  22.000   12.000        0.0000
  23.000   12.000        0.0000
  24.000   12.000        0.0000
  25.000   12.000        0.0000
  26.000   12.000        0.0000
  27.000   12.000        0.0000
  28.000   12.000        0.0000
  29.000   12.000        0.0000
  30.000   12.000        0.0000
  31.000   12.000        0.0000
  32.000   12.000        0.0000
  33.000   12.000        0.0000
  34.000   12.000        0.0000
  35.000   12.000        0.0000
  36.000   12.000        0.0000
  37.000   12.000        0.0000
  38.000   12.000        0.0000
  39.000   12.000        0.0000
  40.000   12.000        0.0000
  41.000   12.000        0.0000
  42.000   12.000        0.0000
  43.000   12.000        0.0000
  44.000   12.000        0.0000
  45.000   12.000        0.0000
  46.000   12.000        0.0000
  47.000   12.000        0.0000
   1.000   13.000        0.0116
   2.000   13.000        0.0402
   3.000   13.000        0.0002
   4.000   13.000        0.0145
   5.000   13.000        0.0720
   6.000   13.000        0.0329
   7.000   13.000        0.0184
   8.000   13.000        0.0000
   9.000   13.000        0.0000
  10.000   13.000        0.0000
  11.000   13.000        0.0000
  12.000   13.000        0.0000
  13.000   13.000        0.0000
  14.000   13.000        0.0000
  15.000   13.000        0.0000
  16.000   13.000        0.0000
  17.000   13.000        0.0000
  18.000   13.000        0.0033
  19.000   13.000        0.0000
  20.000   13.000        0.0000
  21.000   13.000        0.0000
  22.000   13.000        0.0000
  23.000   13.000        0.0000
  24.000   13.000        0.0000
  25.000   13.000        0.0000
  26.000   13.000        0.0000
  27.000   13.000        0.0000
  28.000   13.000        0.0000
  29.000   13.000        0.0000
  30.000   13.000        0.0000
  31.000   13.000        0.0000
  32.000   13.000        0.0000
  33.000   13.000        0.0000
  34.000   13.000        0.0000
  35.000   13.000        0.0000
  36.000   13.000        0.0000
  37.000   13.000        0.0000
  38.000   13.000        0.0000
  39.000   13.000        0.0000
  40.000   13.000        0.0000
  41.000   13.000        0.0000
  42.000   13.000        0.0004
  43.000   13.000        0.0001
  44.000   13.000        0.0000
  45.000   13.000        0.0000
  46.000   13.000        0.0000
  47.000   13.000        0.0000
   1.000   14.000        0.0000
   2.000   14.000        0.0000
   3.000   14.000        0.0000
   4.000   14.000        0.0000
   5.000   14.000        0.0004
   6.000   14.000        0.0000
   7.000   14.000        0.0000
   8.000   14.000        0.0083
   9.000   14.000        0.0000
  10.000   14.000        0.0000
  11.000   14.000        0.0000
  12.000   14.000        0.0000
  13.000   14.000        0.0000
  14.000   14.000        0.0000
  15.000   14.000        0.0000
  16.000   14.000        0.0000
  17.000   14.000        0.0000
  18.000   14.000        0.0000
  19.000   14.000        0.0000
  20.000   14.000        0.0000
  21.000   14.000        0.0000
  22.000   14.000        0.0000
  23.000   14.000        0.0000
  24.000   14.000        0.0000
  25.000   14.000        0.0000
  26.000   14.000        0.0000
  27.000   14.000        0.0000
  28.000   14.000        0.0000
  29.000   14.000        0.0000
  30.000   14.000        0.0000
  31.000   14.000        0.0000
  32.000   14.000        0.0000
  33.000   14.000        0.0000
  34.000   14.000        0.0000
  35.000   14.000        0.0000
  36.000   14.000        0.0000
  37.000   14.000        0.0000
  38.000   14.000        0.0000
  39.000   14.000        0.0000
  40.000   14.000        0.0000
  41.000   14.000        0.0000
  42.000   14.000        0.0000
  43.000   14.000        0.0000
  44.000   14.000        0.0000
  45.000   14.000        0.0000
  46.000   14.000        0.0000
  47.000   14.000        0.0000
   1.000   15.000        0.0000
   2.000   15.000        0.0001
   3.000   15.000        0.0010
   4.000   15.000        0.0000
   5.000   15.000        0.0000
   6.000   15.000        0.0000
   7.000   15.000        0.0002
   8.000   15.000        0.0008
   9.000   15.000        0.0057
  10.000   15.000        0.0007
  11.000   15.000        0.0956
  12.000   15.000        0.1782
  13.000   15.000        0.0000
  14.000   15.000        0.0000
  15.000   15.000        0.0000
  16.000   15.000        0.0000
  17.000   15.000        0.0000
  18.000   15.000        0.0000
  19.000   15.000        0.0000
  20.000   15.000        0.0010
  21.000   15.000        0.0000
  22.000   15.000        0.0000
  23.000   15.000        0.0000
  24.000   15.000        0.0000
  25.000   15.000        0.0000
  26.000   15.000        0.0000
  27.000   15.000        0.0012
  28.000   15.000        0.0002
  29.000   15.000        0.0000
  30.000   15.000        0.0015
  31.000   15.000        0.0096
  32.000   15.000        0.0364
  33.000   15.000        0.0120
  34.000   15.000        0.0000
  35.000   15.000        0.0000
  36.000   15.000        0.0000
  37.000   15.000        0.0000
  38.000   15.000        0.0000
  39.000   15.000        0.0000
  40.000   15.000        0.0000
  41.000   15.000        0.0000
  42.000   15.000        0.0000
  43.000   15.000        0.0000
  44.000   15.000        0.0000
  45.000   15.000        0.0000
  46.000   15.000        0.0000
  47.000   15.000        0.0000
   1.000   16.000        0.0240
   2.000   16.000        0.0637
   3.000   16.000        0.0000
   4.000   16.000        0.0000
   5.000   16.000        0.0411
   6.000   16.000        0.0004
   7.000   16.000        0.0000
   8.000   16.000        0.0000
   9.000   16.000        0.0074
  10.000   16.000        0.0006
  11.000   16.000        0.0000
  12.000   16.000        0.2970
  13.000   16.000        0.0000
  14.000   16.000        0.0000
  15.000   16.000        0.0000
  16.000   16.000        0.0000
  17.000   16.000        0.0000
  18.000   16.000        0.0000
  19.000   16.000        0.0000
  20.000   16.000        0.0000
  21.000   16.000        0.0001
  22.000   16.000        0.0000
  23.000   16.000        0.0003
  24.000   16.000        0.0037
  25.000   16.000        0.0064
  26.000   16.000        0.0000
  27.000   16.000        0.0000
  28.000   16.000        0.0000
  29.000   16.000        0.0000
  30.000   16.000        0.0000
  31.000   16.000        0.0000
  32.000   16.000        0.0023
  33.000   16.000        0.0000
  34.000   16.000        0.0000
  35.000   16.000        0.0000
  36.000   16.000        0.0000
  37.000   16.000        0.0000
  38.000   16.000        0.0000
  39.000   16.000        0.0000
  40.000   16.000        0.0000
  41.000   16.000        0.0000
  42.000   16.000        0.0000
  43.000   16.000        0.0000
  44.000   16.000        0.0000
  45.000   16.000        0.0000
  46.000   16.000        0.0000
  47.000   16.000        0.0000
   1.000   17.000        0.0000
   2.000   17.000        0.0000
   3.000   17.000        0.0000
   4.000   17.000        0.0001
   5.000   17.000        0.0796
   6.000   17.000        0.0218
   7.000   17.000        0.0008
   8.000   17.000        0.0000
   9.000   17.000        0.0564
  10.000   17.000        0.0015
  11.000   17.000        0.0031
  12.000   17.000        0.1612
  13.000   17.000        0.0000
  14.000   17.000        0.0000
  15.000   17.000        0.0000
  16.000   17.000        0.0000
  17.000   17.000        0.0000
  18.000   17.000        0.0000
  19.000   17.000        0.0000
  20.000   17.000        0.0000
  21.000   17.000        0.0000
  22.000   17.000        0.0080
  23.000   17.000        0.0127
  24.000   17.000        0.0104
  25.000   17.000        0.0113
  26.000   17.000        0.0001
  27.000   17.000        0.0021
  28.000   17.000        0.0035
  29.000   17.000        0.0000
  30.000   17.000        0.0000
  31.000   17.000        0.0000
  32.000   17.000        0.0000
  33.000   17.000        0.0000
  34.000   17.000        0.0000
  35.000   17.000        0.0000
  36.000   17.000        0.0000
  37.000   17.000        0.0000
  38.000   17.000        0.0000
  39.000   17.000        0.0000
  40.000   17.000        0.0000
  41.000   17.000        0.0000
  42.000   17.000        0.0000
  43.000   17.000        0.0000
  44.000   17.000        0.0000
  45.000   17.000        0.0002
  46.000   17.000        0.0007
  47.000   17.000        0.0000
   1.000   18.000        0.0000
   2.000   18.000        0.0000
   3.000   18.000        0.0000
   4.000   18.000        0.0004
   5.000   18.000        0.0001
   6.000   18.000        0.0000
   7.000   18.000        0.0000
   8.000   18.000        0.0000
   9.000   18.000        0.0052
  10.000   18.000        0.0001
  11.000   18.000        0.0000
  12.000   18.000        0.0000
  13.000   18.000        0.0033
  14.000   18.000        0.0000
  15.000   18.000        0.0000
  16.000   18.000        0.0000
  17.000   18.000        0.0000
  18.000   18.000        0.0000
  19.000   18.000        0.0000
  20.000   18.000        0.0000
  21.000   18.000        0.0000
  22.000   18.000        0.0000
  23.000   18.000        0.0330
  24.000   18.000        0.0206
  25.000   18.000        0.0087
  26.000   18.000        0.0004
  27.000   18.000        0.0086
  28.000   18.000        0.0083
  29.000   18.000        0.0053
  30.000   18.000        0.0158
  31.000   18.000        0.0002
  32.000   18.000        0.0000
  33.000   18.000        0.0000
  34.000   18.000        0.0000
  35.000   18.000        0.0000
  36.000   18.000        0.0000
  37.000   18.000        0.0000
  38.000   18.000        0.0000
  39.000   18.000        0.0000
  40.000   18.000        0.0000
  41.000   18.000        0.0000
  42.000   18.000        0.0000
  43.000   18.000        0.0000
  44.000   18.000        0.0000
  45.000   18.000        0.0000
  46.000   18.000        0.0002
  47.000   18.000        0.0000
   1.000   19.000        0.0004
   2.000   19.000        0.0032
   3.000   19.000        0.0001
   4.000   19.000        0.0000
   5.000   19.000        0.0000
   6.000   19.000        0.0000
   7.000   19.000        0.0000
   8.000   19.000        0.0000
   9.000   19.000        0.0000
  10.000   19.000        0.0000
  11.000   19.000        0.0000
  12.000   19.000        0.0000
  13.000   19.000        0.0000
  14.000   19.000        0.0000
  15.000   19.000        0.0000
  16.000   19.000        0.0000
  17.000   19.000        0.0000
  18.000   19.000        0.0000
  19.000   19.000        0.0000
  20.000   19.000        0.0000
  21.000   19.000        0.0000
  22.000   19.000        0.0000
  23.000   19.000        0.0720
  24.000   19.000        0.0069
  25.000   19.000        0.0041
  26.000   19.000        0.0031
  27.000   19.000        0.0126
  28.000   19.000        0.0113
  29.000   19.000        0.0144
  30.000   19.000        0.0212
  31.000   19.000        0.0000
  32.000   19.000        0.0002
  33.000   19.000        0.0000
  34.000   19.000        0.0000
  35.000   19.000        0.0000
  36.000   19.000        0.0000
  37.000   19.000        0.0000
  38.000   19.000        0.0103
  39.000   19.000        0.0019
  40.000   19.000        0.0003
  41.000   19.000        0.0000
  42.000   19.000        0.0000
  43.000   19.000        0.0000
  44.000   19.000        0.0000
  45.000   19.000        0.0000
  46.000   19.000        0.0000
  47.000   19.000        0.0017
   1.000   20.000        0.0052
   2.000   20.000        0.0322
   3.000   20.000        0.0162
   4.000   20.000        0.0018
   5.000   20.000        0.0064
   6.000   20.000        0.0012
   7.000   20.000        0.0000
   8.000   20.000        0.0000
   9.000   20.000        0.0000
  10.000   20.000        0.0003
  11.000   20.000        0.0000
  12.000   20.000        0.0006
  13.000   20.000        0.0000
  14.000   20.000        0.0000
  15.000   20.000        0.0010
  16.000   20.000        0.0000
  17.000   20.000        0.0000
  18.000   20.000        0.0000
  19.000   20.000        0.0000
  20.000   20.000        0.0000
  21.000   20.000        0.0000
  22.000   20.000        0.0000
  23.000   20.000        0.1097
  24.000   20.000        0.0969
  25.000   20.000        0.0405
  26.000   20.000        0.0112
  27.000   20.000        0.0073
  28.000   20.000        0.0802
  29.000   20.000        0.0002
  30.000   20.000        0.0040
  31.000   20.000        0.0006
  32.000   20.000        0.0000
  33.000   20.000        0.0000
  34.000   20.000        0.0004
  35.000   20.000        0.0002
  36.000   20.000        0.0000
  37.000   20.000        0.0000
  38.000   20.000        0.0062
  39.000   20.000        0.0008
  40.000   20.000        0.0000
  41.000   20.000        0.0000
  42.000   20.000        0.0004
  43.000   20.000        0.0000
  44.000   20.000        0.0000
  45.000   20.000        0.0000
  46.000   20.000        0.0014
  47.000   20.000        0.0029
   1.000   21.000        0.0000
   2.000   21.000        0.0000
   3.000   21.000        0.0072
   4.000   21.000        0.0000
   5.000   21.000        0.0032
   6.000   21.000        0.0001
   7.000   21.000        0.0000
   8.000   21.000        0.0000
   9.000   21.000        0.0000
  10.000   21.000        0.0000
  11.000   21.000        0.0000
  12.000   21.000        0.0000
  13.000   21.000        0.0000
  14.000   21.000        0.0000
  15.000   21.000        0.0000
  16.000   21.000        0.0001
  17.000   21.000        0.0000
  18.000   21.000        0.0000
  19.000   21.000        0.0000
  20.000   21.000        0.0000
  21.000   21.000        0.0000
  22.000   21.000        0.0000
  23.000   21.000        0.0000
  24.000   21.000        0.0000
  25.000   21.000        0.0000
  26.000   21.000        0.0178
  27.000   21.000        0.0129
  28.000   21.000        0.0000
  29.000   21.000        0.0384
  30.000   21.000        0.0081
  31.000   21.000        0.0010
  32.000   21.000        0.0000
  33.000   21.000        0.0000
  34.000   21.000        0.0000
  35.000   21.000        0.0000
  36.000   21.000        0.0000
  37.000   21.000        0.0000
  38.000   21.000        0.0145
  39.000   21.000        0.0073
  40.000   21.000        0.0000
  41.000   21.000        0.0000
  42.000   21.000        0.0001
  43.000   21.000        0.0001
  44.000   21.000        0.0000
  45.000   21.000        0.0000
  46.000   21.000        0.0008
  47.000   21.000        0.0052
   1.000   22.000        0.0000
   2.000   22.000        0.0000
   3.000   22.000        0.0042
   4.000   22.000        0.0000
   5.000   22.000        0.0015
   6.000   22.000        0.0015
   7.000   22.000        0.0000
   8.000   22.000        0.0000
   9.000   22.000        0.0000
  10.000   22.000        0.0000
  11.000   22.000        0.0000
  12.000   22.000        0.0000
  13.000   22.000        0.0000
  14.000   22.000        0.0000
  15.000   22.000        0.0000
  16.000   22.000        0.0000
  17.000   22.000        0.0080
  18.000   22.000        0.0000
  19.000   22.000        0.0000
  20.000   22.000        0.0000
  21.000   22.000        0.0000
  22.000   22.000        0.0000
  23.000   22.000        0.0000
  24.000   22.000        0.0000
  25.000   22.000        0.0000
  26.000   22.000        0.0202
  27.000   22.000        0.0192
  28.000   22.000        0.0208
  29.000   22.000        0.0238
  30.000   22.000        0.0141
  31.000   22.000        0.0079
  32.000   22.000        0.0000
  33.000   22.000        0.0000
  34.000   22.000        0.0000
  35.000   22.000        0.0000
  36.000   22.000        0.0000
  37.000   22.000        0.0012
  38.000   22.000        0.0192
  39.000   22.000        0.0260
  40.000   22.000        0.0006
  41.000   22.000        0.0001
  42.000   22.000        0.0020
  43.000   22.000        0.0020
  44.000   22.000        0.0000
  45.000   22.000        0.0000
  46.000   22.000        0.0018
  47.000   22.000        0.0011
   1.000   23.000        0.0000
   2.000   23.000        0.0000
   3.000   23.000        0.0000
   4.000   23.000        0.0000
   5.000   23.000        0.0010
   6.000   23.000        0.0000
   7.000   23.000        0.0000
   8.000   23.000        0.0000
   9.000   23.000        0.0000
  10.000   23.000        0.0000
  11.000   23.000        0.0000
  12.000   23.000        0.0000
  13.000   23.000        0.0000
  14.000   23.000        0.0000
  15.000   23.000        0.0000
  16.000   23.000        0.0003
  17.000   23.000        0.0127
  18.000   23.000        0.0330
  19.000   23.000        0.0720
  20.000   23.000        0.1097
  21.000   23.000        0.0000
  22.000   23.000        0.0000
  23.000   23.000        0.0000
  24.000   23.000        0.0000
  25.000   23.000        0.0000
  26.000   23.000        0.0188
  27.000   23.000        0.0034
  28.000   23.000        0.0008
  29.000   23.000        0.0062
  30.000   23.000        0.0048
  31.000   23.000        0.0000
  32.000   23.000        0.0000
  33.000   23.000        0.0000
  34.000   23.000        0.0000
  35.000   23.000        0.0001
  36.000   23.000        0.0001
  37.000   23.000        0.0024
  38.000   23.000        0.0178
  39.000   23.000        0.0214
  40.000   23.000        0.0002
  41.000   23.000        0.0000
  42.000   23.000        0.0002
  43.000   23.000        0.0002
  44.000   23.000        0.0000
  45.000   23.000        0.0000
  46.000   23.000        0.0031
  47.000   23.000        0.0032
   1.000   24.000        0.0054
   2.000   24.000        0.0090
   3.000   24.000        0.0000
   4.000   24.000        0.0000
   5.000   24.000        0.0000
   6.000   24.000        0.0000
   7.000   24.000        0.0000
   8.000   24.000        0.0000
   9.000   24.000        0.0000
  10.000   24.000        0.0000
  11.000   24.000        0.0000
  12.000   24.000        0.0000
  13.000   24.000        0.0000
  14.000   24.000        0.0000
  15.000   24.000        0.0000
  16.000   24.000        0.0037
  17.000   24.000        0.0104
  18.000   24.000        0.0206
  19.000   24.000        0.0069
  20.000   24.000        0.0969
  21.000   24.000        0.0000
  22.000   24.000        0.0000
  23.000   24.000        0.0000
  24.000   24.000        0.0000
  25.000   24.000        0.0000
  26.000   24.000        0.0000
  27.000   24.000        0.0000
  28.000   24.000        0.1581
  29.000   24.000        0.0315
  30.000   24.000        0.0006
  31.000   24.000        0.0000
  32.000   24.000        0.0000
  33.000   24.000        0.0000
  34.000   24.000        0.0000
  35.000   24.000        0.0000
  36.000   24.000        0.0000
  37.000   24.000        0.0005
  38.000   24.000        0.0134
  39.000   24.000        0.0022
  40.000   24.000        0.0003
  41.000   24.000        0.0019
  42.000   24.000        0.0011
  43.000   24.000        0.0017
  44.000   24.000        0.0000
  45.000   24.000        0.0006
  46.000   24.000        0.0025
  47.000   24.000        0.0026
   1.000   25.000        0.0026
   2.000   25.000        0.0000
   3.000   25.000        0.0000
   4.000   25.000        0.0000
   5.000   25.000        0.0000
   6.000   25.000        0.0000
   7.000   25.000        0.0000
   8.000   25.000        0.0000
   9.000   25.000        0.0000
  10.000   25.000        0.0000
  11.000   25.000        0.0000
  12.000   25.000        0.0000
  13.000   25.000        0.0000
  14.000   25.000        0.0000
  15.000   25.000        0.0000
  16.000   25.000        0.0064
  17.000   25.000        0.0113
  18.000   25.000        0.0087
  19.000   25.000        0.0041
  20.000   25.000        0.0405
  21.000   25.000        0.0000
  22.000   25.000        0.0000
  23.000   25.000        0.0000
  24.000   25.000        0.0000
  25.000   25.000        0.0000
  26.000   25.000        0.0000
  27.000   25.000        0.0000
  28.000   25.000        0.1768
  29.000   25.000        0.1209
  30.000   25.000        0.0148
  31.000   25.000        0.0005
  32.000   25.000        0.0098
  33.000   25.000        0.0070
  34.000   25.000        0.0000
  35.000   25.000        0.0006
  36.000   25.000        0.0001
  37.000   25.000        0.0054
  38.000   25.000        0.0008
  39.000   25.000        0.0001
  40.000   25.000        0.0000
  41.000   25.000        0.0007
  42.000   25.000        0.0013
  43.000   25.000        0.0002
  44.000   25.000        0.0000
  45.000   25.000        0.0020
  46.000   25.000        0.0002
  47.000   25.000        0.0000
   1.000   26.000        0.0096
   2.000   26.000        0.0092
   3.000   26.000        0.0023
   4.000   26.000        0.0005
   5.000   26.000        0.0000
   6.000   26.000        0.0000
   7.000   26.000        0.0000
   8.000   26.000        0.0000
   9.000   26.000        0.0000
  10.000   26.000        0.0000
  11.000   26.000        0.0000
  12.000   26.000        0.0000
  13.000   26.000        0.0000
  14.000   26.000        0.0000
  15.000   26.000        0.0000
  16.000   26.000        0.0000
  17.000   26.000        0.0001
  18.000   26.000        0.0004
  19.000   26.000        0.0031
  20.000   26.000        0.0112
  21.000   26.000        0.0178
  22.000   26.000        0.0202
  23.000   26.000        0.0188
  24.000   26.000        0.0000
  25.000   26.000        0.0000
  26.000   26.000        0.0000
  27.000   26.000        0.0000
  28.000   26.000        0.0000
  29.000   26.000        0.0000
  30.000   26.000        0.1246
  31.000   26.000        0.0186
  32.000   26.000        0.0000
  33.000   26.000        0.0045
  34.000   26.000        0.0016
  35.000   26.000        0.0188
  36.000   26.000        0.0075
  37.000   26.000        0.0147
  38.000   26.000        0.0008
  39.000   26.000        0.0000
  40.000   26.000        0.0000
  41.000   26.000        0.0126
  42.000   26.000        0.0033
  43.000   26.000        0.0009
  44.000   26.000        0.0000
  45.000   26.000        0.0104
  46.000   26.000        0.0056
  47.000   26.000        0.0008
   1.000   27.000        0.0112
   2.000   27.000        0.0353
   3.000   27.000        0.0254
   4.000   27.000        0.0336
   5.000   27.000        0.0024
   6.000   27.000        0.0048
   7.000   27.000        0.0010
   8.000   27.000        0.0000
   9.000   27.000        0.0000
  10.000   27.000        0.0000
  11.000   27.000        0.0000
  12.000   27.000        0.0000
  13.000   27.000        0.0000
  14.000   27.000        0.0000
  15.000   27.000        0.0012
  16.000   27.000        0.0000
  17.000   27.000        0.0021
  18.000   27.000        0.0086
  19.000   27.000        0.0126
  20.000   27.000        0.0073
  21.000   27.000        0.0129
  22.000   27.000        0.0192
  23.000   27.000        0.0034
  24.000   27.000        0.0000
  25.000   27.000        0.0000
  26.000   27.000        0.0000
  27.000   27.000        0.0000
  28.000   27.000        0.0000
  29.000   27.000        0.0000
  30.000   27.000        0.1252
  31.000   27.000        0.0002
  32.000   27.000        0.0015
  33.000   27.000        0.0011
  34.000   27.000        0.0082
  35.000   27.000        0.0250
  36.000   27.000        0.0014
  37.000   27.000        0.0001
  38.000   27.000        0.0000
  39.000   27.000        0.0131
  40.000   27.000        0.0120
  41.000   27.000        0.0137
  42.000   27.000        0.0020
  43.000   27.000        0.0008
  44.000   27.000        0.0000
  45.000   27.000        0.0079
  46.000   27.000        0.0071
  47.000   27.000        0.0040
   1.000   28.000        0.0018
   2.000   28.000        0.0141
   3.000   28.000        0.0184
   4.000   28.000        0.0149
   5.000   28.000        0.0010
   6.000   28.000        0.0240
   7.000   28.000        0.0029
   8.000   28.000        0.0000
   9.000   28.000        0.0000
  10.000   28.000        0.0000
  11.000   28.000        0.0000
  12.000   28.000        0.0000
  13.000   28.000        0.0000
  14.000   28.000        0.0000
  15.000   28.000        0.0002
  16.000   28.000        0.0000
  17.000   28.000        0.0035
  18.000   28.000        0.0083
  19.000   28.000        0.0113
  20.000   28.000        0.0802
  21.000   28.000        0.0000
  22.000   28.000        0.0208
  23.000   28.000        0.0008
  24.000   28.000        0.1581
  25.000   28.000        0.1768
  26.000   28.000        0.0000
  27.000   28.000        0.0000
  28.000   28.000        0.0000
  29.000   28.000        0.0000
  30.000   28.000        0.0000
  31.000   28.000        0.0000
  32.000   28.000        0.0020
  33.000   28.000        0.0151
  34.000   28.000        0.0374
  35.000   28.000        0.0540
  36.000   28.000        0.0291
  37.000   28.000        0.0001
  38.000   28.000        0.0000
  39.000   28.000        0.0197
  40.000   28.000        0.0170
  41.000   28.000        0.0149
  42.000   28.000        0.0016
  43.000   28.000        0.0018
  44.000   28.000        0.0000
  45.000   28.000        0.0000
  46.000   28.000        0.0040
  47.000   28.000        0.0044
   1.000   29.000        0.0000
   2.000   29.000        0.0324
   3.000   29.000        0.0220
   4.000   29.000        0.0132
   5.000   29.000        0.0016
   6.000   29.000        0.0047
   7.000   29.000        0.0074
   8.000   29.000        0.0000
   9.000   29.000        0.0000
  10.000   29.000        0.0000
  11.000   29.000        0.0000
  12.000   29.000        0.0000
  13.000   29.000        0.0000
  14.000   29.000        0.0000
  15.000   29.000        0.0000
  16.000   29.000        0.0000
  17.000   29.000        0.0000
  18.000   29.000        0.0053
  19.000   29.000        0.0144
  20.000   29.000        0.0002
  21.000   29.000        0.0384
  22.000   29.000        0.0238
  23.000   29.000        0.0062
  24.000   29.000        0.0315
  25.000   29.000        0.1209
  26.000   29.000        0.0000
  27.000   29.000        0.0000
  28.000   29.000        0.0000
  29.000   29.000        0.0000
  30.000   29.000        0.0000
  31.000   29.000        0.0000
  32.000   29.000        0.0000
  33.000   29.000        0.0000
  34.000   29.000        0.0000
  35.000   29.000        0.0025
  36.000   29.000        0.0010
  37.000   29.000        0.0640
  38.000   29.000        0.0096
  39.000   29.000        0.0227
  40.000   29.000        0.0080
  41.000   29.000        0.0070
  42.000   29.000        0.0000
  43.000   29.000        0.0000
  44.000   29.000        0.0000
  45.000   29.000        0.0000
  46.000   29.000        0.0000
  47.000   29.000        0.0015
   1.000   30.000        0.0078
   2.000   30.000        0.1485
   3.000   30.000        0.1628
   4.000   30.000        0.0292
   5.000   30.000        0.0045
   6.000   30.000        0.0271
   7.000   30.000        0.0271
   8.000   30.000        0.0000
   9.000   30.000        0.0003
  10.000   30.000        0.0000
  11.000   30.000        0.0000
  12.000   30.000        0.0000
  13.000   30.000        0.0000
  14.000   30.000        0.0000
  15.000   30.000        0.0015
  16.000   30.000        0.0000
  17.000   30.000        0.0000
  18.000   30.000        0.0158
  19.000   30.000        0.0212
  20.000   30.000        0.0040
  21.000   30.000        0.0081
  22.000   30.000        0.0141
  23.000   30.000        0.0048
  24.000   30.000        0.0006
  25.000   30.000        0.0148
  26.000   30.000        0.1246
  27.000   30.000        0.1252
  28.000   30.000        0.0000
  29.000   30.000        0.0000
  30.000   30.000        0.0000
  31.000   30.000        0.0000
  32.000   30.000        0.0000
  33.000   30.000        0.0392
  34.000   30.000        0.0349
  35.000   30.000        0.0057
  36.000   30.000        0.0046
  37.000   30.000        0.0834
  38.000   30.000        0.0060
  39.000   30.000        0.0132
  40.000   30.000        0.0042
  41.000   30.000        0.0041
  42.000   30.000        0.0000
  43.000   30.000        0.0000
  44.000   30.000        0.0000
  45.000   30.000        0.0000
  46.000   30.000        0.0000
  47.000   30.000        0.0000
   1.000   31.000        0.1280
   2.000   31.000        0.1607
   3.000   31.000        0.1627
   4.000   31.000        0.0086
   5.000   31.000        0.0000
   6.000   31.000        0.0016
   7.000   31.000        0.0001
   8.000   31.000        0.0000
   9.000   31.000        0.0000
  10.000   31.000        0.0000
  11.000   31.000        0.0000
  12.000   31.000        0.0000
  13.000   31.000        0.0000
  14.000   31.000        0.0000
  15.000   31.000        0.0096
  16.000   31.000        0.0000
  17.000   31.000        0.0000
  18.000   31.000        0.0002
  19.000   31.000        0.0000
  20.000   31.000        0.0006
  21.000   31.000        0.0010
  22.000   31.000        0.0079
  23.000   31.000        0.0000
  24.000   31.000        0.0000
  25.000   31.000        0.0005
  26.000   31.000        0.0186
  27.000   31.000        0.0002
  28.000   31.000        0.0000
  29.000   31.000        0.0000
  30.000   31.000        0.0000
  31.000   31.000        0.0000
  32.000   31.000        0.0000
  33.000   31.000        0.0000
  34.000   31.000        0.0301
  35.000   31.000        0.0001
  36.000   31.000        0.0000
  37.000   31.000        0.1128
  38.000   31.000        0.0058
  39.000   31.000        0.0028
  40.000   31.000        0.0052
  41.000   31.000        0.0004
  42.000   31.000        0.0000
  43.000   31.000        0.0000
  44.000   31.000        0.0000
  45.000   31.000        0.0003
  46.000   31.000        0.0000
  47.000   31.000        0.0002
   1.000   32.000        0.1452
   2.000   32.000        0.1557
   3.000   32.000        0.1574
   4.000   32.000        0.0073
   5.000   32.000        0.0000
   6.000   32.000        0.0000
   7.000   32.000        0.0000
   8.000   32.000        0.0000
   9.000   32.000        0.0000
  10.000   32.000        0.0000
  11.000   32.000        0.0000
  12.000   32.000        0.0000
  13.000   32.000        0.0000
  14.000   32.000        0.0000
  15.000   32.000        0.0364
  16.000   32.000        0.0023
  17.000   32.000        0.0000
  18.000   32.000        0.0000
  19.000   32.000        0.0002
  20.000   32.000        0.0000
  21.000   32.000        0.0000
  22.000   32.000        0.0000
  23.000   32.000        0.0000
  24.000   32.000        0.0000
  25.000   32.000        0.0098
  26.000   32.000        0.0000
  27.000   32.000        0.0015
  28.000   32.000        0.0020
  29.000   32.000        0.0000
  30.000   32.000        0.0000
  31.000   32.000        0.0000
  32.000   32.000        0.0000
  33.000   32.000        0.0000
  34.000   32.000        0.7881
  35.000   32.000        0.0018
  36.000   32.000        0.0000
  37.000   32.000        0.1390
  38.000   32.000        0.0078
  39.000   32.000        0.0007
  40.000   32.000        0.0000
  41.000   32.000        0.0000
  42.000   32.000        0.0000
  43.000   32.000        0.0000
  44.000   32.000        0.0000
  45.000   32.000        0.0000
  46.000   32.000        0.0000
  47.000   32.000        0.0001
   1.000   33.000        0.0012
   2.000   33.000        0.0015
   3.000   33.000        0.0065
   4.000   33.000        0.0000
   5.000   33.000        0.0000
   6.000   33.000        0.0000
   7.000   33.000        0.0000
   8.000   33.000        0.0000
   9.000   33.000        0.0000
  10.000   33.000        0.0000
  11.000   33.000        0.0000
  12.000   33.000        0.0000
  13.000   33.000        0.0000
  14.000   33.000        0.0000
  15.000   33.000        0.0120
  16.000   33.000        0.0000
  17.000   33.000        0.0000
  18.000   33.000        0.0000
  19.000   33.000        0.0000
  20.000   33.000        0.0000
  21.000   33.000        0.0000
  22.000   33.000        0.0000
  23.000   33.000        0.0000
  24.000   33.000        0.0000
  25.000   33.000        0.0070
  26.000   33.000        0.0045
  27.000   33.000        0.0011
  28.000   33.000        0.0151
  29.000   33.000        0.0000
  30.000   33.000        0.0392
  31.000   33.000        0.0000
  32.000   33.000        0.0000
  33.000   33.000        0.0000
  34.000   33.000        0.0000
  35.000   33.000        0.0000
  36.000   33.000        0.0000
  37.000   33.000        0.2633
  38.000   33.000        0.0556
  39.000   33.000        0.0052
  40.000   33.000        0.0000
  41.000   33.000        0.0000
  42.000   33.000        0.0000
  43.000   33.000        0.0000
  44.000   33.000        0.0000
  45.000   33.000        0.0000
  46.000   33.000        0.0000
  47.000   33.000        0.0000
   1.000   34.000        0.0030
   2.000   34.000        0.0000
   3.000   34.000        0.0000
   4.000   34.000        0.0000
   5.000   34.000        0.0000
   6.000   34.000        0.0000
   7.000   34.000        0.0000
   8.000   34.000        0.0000
   9.000   34.000        0.0000
  10.000   34.000        0.0014
  11.000   34.000        0.0000
  12.000   34.000        0.0000
  13.000   34.000        0.0000
  14.000   34.000        0.0000
  15.000   34.000        0.0000
  16.000   34.000        0.0000
  17.000   34.000        0.0000
  18.000   34.000        0.0000
  19.000   34.000        0.0000
  20.000   34.000        0.0004
  21.000   34.000        0.0000
  22.000   34.000        0.0000
  23.000   34.000        0.0000
  24.000   34.000        0.0000
  25.000   34.000        0.0000
  26.000   34.000        0.0016
  27.000   34.000        0.0082
  28.000   34.000        0.0374
  29.000   34.000        0.0000
  30.000   34.000        0.0349
  31.000   34.000        0.0301
  32.000   34.000        0.7881
  33.000   34.000        0.0000
  34.000   34.000        0.0000
  35.000   34.000        0.0000
  36.000   34.000        0.0000
  37.000   34.000        0.3243
  38.000   34.000        0.1710
  39.000   34.000        0.0027
  40.000   34.000        0.0000
  41.000   34.000        0.0000
  42.000   34.000        0.0000
  43.000   34.000        0.0000
  44.000   34.000        0.0000
  45.000   34.000        0.0000
  46.000   34.000        0.0010
  47.000   34.000        0.0002
   1.000   35.000        0.0010
   2.000   35.000        0.0000
   3.000   35.000        0.0000
   4.000   35.000        0.0000
   5.000   35.000        0.0000
   6.000   35.000        0.0000
   7.000   35.000        0.0000
   8.000   35.000        0.0000
   9.000   35.000        0.0003
  10.000   35.000        0.0056
  11.000   35.000        0.0016
  12.000   35.000        0.0000
  13.000   35.000        0.0000
  14.000   35.000        0.0000
  15.000   35.000        0.0000
  16.000   35.000        0.0000
  17.000   35.000        0.0000
  18.000   35.000        0.0000
  19.000   35.000        0.0000
  20.000   35.000        0.0002
  21.000   35.000        0.0000
  22.000   35.000        0.0000
  23.000   35.000        0.0001
  24.000   35.000        0.0000
  25.000   35.000        0.0006
  26.000   35.000        0.0188
  27.000   35.000        0.0250
  28.000   35.000        0.0540
  29.000   35.000        0.0025
  30.000   35.000        0.0057
  31.000   35.000        0.0001
  32.000   35.000        0.0018
  33.000   35.000        0.0000
  34.000   35.000        0.0000
  35.000   35.000        0.0000
  36.000   35.000        0.0000
  37.000   35.000        0.0000
  38.000   35.000        0.0000
  39.000   35.000        0.1332
  40.000   35.000        0.0104
  41.000   35.000        0.0004
  42.000   35.000        0.0001
  43.000   35.000        0.0002
  44.000   35.000        0.0000
  45.000   35.000        0.0038
  46.000   35.000        0.0077
  47.000   35.000        0.0031
   1.000   36.000        0.0032
   2.000   36.000        0.0000
   3.000   36.000        0.0002
   4.000   36.000        0.0000
   5.000   36.000        0.0000
   6.000   36.000        0.0000
   7.000   36.000        0.0000
   8.000   36.000        0.0000
   9.000   36.000        0.0000
  10.000   36.000        0.0016
  11.000   36.000        0.0000
  12.000   36.000        0.0000
  13.000   36.000        0.0000
  14.000   36.000        0.0000
  15.000   36.000        0.0000
  16.000   36.000        0.0000
  17.000   36.000        0.0000
  18.000   36.000        0.0000
  19.000   36.000        0.0000
  20.000   36.000        0.0000
  21.000   36.000        0.0000
  22.000   36.000        0.0000
  23.000   36.000        0.0001
  24.000   36.000        0.0000
  25.000   36.000        0.0001
  26.000   36.000        0.0075
  27.000   36.000        0.0014
  28.000   36.000        0.0291
  29.000   36.000        0.0010
  30.000   36.000        0.0046
  31.000   36.000        0.0000
  32.000   36.000        0.0000
  33.000   36.000        0.0000
  34.000   36.000        0.0000
  35.000   36.000        0.0000
  36.000   36.000        0.0000
  37.000   36.000        0.0000
  38.000   36.000        0.0000
  39.000   36.000        0.0000
  40.000   36.000        0.0000
  41.000   36.000        0.0016
  42.000   36.000        0.0012
  43.000   36.000        0.0068
  44.000   36.000        0.0001
  45.000   36.000        0.0043
  46.000   36.000        0.0087
  47.000   36.000        0.0026
   1.000   37.000        0.0108
   2.000   37.000        0.0022
   3.000   37.000        0.0018
   4.000   37.000        0.0000
   5.000   37.000        0.0000
   6.000   37.000        0.0012
   7.000   37.000        0.0000
   8.000   37.000        0.0002
   9.000   37.000        0.0000
  10.000   37.000        0.0008
  11.000   37.000        0.0000
  12.000   37.000        0.0000
  13.000   37.000        0.0000
  14.000   37.000        0.0000
  15.000   37.000        0.0000
  16.000   37.000        0.0000
  17.000   37.000        0.0000
  18.000   37.000        0.0000
  19.000   37.000        0.0000
  20.000   37.000        0.0000
  21.000   37.000        0.0000
  22.000   37.000        0.0012
  23.000   37.000        0.0024
  24.000   37.000        0.0005
  25.000   37.000        0.0054
  26.000   37.000        0.0147
  27.000   37.000        0.0001
  28.000   37.000        0.0001
  29.000   37.000        0.0640
  30.000   37.000        0.0834
  31.000   37.000        0.1128
  32.000   37.000        0.1390
  33.000   37.000        0.2633
  34.000   37.000        0.3243
  35.000   37.000        0.0000
  36.000   37.000        0.0000
  37.000   37.000        0.0000
  38.000   37.000        0.0000
  39.000   37.000        0.0000
  40.000   37.000        0.0000
  41.000   37.000        0.0651
  42.000   37.000        0.0104
  43.000   37.000        0.0165
  44.000   37.000        0.0021
  45.000   37.000        0.0061
  46.000   37.000        0.0086
  47.000   37.000        0.0058
   1.000   38.000        0.0089
   2.000   38.000        0.0000
   3.000   38.000        0.0002
   4.000   38.000        0.0000
   5.000   38.000        0.0000
   6.000   38.000        0.0018
   7.000   38.000        0.0000
   8.000   38.000        0.0004
   9.000   38.000        0.0038
  10.000   38.000        0.0038
  11.000   38.000        0.0000
  12.000   38.000        0.0000
  13.000   38.000        0.0000
  14.000   38.000        0.0000
  15.000   38.000        0.0000
  16.000   38.000        0.0000
  17.000   38.000        0.0000
  18.000   38.000        0.0000
  19.000   38.000        0.0103
  20.000   38.000        0.0062
  21.000   38.000        0.0145
  22.000   38.000        0.0192
  23.000   38.000        0.0178
  24.000   38.000        0.0134
  25.000   38.000        0.0008
  26.000   38.000        0.0008
  27.000   38.000        0.0000
  28.000   38.000        0.0000
  29.000   38.000        0.0096
  30.000   38.000        0.0060
  31.000   38.000        0.0058
  32.000   38.000        0.0078
  33.000   38.000        0.0556
  34.000   38.000        0.1710
  35.000   38.000        0.0000
  36.000   38.000        0.0000
  37.000   38.000        0.0000
  38.000   38.000        0.0000
  39.000   38.000        0.0000
  40.000   38.000        0.0000
  41.000   38.000        0.0000
  42.000   38.000        0.0219
  43.000   38.000        0.0027
  44.000   38.000        0.0019
  45.000   38.000        0.0058
  46.000   38.000        0.0043
  47.000   38.000        0.0000
   1.000   39.000        0.0062
   2.000   39.000        0.0000
   3.000   39.000        0.0002
   4.000   39.000        0.0010
   5.000   39.000        0.0000
   6.000   39.000        0.0000
   7.000   39.000        0.0000
   8.000   39.000        0.0000
   9.000   39.000        0.0006
  10.000   39.000        0.0010
  11.000   39.000        0.0000
  12.000   39.000        0.0000
  13.000   39.000        0.0000
  14.000   39.000        0.0000
  15.000   39.000        0.0000
  16.000   39.000        0.0000
  17.000   39.000        0.0000
  18.000   39.000        0.0000
  19.000   39.000        0.0019
  20.000   39.000        0.0008
  21.000   39.000        0.0073
  22.000   39.000        0.0260
  23.000   39.000        0.0214
  24.000   39.000        0.0022
  25.000   39.000        0.0001
  26.000   39.000        0.0000
  27.000   39.000        0.0131
  28.000   39.000        0.0197
  29.000   39.000        0.0227
  30.000   39.000        0.0132
  31.000   39.000        0.0028
  32.000   39.000        0.0007
  33.000   39.000        0.0052
  34.000   39.000        0.0027
  35.000   39.000        0.1332
  36.000   39.000        0.0000
  37.000   39.000        0.0000
  38.000   39.000        0.0000
  39.000   39.000        0.0000
  40.000   39.000        0.0000
  41.000   39.000        0.0000
  42.000   39.000        0.0894
  43.000   39.000        0.0110
  44.000   39.000        0.0090
  45.000   39.000        0.0066
  46.000   39.000        0.0003
  47.000   39.000        0.0000
   1.000   40.000        0.0033
   2.000   40.000        0.0003
   3.000   40.000        0.0013
   4.000   40.000        0.0013
   5.000   40.000        0.0052
   6.000   40.000        0.0001
   7.000   40.000        0.0025
   8.000   40.000        0.0008
   9.000   40.000        0.0008
  10.000   40.000        0.0003
  11.000   40.000        0.0000
  12.000   40.000        0.0000
  13.000   40.000        0.0000
  14.000   40.000        0.0000
  15.000   40.000        0.0000
  16.000   40.000        0.0000
  17.000   40.000        0.0000
  18.000   40.000        0.0000
  19.000   40.000        0.0003
  20.000   40.000        0.0000
  21.000   40.000        0.0000
  22.000   40.000        0.0006
  23.000   40.000        0.0002
  24.000   40.000        0.0003
  25.000   40.000        0.0000
  26.000   40.000        0.0000
  27.000   40.000        0.0120
  28.000   40.000        0.0170
  29.000   40.000        0.0080
  30.000   40.000        0.0042
  31.000   40.000        0.0052
  32.000   40.000        0.0000
  33.000   40.000        0.0000
  34.000   40.000        0.0000
  35.000   40.000        0.0104
  36.000   40.000        0.0000
  37.000   40.000        0.0000
  38.000   40.000        0.0000
  39.000   40.000        0.0000
  40.000   40.000        0.0000
  41.000   40.000        0.0000
  42.000   40.000        0.0000
  43.000   40.000        0.0000
  44.000   40.000        0.0000
  45.000   40.000        0.0100
  46.000   40.000        0.0000
  47.000   40.000        0.0022
   1.000   41.000        0.0063
   2.000   41.000        0.0237
   3.000   41.000        0.0024
   4.000   41.000        0.0004
   5.000   41.000        0.0007
   6.000   41.000        0.0000
   7.000   41.000        0.0000
   8.000   41.000        0.0000
   9.000   41.000        0.0000
  10.000   41.000        0.0000
  11.000   41.000        0.0000
  12.000   41.000        0.0000
  13.000   41.000        0.0000
  14.000   41.000        0.0000
  15.000   41.000        0.0000
  16.000   41.000        0.0000
  17.000   41.000        0.0000
  18.000   41.000        0.0000
  19.000   41.000        0.0000
  20.000   41.000        0.0000
  21.000   41.000        0.0000
  22.000   41.000        0.0001
  23.000   41.000        0.0000
  24.000   41.000        0.0019
  25.000   41.000        0.0007
  26.000   41.000        0.0126
  27.000   41.000        0.0137
  28.000   41.000        0.0149
  29.000   41.000        0.0070
  30.000   41.000        0.0041
  31.000   41.000        0.0004
  32.000   41.000        0.0000
  33.000   41.000        0.0000
  34.000   41.000        0.0000
  35.000   41.000        0.0004
  36.000   41.000        0.0016
  37.000   41.000        0.0651
  38.000   41.000        0.0000
  39.000   41.000        0.0000
  40.000   41.000        0.0000
  41.000   41.000        0.0000
  42.000   41.000        0.0000
  43.000   41.000        0.0000
  44.000   41.000        0.0000
  45.000   41.000        0.0006
  46.000   41.000        0.0046
  47.000   41.000        0.0016
   1.000   42.000        0.0008
   2.000   42.000        0.0488
   3.000   42.000        0.0579
   4.000   42.000        0.0041
   5.000   42.000        0.0006
   6.000   42.000        0.0003
   7.000   42.000        0.0000
   8.000   42.000        0.0000
   9.000   42.000        0.0000
  10.000   42.000        0.0000
  11.000   42.000        0.0000
  12.000   42.000        0.0000
  13.000   42.000        0.0004
  14.000   42.000        0.0000
  15.000   42.000        0.0000
  16.000   42.000        0.0000
  17.000   42.000        0.0000
  18.000   42.000        0.0000
  19.000   42.000        0.0000
  20.000   42.000        0.0004
  21.000   42.000        0.0001
  22.000   42.000        0.0020
  23.000   42.000        0.0002
  24.000   42.000        0.0011
  25.000   42.000        0.0013
  26.000   42.000        0.0033
  27.000   42.000        0.0020
  28.000   42.000        0.0016
  29.000   42.000        0.0000
  30.000   42.000        0.0000
  31.000   42.000        0.0000
  32.000   42.000        0.0000
  33.000   42.000        0.0000
  34.000   42.000        0.0000
  35.000   42.000        0.0001
  36.000   42.000        0.0012
  37.000   42.000        0.0104
  38.000   42.000        0.0219
  39.000   42.000        0.0894
  40.000   42.000        0.0000
  41.000   42.000        0.0000
  42.000   42.000        0.0000
  43.000   42.000        0.0000
  44.000   42.000        0.0000
  45.000   42.000        0.0068
  46.000   42.000        0.0078
  47.000   42.000        0.0019
   1.000   43.000        0.0503
   2.000   43.000        0.0657
   3.000   43.000        0.0747
   4.000   43.000        0.0001
   5.000   43.000        0.0009
   6.000   43.000        0.0040
   7.000   43.000        0.0000
   8.000   43.000        0.0000
   9.000   43.000        0.0000
  10.000   43.000        0.0000
  11.000   43.000        0.0000
  12.000   43.000        0.0000
  13.000   43.000        0.0001
  14.000   43.000        0.0000
  15.000   43.000        0.0000
  16.000   43.000        0.0000
  17.000   43.000        0.0000
  18.000   43.000        0.0000
  19.000   43.000        0.0000
  20.000   43.000        0.0000
  21.000   43.000        0.0001
  22.000   43.000        0.0020
  23.000   43.000        0.0002
  24.000   43.000        0.0017
  25.000   43.000        0.0002
  26.000   43.000        0.0009
  27.000   43.000        0.0008
  28.000   43.000        0.0018
  29.000   43.000        0.0000
  30.000   43.000        0.0000
  31.000   43.000        0.0000
  32.000   43.000        0.0000
  33.000   43.000        0.0000
  34.000   43.000        0.0000
  35.000   43.000        0.0002
  36.000   43.000        0.0068
  37.000   43.000        0.0165
  38.000   43.000        0.0027
  39.000   43.000        0.0110
  40.000   43.000        0.0000
  41.000   43.000        0.0000
  42.000   43.000        0.0000
  43.000   43.000        0.0000
  44.000   43.000        0.0000
  45.000   43.000        0.0000
  46.000   43.000        0.0000
  47.000   43.000        0.1360
   1.000   44.000        0.1155
   2.000   44.000        0.0919
   3.000   44.000        0.0749
   4.000   44.000        0.0037
   5.000   44.000        0.0006
   6.000   44.000        0.0068
   7.000   44.000        0.0000
   8.000   44.000        0.0000
   9.000   44.000        0.0000
  10.000   44.000        0.0000
  11.000   44.000        0.0000
  12.000   44.000        0.0000
  13.000   44.000        0.0000
  14.000   44.000        0.0000
  15.000   44.000        0.0000
  16.000   44.000        0.0000
  17.000   44.000        0.0000
  18.000   44.000        0.0000
  19.000   44.000        0.0000
  20.000   44.000        0.0000
  21.000   44.000        0.0000
  22.000   44.000        0.0000
  23.000   44.000        0.0000
  24.000   44.000        0.0000
  25.000   44.000        0.0000
  26.000   44.000        0.0000
  27.000   44.000        0.0000
  28.000   44.000        0.0000
  29.000   44.000        0.0000
  30.000   44.000        0.0000
  31.000   44.000        0.0000
  32.000   44.000        0.0000
  33.000   44.000        0.0000
  34.000   44.000        0.0000
  35.000   44.000        0.0000
  36.000   44.000        0.0001
  37.000   44.000        0.0021
  38.000   44.000        0.0019
  39.000   44.000        0.0090
  40.000   44.000        0.0000
  41.000   44.000        0.0000
  42.000   44.000        0.0000
  43.000   44.000        0.0000
  44.000   44.000        0.0000
  45.000   44.000        0.0000
  46.000   44.000        0.0000
  47.000   44.000        0.1702
   1.000   45.000        0.0228
   2.000   45.000        0.0153
   3.000   45.000        0.0023
   4.000   45.000        0.0003
   5.000   45.000        0.0000
   6.000   45.000        0.0013
   7.000   45.000        0.0000
   8.000   45.000        0.0000
   9.000   45.000        0.0000
  10.000   45.000        0.0000
  11.000   45.000        0.0000
  12.000   45.000        0.0000
  13.000   45.000        0.0000
  14.000   45.000        0.0000
  15.000   45.000        0.0000
  16.000   45.000        0.0000
  17.000   45.000        0.0002
  18.000   45.000        0.0000
  19.000   45.000        0.0000
  20.000   45.000        0.0000
  21.000   45.000        0.0000
  22.000   45.000        0.0000
  23.000   45.000        0.0000
  24.000   45.000        0.0006
  25.000   45.000        0.0020
  26.000   45.000        0.0104
  27.000   45.000        0.0079
  28.000   45.000        0.0000
  29.000   45.000        0.0000
  30.000   45.000        0.0000
  31.000   45.000        0.0003
  32.000   45.000        0.0000
  33.000   45.000        0.0000
  34.000   45.000        0.0000
  35.000   45.000        0.0038
  36.000   45.000        0.0043
  37.000   45.000        0.0061
  38.000   45.000        0.0058
  39.000   45.000        0.0066
  40.000   45.000        0.0100
  41.000   45.000        0.0006
  42.000   45.000        0.0068
  43.000   45.000        0.0000
  44.000   45.000        0.0000
  45.000   45.000        0.0000
  46.000   45.000        0.0000
  47.000   45.000        0.0000
   1.000   46.000        0.0422
   2.000   46.000        0.0064
   3.000   46.000        0.0003
   4.000   46.000        0.0076
   5.000   46.000        0.0024
   6.000   46.000        0.0029
   7.000   46.000        0.0001
   8.000   46.000        0.0000
   9.000   46.000        0.0000
  10.000   46.000        0.0006
  11.000   46.000        0.0000
  12.000   46.000        0.0000
  13.000   46.000        0.0000
  14.000   46.000        0.0000
  15.000   46.000        0.0000
  16.000   46.000        0.0000
  17.000   46.000        0.0007
  18.000   46.000        0.0002
  19.000   46.000        0.0000
  20.000   46.000        0.0014
  21.000   46.000        0.0008
  22.000   46.000        0.0018
  23.000   46.000        0.0031
  24.000   46.000        0.0025
  25.000   46.000        0.0002
  26.000   46.000        0.0056
  27.000   46.000        0.0071
  28.000   46.000        0.0040
  29.000   46.000        0.0000
  30.000   46.000        0.0000
  31.000   46.000        0.0000
  32.000   46.000        0.0000
  33.000   46.000        0.0000
  34.000   46.000        0.0010
  35.000   46.000        0.0077
  36.000   46.000        0.0087
  37.000   46.000        0.0086
  38.000   46.000        0.0043
  39.000   46.000        0.0003
  40.000   46.000        0.0000
  41.000   46.000        0.0046
  42.000   46.000        0.0078
  43.000   46.000        0.0000
  44.000   46.000        0.0000
  45.000   46.000        0.0000
  46.000   46.000        0.0000
  47.000   46.000        0.0000
   1.000   47.000        0.0520
   2.000   47.000        0.0125
   3.000   47.000        0.0030
   4.000   47.000        0.0077
   5.000   47.000        0.0030
   6.000   47.000        0.0017
   7.000   47.000        0.0001
   8.000   47.000        0.0000
   9.000   47.000        0.0000
  10.000   47.000        0.0000
  11.000   47.000        0.0000
  12.000   47.000        0.0000
  13.000   47.000        0.0000
  14.000   47.000        0.0000
  15.000   47.000        0.0000
  16.000   47.000        0.0000
  17.000   47.000        0.0000
  18.000   47.000        0.0000
  19.000   47.000        0.0017
  20.000   47.000        0.0029
  21.000   47.000        0.0052
  22.000   47.000        0.0011
  23.000   47.000        0.0032
  24.000   47.000        0.0026
  25.000   47.000        0.0000
  26.000   47.000        0.0008
  27.000   47.000        0.0040
  28.000   47.000        0.0044
  29.000   47.000        0.0015
  30.000   47.000        0.0000
  31.000   47.000        0.0002
  32.000   47.000        0.0001
  33.000   47.000        0.0000
  34.000   47.000        0.0002
  35.000   47.000        0.0031
  36.000   47.000        0.0026
  37.000   47.000        0.0058
  38.000   47.000        0.0000
  39.000   47.000        0.0000
  40.000   47.000        0.0022
  41.000   47.000        0.0016
  42.000   47.000        0.0019
  43.000   47.000        0.1360
  44.000   47.000        0.1702
  45.000   47.000        0.0000
  46.000   47.000        0.0000
  47.000   47.000        0.0000
