#Residue         Para         Anti         3-10        Alpha           Pi         Turn         Bend
       1       0.0000       0.0000       0.0000       0.0000       0.0000       0.0000       0.0000
       2       0.0000       0.0000       0.0188       0.0020       0.0000       0.0641       0.0000
       3       0.0000       0.0034       0.0635       0.0020       0.0000       0.0692       0.6160
       4       0.0000       0.0000       0.0635       0.0020       0.0000       0.0564       0.1543
       5       0.0000       0.0000       0.0577       0.0020       0.0000       0.0427       0.5395
       6       0.0000       0.0036       0.0000       0.0000       0.0000       0.0000       0.3204
       7       0.0000       0.0000       0.0000       0.0000       0.0000       0.8784       0.1161
       8       0.0000       0.0000       0.0000       0.0000       0.0000       0.8784       0.1104
       9       0.9862       0.0003       0.0000       0.0000       0.0000       0.0000       0.0001
      10       0.0000       0.0000       0.0000       0.0000       0.0000       0.0000       0.0000
      11       0.3548       0.0000       0.0000       0.0000       0.0000       0.1385       0.2487
      12       0.0509       0.0000       0.0000       0.0000       0.0000       0.2032       0.7180
      13       0.0000       0.0000       0.0000       0.0000       0.0000       0.0000       0.0002
      14       0.0000       0.0000       0.0000       0.0000       0.0000       0.0000       0.0000
      15       0.0000       0.0000       0.0002       0.9839       0.0000       0.0139       0.0019
      16       0.0000       0.0000       0.0002       0.9843       0.0000       0.0154       0.0000
      17       0.0000       0.0000       0.0004       0.9894       0.0000       0.0102       0.0000
      18       0.0000       0.0000       0.0002       0.9921       0.0000       0.0076       0.0002
      19       0.0000       0.0000       0.0012       0.9721       0.0000       0.0264       0.0004
      20       0.0000       0.0000       0.0084       0.9419       0.0000       0.0482       0.0015
      21       0.0000       0.0000       0.0083       0.8862       0.0000       0.1005       0.0049
      22       0.0000       0.0000       0.0076       0.1848       0.0000       0.4677       0.3337
      23       0.0000       0.0000       0.0000       0.0000       0.0000       0.0005       0.0083
      24       0.0000       0.0000       0.0000       0.0000       0.0000       0.0005       0.9976
      25       0.0000       0.0000       0.0000       0.0000       0.0000       0.0005       0.7157
      26       0.0000       0.0004       0.0000       0.0000       0.0000       0.0000       0.0176
      27       0.0000       0.0867       0.0000       0.0000       0.0000       0.4067       0.3882
      28       0.0000       0.0000       0.0000       0.0000       0.0000       0.4147       0.5664
      29       0.4480       0.2874       0.0000       0.0000       0.0000       0.0000       0.0000
      30       0.0006       0.9988       0.0000       0.0000       0.0000       0.0000       0.0000
      31       0.0000       0.9999       0.0000       0.0000       0.0000       0.0000       0.0000
      32       0.9865       0.0135       0.0000       0.0000       0.0000       0.0000       0.0000
      33       0.3548       0.6451       0.0000       0.0000       0.0000       0.0000       0.0000
      34       0.0509       0.9462       0.0000       0.0000       0.0000       0.0000       0.0000
      35       0.0002       0.0048       0.0000       0.0000       0.0000       0.0000       0.0000
      36       0.0000       0.0000       0.0000       0.0000       0.0000       0.0640       0.9274
      37       0.0000       0.0000       0.0000       0.0000       0.0000       0.0640       0.9360
      38       0.0000       0.0028       0.0000       0.0000       0.0000       0.0214       0.9313
      39       0.0002       0.0000       0.0000       0.0000       0.0000       0.6926       0.2922
      40       0.0000       0.0000       0.0000       0.0000       0.0000       0.6880       0.3120
      41       0.0000       0.0020       0.0000       0.0000       0.0000       0.0000       0.0300
      42       0.0000       0.9975       0.0000       0.0000       0.0000       0.0000       0.0000
      43       0.0000       1.0000       0.0000       0.0000       0.0000       0.0000       0.0000
      44       0.0000       1.0000       0.0000       0.0000       0.0000       0.0000       0.0000
      45       0.0000       1.0000       0.0000       0.0000       0.0000       0.0000       0.0000
      46       0.0000       1.0000       0.0000       0.0000       0.0000       0.0000       0.0000
      47       0.0000       0.9834       0.0000       0.0000       0.0000       0.0000       0.0000
      48       0.0000       0.7832       0.0000       0.0000       0.0000       0.0001       0.0494
      49       0.0000       0.0004       0.0000       0.0000       0.0000       0.7511       0.2485
      50       0.0000       0.0000       0.0000       0.0000       0.0000       0.7510       0.2490
      51       0.0000       0.7406       0.0000       0.0000       0.0000       0.0000       0.1970
      52       0.0000       0.9800       0.0000       0.0000       0.0000       0.0000       0.0000
      53       0.0000       0.9999       0.0000       0.0000       0.0000       0.0000       0.0000
      54       0.0000       0.9997       0.0000       0.0000       0.0000       0.0000       0.0000
      55       0.0000       0.9996       0.0000       0.0000       0.0000       0.0000       0.0000
      56       0.0000       0.9865       0.0000       0.0000       0.0000       0.0000       0.0000
      57       0.0000       0.3052       0.0000       0.0000       0.0000       0.0000       0.0000
      58       0.0000       0.9790       0.0000       0.0000       0.0000       0.0000       0.0000
      59       0.0000       0.8028       0.0000       0.0000       0.0000       0.0000       0.0000
      60       0.0022       0.4874       0.0003       0.0000       0.0000       0.0086       0.2919
      61       0.0000       0.0000       0.0003       0.0000       0.0000       0.5008       0.4989
      62       0.0000       0.0000       0.0003       0.0000       0.0000       0.4963       0.5034
      63       0.0022       0.4874       0.0000       0.0000       0.0000       0.0000       0.1303
      64       0.0000       0.9996       0.0000       0.0000       0.0000       0.0000       0.0000
      65       0.0000       0.9806       0.0000       0.0000       0.0000       0.0000       0.0000
      66       0.0000       0.0000       0.0000       0.0000       0.0000       0.0000       1.0000
      67       0.0003       0.0031       0.0000       0.0000       0.0000       0.0000       0.9845
      68       0.0000       0.0000       0.0000       0.0000       0.0000       0.1394       0.8606
      69       0.0000       0.0000       0.0000       0.0000       0.0000       0.1394       0.8606
      70       0.0000       0.0031       0.0000       0.0000       0.0000       0.0000       0.7119
      71       0.0000       0.0714       0.0000       0.0000       0.0000       0.0000       0.0000
      72       0.0000       0.9992       0.0000       0.0000       0.0000       0.0000       0.0000
      73       0.0000       0.0000       0.0000       0.0000       0.0000       0.0000       1.0000
      74       0.0000       0.0000       0.0000       0.0000       0.0000       0.0000       0.9448
      75       0.0000       0.0000       0.0000       0.9915       0.0000       0.0002       0.0083
      76       0.0000       0.0000       0.0000       0.9998       0.0000       0.0001       0.0000
      77       0.0000       0.0000       0.0000       0.9998       0.0000       0.0001       0.0000
      78       0.0000       0.0000       0.0000       1.0000       0.0000       0.0000       0.0000
      79       0.0000       0.0000       0.0120       0.9834       0.0000       0.0046       0.0001
      80       0.0000       0.0000       0.0177       0.9510       0.0000       0.0313       0.0000
      81       0.0000       0.0000       0.0180       0.9305       0.0000       0.0506       0.0009
      82       0.0000       0.0000       0.0076       0.8700       0.0000       0.0996       0.0227
      83       0.0000       0.0000       0.0004       0.8005       0.0000       0.1154       0.0837
      84       0.0000       0.0000       0.0002       0.7806       0.0000       0.0814       0.1379
      85       0.0000       0.0000       0.0000       0.0004       0.0000       0.0012       0.0432
      86       0.0000       0.0000       0.0006       0.0000       0.0000       0.0002       0.0046
      87       0.0000       0.0000       0.0006       0.0000       0.0000       0.1900       0.7931
      88       0.0000       0.0007       0.0006       0.0000       0.0000       0.1894       0.8093
      89       0.0000       0.0000       0.0000       0.0000       0.0000       0.0002       0.9940
      90       0.0000       0.0000       0.0000       0.0000       0.0000       0.0002       0.9998
      91       0.0000       0.0000       0.0000       0.0000       0.0000       0.0000       0.9877
      92       0.0000       0.0000       0.0000       0.0000       0.0000       0.0000       0.0000
      93       0.0000       0.0000       0.0000       0.0000       0.0000       0.0000       0.0020
      94       0.0213       0.0000       0.0000       0.0000       0.0000       0.0000       0.0018
      95       0.6326       0.0000       0.0000       0.0000       0.0000       0.0000       0.0886
      96       0.7082       0.0000       0.0000       0.0000       0.0000       0.0000       0.0014
      97       0.0000       0.0000       0.0000       0.0000       0.0000       0.0002       0.3024
      98       0.0000       0.0000       0.0000       0.0000       0.0000       0.0002       0.9998
      99       0.0000       0.0000       0.0000       0.0000       0.0000       0.0000       1.0000
     100       0.0000       0.0000       0.0000       0.0000       0.0000       0.0000       0.8148
     101       0.0005       0.0000       0.0000       0.0000       0.0000       0.0006       0.8440
     102       0.0000       0.0010       0.0122       0.0000       0.0000       0.0578       0.1992
     103       0.0000       0.0002       0.0226       0.0115       0.0000       0.0965       0.2390
     104       0.0000       0.0000       0.0284       0.0159       0.0000       0.0533       0.3026
     105       0.0000       0.0010       0.0268       0.0163       0.0000       0.0496       0.2818
     106       0.0000       0.0000       0.0212       0.0164       0.0000       0.0517       0.1665
     107       0.0000       0.0002       0.0456       0.0464       0.0000       0.0487       0.1805
     108       0.0000       0.0000       0.0532       0.0518       0.0000       0.1039       0.2509
     109       0.0000       0.0000       0.0562       0.0514       0.0000       0.1050       0.3057
     110       0.0066       0.0000       0.0247       0.0514       0.0000       0.0928       0.2127
     111       0.0000       0.0000       0.0047       0.0277       0.0000       0.0496       0.1591
     112       0.0000       0.0000       0.0000       0.0000       0.0000       0.0001       0.0176
     113       0.0000       0.0000       0.0000       0.0000       0.0000       0.0000       0.0136
     114       0.0000       0.0004       0.0000       0.0000       0.0000       0.0000       0.0004
     115       0.0000       0.0000       0.1214       0.0000       0.0000       0.8651       0.0097
     116       0.0000       0.0000       0.1214       0.0000       0.0000       0.8687       0.0098
     117       0.0000       0.0000       0.1214       0.0000       0.0000       0.8370       0.0415
     118       0.0000       0.0004       0.0000       0.0000       0.0000       0.0000       0.0557
     119       0.0000       0.0000       0.0001       0.0000       0.0000       0.6737       0.1778
     120       0.0000       0.0000       0.0001       0.0000       0.0000       0.6737       0.1300
     121       0.0000       0.0000       0.0001       0.0000       0.0000       0.0000       0.1665
     122       0.0000       0.0010       0.0000       0.0000       0.0000       0.0000       0.0033
     123       0.0000       0.0000       0.0730       0.7801       0.0000       0.1134       0.0324
     124       0.0000       0.0000       0.0740       0.7825       0.0000       0.1264       0.0170
     125       0.0000       0.0010       0.0792       0.7837       0.0000       0.1046       0.0262
     126       0.0000       0.0000       0.1042       0.7859       0.0000       0.0517       0.0251
     127       0.0000       0.0000       0.1764       0.2750       0.0000       0.5160       0.0236
     128       0.0000       0.0000       0.1740       0.1514       0.0000       0.6249       0.0409
     129       0.0000       0.0000       0.1490       0.1280       0.0000       0.3378       0.1357
     130       0.0029       0.0000       0.0000       0.0000       0.0000       0.0000       0.8791
     131       0.1333       0.0000       0.0000       0.0000       0.0000       0.0000       0.0000
     132       0.0000       0.0000       0.0000       0.0000       0.0000       0.0002       0.0266
     133       0.0004       0.0000       0.0000       0.0000       0.0000       0.0002       0.1336
     134       0.0000       0.0007       0.0000       0.0000       0.0000       0.0000       0.1305
     135       0.0000       0.0000       0.0000       0.0000       0.0000       0.0000       0.0869
     136       0.0000       0.0000       0.0000       0.0000       0.0000       0.0000       0.0000
     137       0.0005       0.0000       0.0000       0.0000       0.0000       0.0000       0.0000
