#Residue         Para         Anti         3-10        Alpha           Pi         Turn         Bend
       1       0.0000       0.0000       0.0000       0.0000       0.0000       0.0000       0.0000
       2       0.0000       0.1804       0.0820       0.0000       0.0000       0.0265       0.0000
       3       0.0000       0.0002       0.0825       0.0000       0.0000       0.0773       0.1542
       4       0.0000       0.0000       0.0825       0.0000       0.0000       0.0793       0.3878
       5       0.0000       0.0000       0.0009       0.0000       0.0000       0.0181       0.4194
       6       0.0000       0.0025       0.0000       0.0000       0.0000       0.0000       0.2601
       7       0.0000       0.0000       0.0000       0.0000       0.0000       0.9470       0.0519
       8       0.0000       0.0000       0.0000       0.0000       0.0000       0.9470       0.0515
       9       0.9940       0.0023       0.0000       0.0000       0.0000       0.0000       0.0003
      10       0.0588       0.1804       0.0000       0.0000       0.0000       0.0000       0.0000
      11       0.1319       0.0000       0.0000       0.0000       0.0000       0.2040       0.3586
      12       0.0214       0.0000       0.0000       0.0000       0.0000       0.2176       0.7064
      13       0.0000       0.0000       0.0000       0.0000       0.0000       0.0000       0.0002
      14       0.0000       0.0000       0.0000       0.0000       0.0000       0.0000       0.0000
      15       0.0000       0.0000       0.0019       0.9770       0.0000       0.0211       0.0000
      16       0.0000       0.0000       0.0021       0.9770       0.0000       0.0209       0.0000
      17       0.0000       0.0000       0.0027       0.9884       0.0000       0.0088       0.0001
      18       0.0000       0.0000       0.0011       0.9942       0.0000       0.0033       0.0015
      19       0.0000       0.0000       0.0028       0.9812       0.0000       0.0158       0.0002
      20       0.0000       0.0000       0.0036       0.9364       0.0000       0.0596       0.0004
      21       0.0000       0.0000       0.0035       0.8968       0.0000       0.0931       0.0066
      22       0.0000       0.0000       0.0016       0.1049       0.0000       0.4352       0.4472
      23       0.0000       0.0000       0.0000       0.0000       0.0000       0.0001       0.0014
      24       0.0000       0.0000       0.0000       0.0000       0.0000       0.0001       0.9920
      25       0.0000       0.0000       0.0000       0.0000       0.0000       0.0002       0.5415
      26       0.0000       0.0000       0.0000       0.0000       0.0000       0.0001       0.0136
      27       0.0000       0.2352       0.0000       0.0000       0.0000       0.3843       0.3599
      28       0.0000       0.0000       0.0000       0.0000       0.0000       0.4048       0.5828
      29       0.3593       0.4258       0.0000       0.0000       0.0000       0.0000       0.0000
      30       0.0003       0.9996       0.0000       0.0000       0.0000       0.0000       0.0000
      31       0.0000       0.9996       0.0000       0.0000       0.0000       0.0000       0.0000
      32       0.9963       0.0037       0.0000       0.0000       0.0000       0.0000       0.0000
      33       0.2271       0.7726       0.0000       0.0000       0.0000       0.0000       0.0000
      34       0.0214       0.9758       0.0000       0.0000       0.0000       0.0000       0.0000
      35       0.0040       0.0107       0.0000       0.0000       0.0000       0.0000       0.0000
      36       0.0000       0.0000       0.0000       0.0000       0.0000       0.2054       0.7917
      37       0.0000       0.0000       0.0000       0.0000       0.0000       0.2055       0.7945
      38       0.0000       0.0091       0.0000       0.0000       0.0000       0.1896       0.7560
      39       0.0040       0.0000       0.0000       0.0000       0.0000       0.8762       0.0552
      40       0.0000       0.0000       0.0000       0.0000       0.0000       0.8723       0.1276
      41       0.0000       0.0016       0.0000       0.0000       0.0000       0.0000       0.3173
      42       0.0000       0.9979       0.0000       0.0000       0.0000       0.0000       0.0000
      43       0.0000       1.0000       0.0000       0.0000       0.0000       0.0000       0.0000
      44       0.0000       1.0000       0.0000       0.0000       0.0000       0.0000       0.0000
      45       0.0000       1.0000       0.0000       0.0000       0.0000       0.0000       0.0000
      46       0.0000       1.0000       0.0000       0.0000       0.0000       0.0000       0.0000
      47       0.0000       0.9911       0.0000       0.0000       0.0000       0.0000       0.0000
      48       0.0000       0.8815       0.0000       0.0000       0.0000       0.0001       0.0640
      49       0.0000       0.0000       0.0000       0.0000       0.0000       0.8319       0.1681
      50       0.0000       0.0000       0.0000       0.0000       0.0000       0.8318       0.1682
      51       0.0002       0.8221       0.0000       0.0000       0.0000       0.0000       0.0584
      52       0.0000       0.9884       0.0000       0.0000       0.0000       0.0000       0.0000
      53       0.0000       0.9986       0.0000       0.0000       0.0000       0.0000       0.0000
      54       0.0000       1.0000       0.0000       0.0000       0.0000       0.0000       0.0000
      55       0.0000       1.0000       0.0000       0.0000       0.0000       0.0000       0.0000
      56       0.0000       0.9928       0.0000       0.0000       0.0000       0.0000       0.0000
      57       0.0000       0.3502       0.0000       0.0000       0.0000       0.0000       0.0000
      58       0.0000       0.9885       0.0000       0.0000       0.0000       0.0000       0.0000
      59       0.0000       0.9804       0.0000       0.0000       0.0000       0.0000       0.0000
      60       0.0000       0.9088       0.0033       0.0000       0.0000       0.0008       0.0316
      61       0.0000       0.0000       0.0033       0.0000       0.0000       0.9142       0.0825
      62       0.0000       0.0000       0.0033       0.0000       0.0000       0.9137       0.0830
      63       0.0000       0.9088       0.0000       0.0000       0.0000       0.0000       0.0063
      64       0.0000       1.0000       0.0000       0.0000       0.0000       0.0000       0.0000
      65       0.0000       0.9894       0.0000       0.0000       0.0000       0.0000       0.0000
      66       0.0000       0.0000       0.0000       0.0000       0.0000       0.0000       1.0000
      67       0.0000       0.0000       0.0000       0.0000       0.0000       0.0000       1.0000
      68       0.0000       0.0000       0.0000       0.0000       0.0000       0.0001       0.9999
      69       0.0000       0.0000       0.0000       0.0000       0.0000       0.0001       0.9958
      70       0.0000       0.0000       0.0000       0.0000       0.0000       0.0000       0.6591
      71       0.0000       0.0724       0.0000       0.0000       0.0000       0.0000       0.0000
      72       0.0000       0.9985       0.0000       0.0000       0.0000       0.0000       0.0000
      73       0.0000       0.0000       0.0000       0.0000       0.0000       0.0000       0.9996
      74       0.0000       0.0000       0.0000       0.0000       0.0000       0.0000       0.9215
      75       0.0000       0.0000       0.0000       0.9816       0.0000       0.0001       0.0183
      76       0.0000       0.0000       0.0000       0.9998       0.0000       0.0001       0.0000
      77       0.0000       0.0000       0.0000       0.9998       0.0000       0.0001       0.0000
      78       0.0000       0.0000       0.0001       0.9998       0.0000       0.0000       0.0000
      79       0.0000       0.0000       0.0002       0.9984       0.0000       0.0014       0.0000
      80       0.0000       0.0000       0.0017       0.9700       0.0000       0.0281       0.0002
      81       0.0000       0.0000       0.0024       0.9651       0.0000       0.0305       0.0020
      82       0.0004       0.0000       0.0024       0.8631       0.0000       0.1084       0.0254
      83       0.0000       0.0000       0.0010       0.7000       0.0000       0.2456       0.0532
      84       0.0000       0.0000       0.0000       0.6909       0.0000       0.2161       0.0930
      85       0.0004       0.0000       0.0000       0.0040       0.0000       0.0298       0.0643
      86       0.0000       0.0000       0.0000       0.0000       0.0000       0.0000       0.0000
      87       0.0000       0.0000       0.0000       0.0000       0.0000       0.2900       0.6484
      88       0.0000       0.0023       0.0000       0.0000       0.0000       0.2893       0.7084
      89       0.0075       0.0000       0.0000       0.0000       0.0000       0.0000       0.8298
      90       0.0000       0.0000       0.0000       0.0000       0.0000       0.0000       0.9988
      91       0.0000       0.0000       0.0000       0.0000       0.0000       0.0000       0.9850
      92       0.0000       0.0000       0.0000       0.0000       0.0000       0.0000       0.0001
      93       0.0000       0.0000       0.0000       0.0000       0.0000       0.0023       0.0514
      94       0.0005       0.0000       0.0000       0.0000       0.0000       0.0023       0.0002
      95       0.6905       0.0000       0.0000       0.0000       0.0000       0.0000       0.0873
      96       0.9404       0.0000       0.0000       0.0000       0.0000       0.0000       0.0000
      97       0.0000       0.0000       0.0000       0.0000       0.0000       0.0028       0.1004
      98       0.0000       0.0000       0.0000       0.0000       0.0000       0.0028       0.9972
      99       0.0000       0.0000       0.0000       0.0000       0.0000       0.0000       1.0000
     100       0.0000       0.0000       0.0000       0.0000       0.0000       0.0000       0.6383
     101       0.0000       0.0000       0.0510       0.0026       0.0000       0.0726       0.6331
     102       0.0073       0.0004       0.0516       0.0026       0.0000       0.2295       0.2806
     103       0.0134       0.0026       0.0516       0.0026       0.0000       0.1694       0.3974
     104       0.0210       0.0005       0.0019       0.0026       0.0000       0.0167       0.3274
     105       0.0186       0.0000       0.0000       0.0000       0.0000       0.0017       0.0723
     106       0.0000       0.0000       0.0000       0.0000       0.0000       0.0004       0.0743
     107       0.0013       0.0000       0.0000       0.0000       0.0000       0.0004       0.2562
     108       0.0015       0.0000       0.0000       0.0000       0.0000       0.0000       0.1922
     109       0.0024       0.0000       0.0000       0.0000       0.0000       0.0000       0.0054
     110       0.0000       0.0000       0.0030       0.0000       0.0000       0.0071       0.3128
     111       0.0000       0.0000       0.0030       0.0000       0.0000       0.0287       0.1980
     112       0.0000       0.0000       0.0030       0.0000       0.0000       0.0217       0.0584
     113       0.0000       0.0000       0.0000       0.0000       0.0000       0.0006       0.0540
     114       0.0000       0.0000       0.0000       0.0000       0.0000       0.0000       0.0109
     115       0.0003       0.0018       0.0142       0.0000       0.0000       0.6237       0.0624
     116       0.0000       0.0000       0.0142       0.0000       0.0000       0.7005       0.1943
     117       0.0000       0.0000       0.0142       0.0000       0.0000       0.6931       0.2387
     118       0.0003       0.0018       0.0000       0.0000       0.0000       0.0000       0.1402
     119       0.0000       0.0000       0.0000       0.0000       0.0000       0.6919       0.1578
     120       0.0000       0.0000       0.0000       0.0000       0.0000       0.6919       0.1529
     121       0.0000       0.0000       0.0000       0.0000       0.0000       0.0000       0.0744
     122       0.0000       0.0000       0.0000       0.0000       0.0000       0.0000       0.0066
     123       0.0000       0.0000       0.0208       0.8298       0.0000       0.0887       0.0410
     124       0.0000       0.0000       0.0246       0.8652       0.0000       0.1047       0.0046
     125       0.0000       0.0000       0.0311       0.8709       0.0000       0.0948       0.0031
     126       0.0000       0.0000       0.0244       0.8764       0.0000       0.0602       0.0361
     127       0.0000       0.0000       0.0745       0.4891       0.0000       0.4054       0.0308
     128       0.0000       0.0000       0.0703       0.2234       0.0000       0.6349       0.0489
     129       0.0000       0.0000       0.0604       0.1886       0.0000       0.4851       0.1954
     130       0.0038       0.0000       0.0000       0.0000       0.0000       0.0000       0.9684
     131       0.2311       0.0000       0.0000       0.0000       0.0000       0.0000       0.0000
     132       0.0000       0.0000       0.0000       0.0000       0.0000       0.0000       0.0000
     133       0.0000       0.0000       0.0000       0.0000       0.0000       0.0002       0.0645
     134       0.0204       0.0023       0.0000       0.0000       0.0000       0.0002       0.0168
     135       0.0282       0.0016       0.0000       0.0000       0.0000       0.0000       0.0105
     136       0.0000       0.0000       0.0000       0.0000       0.0000       0.0000       0.0000
     137       0.0006       0.0005       0.0000       0.0000       0.0000       0.0000       0.0000
