#Residue         Para         Anti         3-10        Alpha           Pi         Turn         Bend
       1       0.0000       0.0000       0.0000       0.0000       0.0000       0.0000       0.0000
       2       0.0000       0.0000       0.0110       0.0049       0.0000       0.0383       0.0000
       3       0.0000       0.0180       0.0303       0.0049       0.0000       0.0914       0.4622
       4       0.0000       0.0000       0.0303       0.0049       0.0000       0.1174       0.4549
       5       0.0000       0.0000       0.0230       0.0049       0.0000       0.0643       0.2390
       6       0.0000       0.0247       0.0000       0.0000       0.0000       0.0000       0.1139
       7       0.0000       0.0000       0.0000       0.0000       0.0000       0.8930       0.1053
       8       0.0000       0.0000       0.0000       0.0000       0.0000       0.8930       0.1046
       9       0.9852       0.0067       0.0000       0.0000       0.0000       0.0000       0.0001
      10       0.0752       0.0000       0.0000       0.0000       0.0000       0.0000       0.0000
      11       0.1385       0.0000       0.0000       0.0000       0.0000       0.2365       0.2985
      12       0.0089       0.0000       0.0000       0.0000       0.0000       0.2526       0.7113
      13       0.0000       0.0000       0.0000       0.0000       0.0000       0.0000       0.0000
      14       0.0000       0.0000       0.0000       0.0000       0.0000       0.0000       0.0000
      15       0.0000       0.0000       0.0000       0.9968       0.0000       0.0030       0.0002
      16       0.0000       0.0000       0.0000       0.9970       0.0000       0.0030       0.0000
      17       0.0000       0.0000       0.0000       0.9992       0.0000       0.0008       0.0000
      18       0.0000       0.0000       0.0000       0.9996       0.0000       0.0004       0.0000
      19       0.0000       0.0000       0.0004       0.9936       0.0000       0.0059       0.0001
      20       0.0000       0.0000       0.0012       0.9712       0.0000       0.0275       0.0000
      21       0.0000       0.0000       0.0012       0.9482       0.0000       0.0478       0.0028
      22       0.0000       0.0000       0.0009       0.0766       0.0000       0.5072       0.4103
      23       0.0000       0.0000       0.0000       0.0000       0.0000       0.0001       0.0020
      24       0.0000       0.0000       0.0000       0.0000       0.0000       0.0001       0.9954
      25       0.0000       0.0000       0.0000       0.0000       0.0000       0.0001       0.6061
      26       0.0000       0.0000       0.0000       0.0000       0.0000       0.0000       0.0186
      27       0.0000       0.1385       0.0000       0.0000       0.0000       0.4348       0.3932
      28       0.0000       0.0000       0.0000       0.0000       0.0000       0.4444       0.5419
      29       0.3734       0.3220       0.0000       0.0000       0.0000       0.0000       0.0000
      30       0.0004       0.9996       0.0000       0.0000       0.0000       0.0000       0.0000
      31       0.0000       0.9996       0.0000       0.0000       0.0000       0.0000       0.0000
      32       0.9919       0.0081       0.0000       0.0000       0.0000       0.0000       0.0000
      33       0.2138       0.7859       0.0000       0.0000       0.0000       0.0000       0.0000
      34       0.0089       0.9880       0.0000       0.0000       0.0000       0.0000       0.0000
      35       0.0050       0.0015       0.0000       0.0000       0.0000       0.0000       0.0000
      36       0.0000       0.0000       0.0000       0.0000       0.0000       0.2506       0.7493
      37       0.0000       0.0000       0.0000       0.0000       0.0000       0.2506       0.7494
      38       0.0000       0.0000       0.0000       0.0000       0.0000       0.2498       0.7426
      39       0.0050       0.0000       0.0000       0.0000       0.0000       0.9620       0.0248
      40       0.0000       0.0000       0.0000       0.0000       0.0000       0.9656       0.0344
      41       0.0000       0.0014       0.0000       0.0000       0.0000       0.0000       0.3406
      42       0.0000       0.9980       0.0000       0.0000       0.0000       0.0000       0.0000
      43       0.0000       1.0000       0.0000       0.0000       0.0000       0.0000       0.0000
      44       0.0000       1.0000       0.0000       0.0000       0.0000       0.0000       0.0000
      45       0.0000       1.0000       0.0000       0.0000       0.0000       0.0000       0.0000
      46       0.0000       1.0000       0.0000       0.0000       0.0000       0.0000       0.0000
      47       0.0000       0.9900       0.0000       0.0000       0.0000       0.0000       0.0000
      48       0.0000       0.8828       0.0000       0.0000       0.0000       0.0005       0.0870
      49       0.0000       0.0000       0.0000       0.0000       0.0000       0.8520       0.1480
      50       0.0000       0.0000       0.0000       0.0000       0.0000       0.8514       0.1486
      51       0.0000       0.8418       0.0000       0.0000       0.0000       0.0000       0.0494
      52       0.0000       0.9889       0.0000       0.0000       0.0000       0.0000       0.0000
      53       0.0000       0.9993       0.0000       0.0000       0.0000       0.0000       0.0000
      54       0.0000       0.9999       0.0000       0.0000       0.0000       0.0000       0.0000
      55       0.0000       0.9999       0.0000       0.0000       0.0000       0.0000       0.0000
      56       0.0000       0.9935       0.0000       0.0000       0.0000       0.0000       0.0000
      57       0.0000       0.4330       0.0000       0.0000       0.0000       0.0000       0.0000
      58       0.0000       0.9003       0.0000       0.0000       0.0000       0.0000       0.0000
      59       0.0000       0.9840       0.0000       0.0000       0.0000       0.0000       0.0000
      60       0.0000       0.8713       0.0022       0.0000       0.0000       0.0014       0.0519
      61       0.0000       0.0000       0.0022       0.0000       0.0000       0.8750       0.1227
      62       0.0000       0.0000       0.0022       0.0000       0.0000       0.8740       0.1237
      63       0.0000       0.8713       0.0000       0.0000       0.0000       0.0000       0.0324
      64       0.0000       0.9987       0.0000       0.0000       0.0000       0.0000       0.0000
      65       0.0000       0.9908       0.0000       0.0000       0.0000       0.0000       0.0002
      66       0.0000       0.0000       0.0000       0.0000       0.0000       0.0000       0.9574
      67       0.0000       0.1035       0.0000       0.0000       0.0000       0.0000       0.8944
      68       0.0000       0.0000       0.0001       0.0000       0.0000       0.2360       0.7639
      69       0.0000       0.0000       0.0001       0.0000       0.0000       0.2360       0.7639
      70       0.0000       0.1035       0.0001       0.0000       0.0000       0.0000       0.6338
      71       0.0000       0.3012       0.0000       0.0000       0.0000       0.0000       0.0000
      72       0.0000       0.9941       0.0000       0.0000       0.0000       0.0000       0.0000
      73       0.0000       0.0000       0.0000       0.0000       0.0000       0.0000       0.9994
      74       0.0000       0.0000       0.0000       0.0000       0.0000       0.0000       0.8652
      75       0.0000       0.0000       0.0000       0.9644       0.0000       0.0001       0.0354
      76       0.0000       0.0000       0.0000       0.9998       0.0000       0.0002       0.0000
      77       0.0000       0.0000       0.0000       0.9998       0.0000       0.0002       0.0000
      78       0.0000       0.0000       0.0001       0.9998       0.0000       0.0001       0.0000
      79       0.0000       0.0000       0.0004       0.9962       0.0000       0.0034       0.0000
      80       0.0000       0.0000       0.0032       0.9635       0.0000       0.0332       0.0002
      81       0.0000       0.0000       0.0037       0.9547       0.0000       0.0384       0.0032
      82       0.0001       0.0000       0.0035       0.8365       0.0000       0.1269       0.0330
      83       0.0000       0.0000       0.0008       0.5816       0.0000       0.3411       0.0765
      84       0.0000       0.0000       0.0000       0.5293       0.0000       0.2716       0.1991
      85       0.0001       0.0000       0.0000       0.0024       0.0000       0.0316       0.0642
      86       0.0000       0.0147       0.0000       0.0000       0.0000       0.0000       0.0114
      87       0.0000       0.0000       0.0000       0.0000       0.0000       0.4686       0.5031
      88       0.0000       0.0004       0.0000       0.0000       0.0000       0.4684       0.5312
      89       0.0000       0.0148       0.0000       0.0000       0.0000       0.0020       0.7492
      90       0.0000       0.0000       0.0000       0.0000       0.0000       0.0000       0.9195
      91       0.0000       0.0000       0.0000       0.0000       0.0000       0.0000       0.8866
      92       0.0000       0.0000       0.0000       0.0000       0.0000       0.0000       0.0001
      93       0.0000       0.0000       0.0000       0.0000       0.0000       0.0001       0.0212
      94       0.0000       0.0000       0.0000       0.0000       0.0000       0.0001       0.0004
      95       0.5860       0.0000       0.0000       0.0000       0.0000       0.0000       0.1042
      96       0.9266       0.0000       0.0000       0.0000       0.0000       0.0000       0.0000
      97       0.0002       0.0000       0.0000       0.0000       0.0000       0.0004       0.0227
      98       0.0000       0.0000       0.0000       0.0000       0.0000       0.0004       0.9894
      99       0.0000       0.0000       0.0000       0.0000       0.0000       0.0000       0.9994
     100       0.0000       0.0000       0.0000       0.0000       0.0000       0.0000       0.6872
     101       0.0000       0.0000       0.0010       0.0000       0.0000       0.0940       0.7475
     102       0.0004       0.0001       0.0010       0.0000       0.0000       0.2314       0.3079
     103       0.0000       0.0000       0.0010       0.0000       0.0000       0.1441       0.3808
     104       0.0000       0.0000       0.0007       0.0000       0.0000       0.0111       0.2435
     105       0.0000       0.0000       0.0011       0.0000       0.0000       0.0163       0.1806
     106       0.0000       0.0000       0.0011       0.0000       0.0000       0.0103       0.2257
     107       0.0000       0.0002       0.0004       0.0000       0.0000       0.0034       0.1962
     108       0.0000       0.0002       0.0072       0.0000       0.0000       0.0236       0.1787
     109       0.0005       0.0000       0.0074       0.0000       0.0000       0.0732       0.1385
     110       0.0000       0.0002       0.0073       0.0000       0.0000       0.0548       0.3480
     111       0.0000       0.0002       0.0001       0.0000       0.0000       0.0144       0.2913
     112       0.0001       0.0000       0.0000       0.0000       0.0000       0.0004       0.0791
     113       0.0000       0.0000       0.0000       0.0000       0.0000       0.0000       0.0004
     114       0.0000       0.0000       0.0000       0.0000       0.0000       0.0000       0.0006
     115       0.0004       0.0000       0.0132       0.0000       0.0000       0.4912       0.1390
     116       0.0000       0.0000       0.0132       0.0000       0.0000       0.5692       0.1808
     117       0.0000       0.0000       0.0132       0.0000       0.0000       0.5594       0.3337
     118       0.0004       0.0004       0.0000       0.0000       0.0000       0.0076       0.1422
     119       0.0000       0.0000       0.0009       0.0000       0.0000       0.5774       0.2098
     120       0.0000       0.0000       0.0009       0.0000       0.0000       0.5700       0.1749
     121       0.0000       0.0004       0.0009       0.0000       0.0000       0.0029       0.1651
     122       0.0000       0.0000       0.0000       0.0000       0.0000       0.0000       0.0032
     123       0.0000       0.0000       0.0734       0.7474       0.0000       0.0509       0.0489
     124       0.0000       0.0000       0.0762       0.7572       0.0000       0.0776       0.0146
     125       0.0000       0.0000       0.0791       0.7580       0.0000       0.0697       0.0403
     126       0.0000       0.0000       0.0173       0.7620       0.0000       0.0659       0.0530
     127       0.0000       0.0000       0.1185       0.3981       0.0000       0.3150       0.0438
     128       0.0000       0.0000       0.1170       0.1132       0.0000       0.6036       0.0717
     129       0.0000       0.0000       0.1093       0.0876       0.0000       0.4748       0.2408
     130       0.0050       0.0000       0.0000       0.0000       0.0000       0.0000       0.7859
     131       0.1816       0.0000       0.0000       0.0000       0.0000       0.0033       0.1403
     132       0.0002       0.0007       0.0000       0.0000       0.0000       0.0040       0.0620
     133       0.0000       0.0002       0.0000       0.0000       0.0000       0.0040       0.1738
     134       0.0000       0.0004       0.0000       0.0000       0.0000       0.0034       0.2197
     135       0.0009       0.0006       0.0000       0.0000       0.0000       0.0016       0.2097
     136       0.0002       0.0000       0.0000       0.0000       0.0000       0.0014       0.0000
     137       0.0000       0.0000       0.0000       0.0000       0.0000       0.0000       0.0000
