#Residue         Para         Anti         3-10        Alpha           Pi         Turn         Bend
       1       0.0000       0.0000       0.0000       0.0000       0.0000       0.0000       0.0000
       2       0.0000       0.0000       0.0000       0.0000       0.0000       0.0495       0.0000
       3       0.0000       0.0000       0.0000       0.0000       0.0000       0.0496       0.5474
       4       0.0000       0.0000       0.0000       0.0000       0.0000       0.0031       0.1382
       5       0.0000       0.0000       0.0000       0.0000       0.0000       0.0030       0.6961
       6       0.0000       0.0001       0.0000       0.0000       0.0000       0.0000       0.2777
       7       0.0000       0.0000       0.0000       0.0000       0.0000       0.8936       0.1060
       8       0.0000       0.0000       0.0000       0.0000       0.0000       0.8936       0.0968
       9       0.9968       0.0000       0.0000       0.0000       0.0000       0.0000       0.0000
      10       0.0000       0.0000       0.0000       0.0000       0.0000       0.0000       0.0000
      11       0.2427       0.0000       0.0000       0.0000       0.0000       0.1468       0.2026
      12       0.0007       0.0000       0.0000       0.0000       0.0000       0.1796       0.8111
      13       0.0000       0.0000       0.0000       0.0000       0.0000       0.0000       0.0000
      14       0.0000       0.0000       0.0000       0.0000       0.0000       0.0000       0.0000
      15       0.0000       0.0000       0.0038       0.9314       0.0000       0.0640       0.0009
      16       0.0000       0.0000       0.0038       0.9419       0.0000       0.0543       0.0000
      17       0.0000       0.0000       0.0044       0.9793       0.0000       0.0163       0.0000
      18       0.0000       0.0000       0.0009       0.9798       0.0000       0.0192       0.0002
      19       0.0000       0.0000       0.0081       0.9407       0.0000       0.0510       0.0002
      20       0.0000       0.0000       0.0256       0.8846       0.0000       0.0895       0.0003
      21       0.0000       0.0000       0.0254       0.7486       0.0000       0.2157       0.0103
      22       0.0000       0.0000       0.0204       0.2399       0.0000       0.4842       0.2534
      23       0.0000       0.0000       0.0000       0.0000       0.0000       0.0001       0.0365
      24       0.0000       0.0000       0.0000       0.0000       0.0000       0.0001       0.9976
      25       0.0000       0.0000       0.0000       0.0000       0.0000       0.0001       0.5916
      26       0.0000       0.0069       0.0000       0.0000       0.0000       0.0000       0.0266
      27       0.0000       0.1518       0.0000       0.0000       0.0000       0.3774       0.4012
      28       0.0000       0.0000       0.0000       0.0000       0.0000       0.3976       0.5782
      29       0.4904       0.4152       0.0000       0.0000       0.0000       0.0000       0.0000
      30       0.0001       0.9998       0.0000       0.0000       0.0000       0.0000       0.0000
      31       0.0000       1.0000       0.0000       0.0000       0.0000       0.0000       0.0000
      32       0.9968       0.0032       0.0000       0.0000       0.0000       0.0000       0.0000
      33       0.2427       0.7568       0.0000       0.0000       0.0000       0.0000       0.0000
      34       0.0007       0.9990       0.0000       0.0000       0.0000       0.0000       0.0000
      35       0.0002       0.0010       0.0000       0.0000       0.0000       0.0000       0.0000
      36       0.0000       0.0002       0.0000       0.0000       0.0000       0.0269       0.9723
      37       0.0000       0.0000       0.0000       0.0000       0.0000       0.0271       0.9729
      38       0.0000       0.0009       0.0000       0.0000       0.0000       0.0204       0.9072
      39       0.0002       0.0002       0.0000       0.0000       0.0000       0.7672       0.2295
      40       0.0000       0.0000       0.0000       0.0000       0.0000       0.7645       0.2355
      41       0.0000       0.0001       0.0000       0.0000       0.0000       0.0000       0.0377
      42       0.0000       0.9998       0.0000       0.0000       0.0000       0.0000       0.0000
      43       0.0000       1.0000       0.0000       0.0000       0.0000       0.0000       0.0000
      44       0.0000       1.0000       0.0000       0.0000       0.0000       0.0000       0.0000
      45       0.0000       1.0000       0.0000       0.0000       0.0000       0.0000       0.0000
      46       0.0000       1.0000       0.0000       0.0000       0.0000       0.0000       0.0000
      47       0.0000       0.9794       0.0000       0.0000       0.0000       0.0000       0.0000
      48       0.0000       0.7188       0.0000       0.0000       0.0000       0.0000       0.0699
      49       0.0000       0.0069       0.0000       0.0000       0.0000       0.6563       0.3368
      50       0.0040       0.0000       0.0000       0.0000       0.0000       0.6558       0.3403
      51       0.0411       0.6286       0.0000       0.0000       0.0000       0.0000       0.2070
      52       0.0000       0.9547       0.0000       0.0000       0.0000       0.0000       0.0000
      53       0.0000       0.9995       0.0000       0.0000       0.0000       0.0000       0.0000
      54       0.0000       1.0000       0.0000       0.0000       0.0000       0.0000       0.0000
      55       0.0000       1.0000       0.0000       0.0000       0.0000       0.0000       0.0000
      56       0.0000       0.9962       0.0000       0.0000       0.0000       0.0000       0.0000
      57       0.0000       0.2810       0.0000       0.0000       0.0000       0.0000       0.0000
      58       0.0000       0.9506       0.0003       0.0000       0.0000       0.0000       0.0000
      59       0.0000       0.8171       0.0003       0.0000       0.0000       0.0048       0.0003
      60       0.0000       0.4993       0.0006       0.0000       0.0000       0.0055       0.2090
      61       0.0000       0.0000       0.0003       0.0000       0.0000       0.5157       0.4840
      62       0.0000       0.0000       0.0003       0.0000       0.0000       0.5150       0.4847
      63       0.0000       0.4993       0.0000       0.0000       0.0000       0.0000       0.1187
      64       0.0000       0.9998       0.0000       0.0000       0.0000       0.0000       0.0000
      65       0.0000       0.9529       0.0000       0.0000       0.0000       0.0000       0.0000
      66       0.0000       0.0000       0.0000       0.0000       0.0000       0.0000       1.0000
      67       0.0000       0.0000       0.0000       0.0000       0.0000       0.0000       1.0000
      68       0.0000       0.0000       0.0000       0.0000       0.0000       0.0000       1.0000
      69       0.0000       0.0000       0.0000       0.0000       0.0000       0.0000       1.0000
      70       0.0000       0.0000       0.0000       0.0000       0.0000       0.0000       0.7002
      71       0.0000       0.0476       0.0000       0.0000       0.0000       0.0000       0.0000
      72       0.0000       0.9996       0.0000       0.0000       0.0000       0.0000       0.0000
      73       0.0000       0.0000       0.0000       0.0000       0.0000       0.0000       1.0000
      74       0.0000       0.0000       0.0000       0.0000       0.0000       0.0000       0.9428
      75       0.0000       0.0000       0.0000       0.9892       0.0000       0.0000       0.0107
      76       0.0000       0.0000       0.0000       0.9996       0.0000       0.0004       0.0000
      77       0.0000       0.0000       0.0000       0.9996       0.0000       0.0004       0.0000
      78       0.0000       0.0000       0.0000       1.0000       0.0000       0.0000       0.0000
      79       0.0000       0.0000       0.0002       0.9996       0.0000       0.0002       0.0000
      80       0.0000       0.0000       0.0031       0.9844       0.0000       0.0125       0.0000
      81       0.0000       0.0000       0.0032       0.9754       0.0000       0.0212       0.0001
      82       0.0000       0.0000       0.0031       0.9030       0.0000       0.0828       0.0110
      83       0.0000       0.0000       0.0001       0.8578       0.0000       0.0955       0.0465
      84       0.0000       0.0000       0.0000       0.8362       0.0000       0.0503       0.1134
      85       0.0000       0.0000       0.0000       0.0010       0.0000       0.1031       0.0872
      86       0.0000       0.0000       0.0004       0.0000       0.0000       0.0001       0.0166
      87       0.0000       0.0000       0.0004       0.0000       0.0000       0.1313       0.6974
      88       0.0000       0.0005       0.0004       0.0000       0.0000       0.1312       0.7698
      89       0.0000       0.0000       0.0000       0.0000       0.0000       0.0001       0.9868
      90       0.0000       0.0000       0.0000       0.0000       0.0000       0.0001       0.9996
      91       0.0000       0.0000       0.0000       0.0000       0.0000       0.0000       0.9879
      92       0.0000       0.0000       0.0000       0.0000       0.0000       0.0000       0.0001
      93       0.0000       0.0000       0.0000       0.0000       0.0000       0.0002       0.0087
      94       0.0012       0.0000       0.0000       0.0000       0.0000       0.0002       0.0008
      95       0.8670       0.0000       0.0000       0.0000       0.0000       0.0000       0.0460
      96       0.9288       0.0000       0.0000       0.0000       0.0000       0.0000       0.0000
      97       0.0000       0.0000       0.0000       0.0000       0.0000       0.0762       0.0336
      98       0.0000       0.0000       0.0000       0.0000       0.0000       0.0762       0.9210
      99       0.0000       0.0000       0.0000       0.0000       0.0000       0.0000       1.0000
     100       0.0000       0.0000       0.0000       0.0000       0.0000       0.0000       0.7792
     101       0.0000       0.0001       0.0296       0.0028       0.0000       0.0461       0.7112
     102       0.0000       0.0029       0.0768       0.0491       0.0000       0.1352       0.2061
     103       0.0000       0.0000       0.1510       0.0619       0.0000       0.1778       0.1832
     104       0.0000       0.0006       0.1790       0.0903       0.0001       0.1407       0.3569
     105       0.0000       0.0029       0.1578       0.1633       0.0004       0.1209       0.2195
     106       0.0000       0.0002       0.0790       0.1356       0.0004       0.0709       0.1538
     107       0.0040       0.0000       0.0215       0.1054       0.0004       0.0684       0.1074
     108       0.0649       0.0000       0.0037       0.0763       0.0004       0.2142       0.0672
     109       0.0000       0.0000       0.0623       0.0000       0.0003       0.2250       0.1904
     110       0.0000       0.0000       0.0623       0.0000       0.0000       0.0974       0.0731
     111       0.0000       0.0000       0.0623       0.0000       0.0000       0.0740       0.0694
     112       0.0000       0.0000       0.0000       0.0000       0.0000       0.0000       0.0065
     113       0.0000       0.0000       0.0000       0.0000       0.0000       0.0000       0.0002
     114       0.0000       0.0000       0.0000       0.0000       0.0000       0.0000       0.0000
     115       0.0000       0.0000       0.0904       0.0000       0.0000       0.8998       0.0054
     116       0.0000       0.0000       0.0904       0.0000       0.0000       0.9015       0.0079
     117       0.0000       0.0000       0.0904       0.0000       0.0000       0.8674       0.0421
     118       0.0000       0.0000       0.0000       0.0000       0.0000       0.0000       0.0376
     119       0.0000       0.0000       0.0000       0.0000       0.0000       0.7630       0.1966
     120       0.0000       0.0000       0.0000       0.0000       0.0000       0.7630       0.1346
     121       0.0000       0.0000       0.0000       0.0000       0.0000       0.0000       0.0859
     122       0.0000       0.0000       0.0000       0.0000       0.0000       0.0000       0.0010
     123       0.0000       0.0000       0.0091       0.9586       0.0000       0.0289       0.0035
     124       0.0000       0.0000       0.0093       0.9601       0.0000       0.0304       0.0002
     125       0.0000       0.0000       0.0125       0.9678       0.0000       0.0192       0.0005
     126       0.0000       0.0000       0.0098       0.9705       0.0000       0.0169       0.0027
     127       0.0000       0.0000       0.0364       0.5136       0.0000       0.4462       0.0038
     128       0.0000       0.0000       0.0352       0.3538       0.0000       0.6049       0.0060
     129       0.0000       0.0000       0.0277       0.3131       0.0000       0.4630       0.1509
     130       0.0092       0.0000       0.0000       0.0000       0.0000       0.0000       0.9258
     131       0.1335       0.0000       0.0000       0.0000       0.0000       0.0000       0.0713
     132       0.0000       0.0000       0.0000       0.0000       0.0000       0.0000       0.0264
     133       0.0000       0.0000       0.0000       0.0000       0.0000       0.0045       0.2878
     134       0.0000       0.0006       0.0000       0.0000       0.0000       0.0045       0.2205
     135       0.0000       0.0000       0.0000       0.0000       0.0000       0.0000       0.0379
     136       0.0000       0.0006       0.0000       0.0000       0.0000       0.0000       0.0000
     137       0.0000       0.0000       0.0000       0.0000       0.0000       0.0000       0.0000
