#Residue         Para         Anti         3-10        Alpha           Pi         Turn         Bend
       1       0.0000       0.0000       0.0000       0.0000       0.0000       0.0000       0.0000
       2       0.0019       0.0371       0.0178       0.0000       0.0000       0.0570       0.0000
       3       0.0000       0.0010       0.0178       0.0000       0.0000       0.0882       0.1544
       4       0.0000       0.0000       0.0178       0.0000       0.0000       0.1418       0.2378
       5       0.0020       0.0047       0.0002       0.0034       0.0000       0.0725       0.2932
       6       0.0000       0.0004       0.0009       0.0034       0.0000       0.0932       0.2774
       7       0.0000       0.0186       0.0009       0.0034       0.0000       0.1100       0.2554
       8       0.0000       0.0354       0.0008       0.0034       0.0000       0.0606       0.1821
       9       0.0000       0.0074       0.0000       0.0000       0.0000       0.0335       0.3429
      10       0.0000       0.0001       0.0000       0.0004       0.0000       0.0284       0.2842
      11       0.0000       0.0025       0.0086       0.0004       0.0000       0.0489       0.3204
      12       0.0000       0.0000       0.0095       0.0004       0.0000       0.2433       0.2605
      13       0.0000       0.0000       0.0095       0.0004       0.0000       0.2348       0.2399
      14       0.0000       0.0008       0.0010       0.0001       0.0000       0.0201       0.2238
      15       0.0000       0.0000       0.0000       0.0000       0.0000       0.0138       0.1420
      16       0.0000       0.0000       0.0000       0.0000       0.0000       0.0072       0.2728
      17       0.0000       0.0060       0.0070       0.0000       0.0000       0.0225       0.4390
      18       0.0000       0.0001       0.0115       0.0012       0.0000       0.1763       0.3509
      19       0.0000       0.0001       0.0123       0.0044       0.0001       0.1877       0.2267
      20       0.0000       0.0355       0.0316       0.0142       0.0113       0.0862       0.2440
      21       0.0014       0.0000       0.0531       0.1325       0.0229       0.1628       0.3307
      22       0.0015       0.0047       0.0552       0.1364       0.0331       0.3483       0.3106
      23       0.0000       0.0017       0.0342       0.1346       0.0331       0.3668       0.2791
      24       0.0000       0.0000       0.0098       0.1268       0.0330       0.4296       0.2184
      25       0.0028       0.0232       0.0062       0.0068       0.0219       0.3395       0.4014
      26       0.0020       0.0016       0.0004       0.0000       0.0103       0.1158       0.0945
      27       0.0000       0.0649       0.0000       0.0000       0.0000       0.0008       0.3063
      28       0.0000       0.0026       0.0000       0.0000       0.0000       0.0000       0.5824
      29       0.0000       0.0331       0.0000       0.0000       0.0000       0.0159       0.0410
      30       0.0000       0.0006       0.0000       0.0000       0.0000       0.0203       0.2095
      31       0.0020       0.0000       0.0266       0.0000       0.0000       0.0519       0.1250
      32       0.0000       0.0000       0.0266       0.0000       0.0000       0.0528       0.1214
      33       0.0000       0.0022       0.0266       0.0000       0.0000       0.0298       0.2422
      34       0.0000       0.0000       0.0000       0.0000       0.0000       0.0000       0.0000
      35       0.0000       0.0000       0.0000       0.0000       0.0000       0.0000       0.0000
