#Residue         Para         Anti         3-10        Alpha           Pi         Turn         Bend
       1       0.0000       0.0000       0.0000       0.0000       0.0000       0.0000       0.0000
       2       0.0000       0.0374       0.0000       0.0000       0.0000       0.0203       0.0000
       3       0.0000       0.0262       0.0000       0.0000       0.0000       0.0308       0.2876
       4       0.0000       0.0173       0.0030       0.0000       0.0001       0.0528       0.1862
       5       0.0000       0.0081       0.0031       0.0000       0.0001       0.2336       0.2548
       6       0.0000       0.0004       0.0031       0.0000       0.0001       0.2531       0.3550
       7       0.0000       0.0300       0.0005       0.0000       0.0001       0.0834       0.3605
       8       0.0000       0.0418       0.0014       0.0000       0.0001       0.0936       0.2291
       9       0.0000       0.0140       0.0014       0.0000       0.0000       0.0591       0.3429
      10       0.0000       0.0036       0.0010       0.0000       0.0000       0.0056       0.2225
      11       0.0000       0.0001       0.0000       0.0000       0.0000       0.0506       0.1002
      12       0.0001       0.0000       0.0000       0.0000       0.0000       0.0590       0.2947
      13       0.0000       0.0000       0.0000       0.0000       0.0000       0.0152       0.1826
      14       0.0000       0.0001       0.0000       0.0000       0.0000       0.0071       0.1096
      15       0.0000       0.0000       0.0004       0.0000       0.0000       0.0122       0.1078
      16       0.0000       0.0000       0.0004       0.0000       0.0000       0.0328       0.2162
      17       0.0000       0.0041       0.0027       0.0000       0.0000       0.0396       0.3236
      18       0.0000       0.0000       0.0099       0.0065       0.0002       0.1296       0.3625
      19       0.0000       0.0000       0.0123       0.0177       0.0058       0.1632       0.2064
      20       0.0001       0.0046       0.0249       0.0354       0.0082       0.1914       0.1925
      21       0.0000       0.0008       0.0318       0.0519       0.0083       0.2725       0.2426
      22       0.0000       0.0008       0.0398       0.0840       0.0119       0.3248       0.3024
      23       0.0002       0.0092       0.0428       0.1096       0.0119       0.2720       0.1666
      24       0.0001       0.0007       0.0545       0.0880       0.0063       0.2362       0.2403
      25       0.0000       0.0012       0.0439       0.0714       0.0040       0.3169       0.3058
      26       0.0000       0.0002       0.0261       0.0416       0.0038       0.2605       0.2994
      27       0.0000       0.0086       0.0000       0.0000       0.0002       0.0578       0.3438
      28       0.0001       0.0004       0.0000       0.0000       0.0000       0.0001       0.3373
      29       0.0000       0.0000       0.0000       0.0000       0.0000       0.0171       0.0756
      30       0.0000       0.0020       0.0001       0.0000       0.0000       0.0188       0.2565
      31       0.0000       0.0000       0.0006       0.0000       0.0000       0.0176       0.1696
      32       0.0000       0.0000       0.0006       0.0000       0.0000       0.0171       0.1067
      33       0.0000       0.0020       0.0006       0.0000       0.0000       0.0022       0.1636
      34       0.0000       0.0000       0.0000       0.0000       0.0000       0.0000       0.0000
      35       0.0000       0.0000       0.0000       0.0000       0.0000       0.0000       0.0000
