#Residue         Para         Anti         3-10        Alpha           Pi         Turn         Bend
       1       0.0000       0.0000       0.0000       0.0000       0.0000       0.0000       0.0000
       2       0.0000       0.0000       0.0108       0.0324       0.0000       0.0504       0.0000
       3       0.0000       0.0016       0.0304       0.1381       0.0004       0.0705       0.3214
       4       0.0000       0.0014       0.0486       0.1498       0.0004       0.0603       0.1875
       5       0.0000       0.0000       0.0732       0.1703       0.0004       0.3810       0.1808
       6       0.0000       0.0000       0.0893       0.1878       0.0004       0.4172       0.2056
       7       0.0000       0.0014       0.0780       0.1365       0.0004       0.2063       0.2658
       8       0.0000       0.0000       0.1098       0.1007       0.0000       0.2181       0.1770
       9       0.0000       0.0000       0.0718       0.0595       0.0000       0.1546       0.2670
      10       0.0000       0.0001       0.0606       0.0451       0.0000       0.1162       0.3152
      11       0.0000       0.0000       0.0000       0.0000       0.0000       0.2322       0.2220
      12       0.0000       0.0016       0.0000       0.0000       0.0000       0.2185       0.3297
      13       0.0000       0.0000       0.0000       0.0000       0.0000       0.0005       0.1428
      14       0.0000       0.0000       0.0000       0.0000       0.0000       0.0115       0.0344
      15       0.0000       0.0000       0.0174       0.0266       0.0000       0.0492       0.1958
      16       0.0000       0.0000       0.0213       0.1024       0.0000       0.0957       0.3714
      17       0.0000       0.0002       0.0234       0.1530       0.0000       0.0724       0.1594
      18       0.0000       0.0000       0.0245       0.3641       0.0000       0.1611       0.2545
      19       0.0000       0.0000       0.0528       0.5061       0.0004       0.1840       0.1773
      20       0.0000       0.0002       0.0607       0.5495       0.0006       0.1666       0.0450
      21       0.0000       0.0000       0.1076       0.5869       0.0007       0.1520       0.0964
      22       0.0000       0.0000       0.1071       0.4973       0.0016       0.2881       0.0857
      23       0.0000       0.0000       0.1440       0.3084       0.0016       0.4398       0.0854
      24       0.0000       0.0000       0.1365       0.2657       0.0012       0.4219       0.1417
      25       0.0000       0.0000       0.1126       0.1331       0.0010       0.2609       0.2992
      26       0.0000       0.0000       0.0835       0.0903       0.0009       0.1869       0.1433
      27       0.0000       0.0000       0.0256       0.0587       0.0000       0.0837       0.2576
      28       0.0000       0.0000       0.0000       0.0000       0.0000       0.0000       0.3421
      29       0.0000       0.0000       0.0004       0.0078       0.0000       0.0046       0.0135
      30       0.0000       0.0000       0.0245       0.0517       0.0000       0.1633       0.5165
      31       0.0000       0.0000       0.0316       0.0517       0.0000       0.1832       0.3400
      32       0.0000       0.0000       0.0314       0.0517       0.0000       0.1596       0.1360
      33       0.0000       0.0000       0.0112       0.0463       0.0000       0.0533       0.2905
      34       0.0000       0.0000       0.0000       0.0000       0.0000       0.0000       0.0000
      35       0.0000       0.0000       0.0000       0.0000       0.0000       0.0000       0.0000
