#Residue         Para         Anti         3-10        Alpha           Pi         Turn         Bend
       1       0.0000       0.0000       0.0000       0.0000       0.0000       0.0000       0.0000
       2       0.0000       0.0075       0.0333       0.0023       0.0000       0.0112       0.0000
       3       0.0000       0.0090       0.1219       0.0023       0.0000       0.0608       0.5129
       4       0.0000       0.0000       0.1970       0.0715       0.0020       0.1358       0.0834
       5       0.0004       0.0017       0.2228       0.0715       0.0020       0.2329       0.1395
       6       0.0000       0.0039       0.1121       0.0692       0.0020       0.1791       0.3104
       7       0.0000       0.0000       0.0379       0.0692       0.0020       0.4560       0.3042
       8       0.0004       0.0090       0.0017       0.0003       0.0020       0.3642       0.2896
       9       0.0005       0.0055       0.0000       0.0000       0.0000       0.1728       0.4190
      10       0.0000       0.0000       0.0058       0.0001       0.0000       0.1816       0.3637
      11       0.0000       0.0090       0.0058       0.0001       0.0000       0.1953       0.6489
      12       0.0000       0.0000       0.0058       0.0001       0.0000       0.1914       0.6670
      13       0.0000       0.0000       0.0000       0.0001       0.0000       0.0004       0.1294
      14       0.0000       0.0000       0.0000       0.0000       0.0000       0.0012       0.0390
      15       0.0000       0.0000       0.0676       0.0427       0.0000       0.2112       0.0383
      16       0.0000       0.0000       0.0677       0.0428       0.0000       0.2115       0.4494
      17       0.0000       0.0000       0.0679       0.0474       0.0000       0.0250       0.5257
      18       0.0000       0.0000       0.0454       0.6904       0.0000       0.1652       0.0961
      19       0.0000       0.0000       0.0525       0.7234       0.0000       0.1768       0.0370
      20       0.0000       0.0000       0.0791       0.7778       0.0000       0.1111       0.0197
      21       0.0000       0.0000       0.0793       0.8262       0.0147       0.0736       0.0060
      22       0.0000       0.0000       0.0850       0.6285       0.0164       0.2638       0.0063
      23       0.0000       0.0000       0.0828       0.5402       0.0172       0.3206       0.0296
      24       0.0000       0.0000       0.0847       0.4468       0.0172       0.4294       0.0144
      25       0.0000       0.0000       0.1282       0.2630       0.0172       0.5780       0.0134
      26       0.0000       0.0000       0.1159       0.1713       0.0027       0.5257       0.1338
      27       0.0000       0.0000       0.0571       0.0434       0.0009       0.3438       0.1892
      28       0.0001       0.0000       0.0000       0.0000       0.0000       0.0000       0.4042
      29       0.0000       0.0000       0.0256       0.1314       0.0000       0.0373       0.0194
      30       0.0000       0.0090       0.0266       0.1317       0.0000       0.0609       0.4730
      31       0.0000       0.0075       0.0292       0.1317       0.0000       0.0586       0.2962
      32       0.0000       0.0000       0.0058       0.1317       0.0000       0.0361       0.1552
      33       0.0000       0.0000       0.0038       0.0052       0.0000       0.0661       0.2622
      34       0.0000       0.0000       0.0000       0.0000       0.0000       0.0000       0.0000
      35       0.0000       0.0000       0.0000       0.0000       0.0000       0.0000       0.0000
