#Residue Residue Contacts_00004[nativemap]
   1.000    1.000       0.0000
   2.000    1.000       1.0000
   3.000    1.000       0.7814
   4.000    1.000       0.0000
   5.000    1.000       0.0000
   6.000    1.000       0.0000
   7.000    1.000       0.0000
   8.000    1.000       0.0000
   9.000    1.000       0.0000
  10.000    1.000       0.0000
  11.000    1.000       0.0000
  12.000    1.000       0.0000
  13.000    1.000       0.0000
  14.000    1.000       0.0000
  15.000    1.000       0.0000
  16.000    1.000       0.0000
  17.000    1.000       0.0000
  18.000    1.000       0.0000
  19.000    1.000       0.0000
  20.000    1.000       0.0000
  21.000    1.000       0.0000
  22.000    1.000       0.0000
  23.000    1.000       0.0000
  24.000    1.000       0.0000
  25.000    1.000       0.0000
  26.000    1.000       0.0000
  27.000    1.000       0.0000
  28.000    1.000       0.0000
  29.000    1.000       0.0000
  30.000    1.000       0.0000
  31.000    1.000       0.0000
  32.000    1.000       0.0000
  33.000    1.000       0.0000
  34.000    1.000       0.0000
  35.000    1.000       0.0000
   1.000    2.000       1.0000
   2.000    2.000       0.0000
   3.000    2.000       1.0000
   4.000    2.000       0.8725
   5.000    2.000       0.0000
   6.000    2.000       0.0000
   7.000    2.000       0.0000
   8.000    2.000       0.0000
   9.000    2.000       0.0000
  10.000    2.000       0.0000
  11.000    2.000       0.0000
  12.000    2.000       0.0000
  13.000    2.000       0.0000
  14.000    2.000       0.0000
  15.000    2.000       0.0000
  16.000    2.000       0.0000
  17.000    2.000       0.0000
  18.000    2.000       0.0000
  19.000    2.000       0.0000
  20.000    2.000       0.0000
  21.000    2.000       0.0000
  22.000    2.000       0.0000
  23.000    2.000       0.0000
  24.000    2.000       0.0000
  25.000    2.000       0.0000
  26.000    2.000       0.0000
  27.000    2.000       0.0000
  28.000    2.000       0.0000
  29.000    2.000       0.0000
  30.000    2.000       0.0000
  31.000    2.000       0.0000
  32.000    2.000       0.0000
  33.000    2.000       0.0000
  34.000    2.000       0.0000
  35.000    2.000       0.0000
   1.000    3.000       0.7814
   2.000    3.000       1.0000
   3.000    3.000       0.0000
   4.000    3.000       1.0000
   5.000    3.000       0.8974
   6.000    3.000       0.0000
   7.000    3.000       0.0000
   8.000    3.000       0.0000
   9.000    3.000       0.0245
  10.000    3.000       0.0248
  11.000    3.000       0.0174
  12.000    3.000       0.0000
  13.000    3.000       0.0000
  14.000    3.000       0.0000
  15.000    3.000       0.0000
  16.000    3.000       0.0000
  17.000    3.000       0.0000
  18.000    3.000       0.0000
  19.000    3.000       0.0000
  20.000    3.000       0.0000
  21.000    3.000       0.0000
  22.000    3.000       0.0000
  23.000    3.000       0.0000
  24.000    3.000       0.0000
  25.000    3.000       0.0000
  26.000    3.000       0.0000
  27.000    3.000       0.0000
  28.000    3.000       0.0000
  29.000    3.000       0.0000
  30.000    3.000       0.0000
  31.000    3.000       0.0000
  32.000    3.000       0.0000
  33.000    3.000       0.0000
  34.000    3.000       0.0000
  35.000    3.000       0.0000
   1.000    4.000       0.0000
   2.000    4.000       0.8725
   3.000    4.000       1.0000
   4.000    4.000       0.0000
   5.000    4.000       1.0000
   6.000    4.000       0.7518
   7.000    4.000       0.0410
   8.000    4.000       0.0000
   9.000    4.000       0.0080
  10.000    4.000       0.0000
  11.000    4.000       0.0113
  12.000    4.000       0.0000
  13.000    4.000       0.0000
  14.000    4.000       0.0000
  15.000    4.000       0.0000
  16.000    4.000       0.0000
  17.000    4.000       0.0000
  18.000    4.000       0.0000
  19.000    4.000       0.0000
  20.000    4.000       0.0000
  21.000    4.000       0.0000
  22.000    4.000       0.0000
  23.000    4.000       0.0000
  24.000    4.000       0.0000
  25.000    4.000       0.0000
  26.000    4.000       0.0000
  27.000    4.000       0.0000
  28.000    4.000       0.0000
  29.000    4.000       0.0000
  30.000    4.000       0.0000
  31.000    4.000       0.0000
  32.000    4.000       0.0000
  33.000    4.000       0.0000
  34.000    4.000       0.0000
  35.000    4.000       0.0000
   1.000    5.000       0.0000
   2.000    5.000       0.0000
   3.000    5.000       0.8974
   4.000    5.000       1.0000
   5.000    5.000       0.0000
   6.000    5.000       1.0000
   7.000    5.000       0.8992
   8.000    5.000       0.0000
   9.000    5.000       0.0000
  10.000    5.000       0.0000
  11.000    5.000       0.0000
  12.000    5.000       0.0000
  13.000    5.000       0.0000
  14.000    5.000       0.0000
  15.000    5.000       0.0000
  16.000    5.000       0.0000
  17.000    5.000       0.0000
  18.000    5.000       0.0000
  19.000    5.000       0.0000
  20.000    5.000       0.0000
  21.000    5.000       0.0000
  22.000    5.000       0.0000
  23.000    5.000       0.0000
  24.000    5.000       0.0000
  25.000    5.000       0.0000
  26.000    5.000       0.0000
  27.000    5.000       0.0000
  28.000    5.000       0.0000
  29.000    5.000       0.0000
  30.000    5.000       0.0000
  31.000    5.000       0.0000
  32.000    5.000       0.0000
  33.000    5.000       0.0000
  34.000    5.000       0.0000
  35.000    5.000       0.0000
   1.000    6.000       0.0000
   2.000    6.000       0.0000
   3.000    6.000       0.0000
   4.000    6.000       0.7518
   5.000    6.000       1.0000
   6.000    6.000       0.0000
   7.000    6.000       1.0000
   8.000    6.000       0.7916
   9.000    6.000       0.1178
  10.000    6.000       0.0000
  11.000    6.000       0.0000
  12.000    6.000       0.0000
  13.000    6.000       0.0000
  14.000    6.000       0.0000
  15.000    6.000       0.0000
  16.000    6.000       0.0000
  17.000    6.000       0.0000
  18.000    6.000       0.0000
  19.000    6.000       0.0000
  20.000    6.000       0.0000
  21.000    6.000       0.0000
  22.000    6.000       0.0000
  23.000    6.000       0.0000
  24.000    6.000       0.0000
  25.000    6.000       0.0000
  26.000    6.000       0.0000
  27.000    6.000       0.0000
  28.000    6.000       0.0000
  29.000    6.000       0.0000
  30.000    6.000       0.0000
  31.000    6.000       0.0000
  32.000    6.000       0.0000
  33.000    6.000       0.0000
  34.000    6.000       0.0000
  35.000    6.000       0.0000
   1.000    7.000       0.0000
   2.000    7.000       0.0000
   3.000    7.000       0.0000
   4.000    7.000       0.0410
   5.000    7.000       0.8992
   6.000    7.000       1.0000
   7.000    7.000       0.0000
   8.000    7.000       1.0000
   9.000    7.000       0.7200
  10.000    7.000       0.0000
  11.000    7.000       0.0000
  12.000    7.000       0.0000
  13.000    7.000       0.0000
  14.000    7.000       0.0000
  15.000    7.000       0.0000
  16.000    7.000       0.0000
  17.000    7.000       0.0000
  18.000    7.000       0.0000
  19.000    7.000       0.0000
  20.000    7.000       0.0000
  21.000    7.000       0.0000
  22.000    7.000       0.0000
  23.000    7.000       0.0000
  24.000    7.000       0.0000
  25.000    7.000       0.0000
  26.000    7.000       0.0000
  27.000    7.000       0.0000
  28.000    7.000       0.0000
  29.000    7.000       0.0000
  30.000    7.000       0.0000
  31.000    7.000       0.0000
  32.000    7.000       0.0000
  33.000    7.000       0.0000
  34.000    7.000       0.0000
  35.000    7.000       0.0000
   1.000    8.000       0.0000
   2.000    8.000       0.0000
   3.000    8.000       0.0000
   4.000    8.000       0.0000
   5.000    8.000       0.0000
   6.000    8.000       0.7916
   7.000    8.000       1.0000
   8.000    8.000       0.0000
   9.000    8.000       1.0000
  10.000    8.000       0.8379
  11.000    8.000       0.0906
  12.000    8.000       0.0000
  13.000    8.000       0.0000
  14.000    8.000       0.0000
  15.000    8.000       0.0000
  16.000    8.000       0.0000
  17.000    8.000       0.0000
  18.000    8.000       0.0000
  19.000    8.000       0.0000
  20.000    8.000       0.0000
  21.000    8.000       0.0000
  22.000    8.000       0.0000
  23.000    8.000       0.0000
  24.000    8.000       0.0000
  25.000    8.000       0.0000
  26.000    8.000       0.0000
  27.000    8.000       0.0000
  28.000    8.000       0.0000
  29.000    8.000       0.0000
  30.000    8.000       0.0000
  31.000    8.000       0.0000
  32.000    8.000       0.0000
  33.000    8.000       0.0000
  34.000    8.000       0.0000
  35.000    8.000       0.0000
   1.000    9.000       0.0000
   2.000    9.000       0.0000
   3.000    9.000       0.0245
   4.000    9.000       0.0080
   5.000    9.000       0.0000
   6.000    9.000       0.1178
   7.000    9.000       0.7200
   8.000    9.000       1.0000
   9.000    9.000       0.0000
  10.000    9.000       1.0000
  11.000    9.000       0.6588
  12.000    9.000       0.0000
  13.000    9.000       0.0000
  14.000    9.000       0.0000
  15.000    9.000       0.0000
  16.000    9.000       0.0000
  17.000    9.000       0.0000
  18.000    9.000       0.0000
  19.000    9.000       0.0000
  20.000    9.000       0.0000
  21.000    9.000       0.0000
  22.000    9.000       0.0000
  23.000    9.000       0.0000
  24.000    9.000       0.0000
  25.000    9.000       0.0000
  26.000    9.000       0.0000
  27.000    9.000       0.0000
  28.000    9.000       0.0000
  29.000    9.000       0.0000
  30.000    9.000       0.0000
  31.000    9.000       0.0000
  32.000    9.000       0.0000
  33.000    9.000       0.0000
  34.000    9.000       0.0000
  35.000    9.000       0.0000
   1.000   10.000       0.0000
   2.000   10.000       0.0000
   3.000   10.000       0.0248
   4.000   10.000       0.0000
   5.000   10.000       0.0000
   6.000   10.000       0.0000
   7.000   10.000       0.0000
   8.000   10.000       0.8379
   9.000   10.000       1.0000
  10.000   10.000       0.0000
  11.000   10.000       1.0000
  12.000   10.000       0.9288
  13.000   10.000       0.0000
  14.000   10.000       0.0000
  15.000   10.000       0.0000
  16.000   10.000       0.0000
  17.000   10.000       0.0000
  18.000   10.000       0.0000
  19.000   10.000       0.0000
  20.000   10.000       0.0000
  21.000   10.000       0.0000
  22.000   10.000       0.0000
  23.000   10.000       0.0000
  24.000   10.000       0.0000
  25.000   10.000       0.0000
  26.000   10.000       0.0000
  27.000   10.000       0.0000
  28.000   10.000       0.0000
  29.000   10.000       0.0000
  30.000   10.000       0.0000
  31.000   10.000       0.0000
  32.000   10.000       0.0000
  33.000   10.000       0.0000
  34.000   10.000       0.0000
  35.000   10.000       0.0000
   1.000   11.000       0.0000
   2.000   11.000       0.0000
   3.000   11.000       0.0174
   4.000   11.000       0.0113
   5.000   11.000       0.0000
   6.000   11.000       0.0000
   7.000   11.000       0.0000
   8.000   11.000       0.0906
   9.000   11.000       0.6588
  10.000   11.000       1.0000
  11.000   11.000       0.0000
  12.000   11.000       1.0000
  13.000   11.000       0.8246
  14.000   11.000       0.0000
  15.000   11.000       0.0000
  16.000   11.000       0.0000
  17.000   11.000       0.0000
  18.000   11.000       0.0000
  19.000   11.000       0.0000
  20.000   11.000       0.0000
  21.000   11.000       0.0000
  22.000   11.000       0.0000
  23.000   11.000       0.0000
  24.000   11.000       0.0000
  25.000   11.000       0.0000
  26.000   11.000       0.0000
  27.000   11.000       0.0000
  28.000   11.000       0.0000
  29.000   11.000       0.0000
  30.000   11.000       0.0000
  31.000   11.000       0.0000
  32.000   11.000       0.0000
  33.000   11.000       0.0000
  34.000   11.000       0.0000
  35.000   11.000       0.0000
   1.000   12.000       0.0000
   2.000   12.000       0.0000
   3.000   12.000       0.0000
   4.000   12.000       0.0000
   5.000   12.000       0.0000
   6.000   12.000       0.0000
   7.000   12.000       0.0000
   8.000   12.000       0.0000
   9.000   12.000       0.0000
  10.000   12.000       0.9288
  11.000   12.000       1.0000
  12.000   12.000       0.0000
  13.000   12.000       1.0000
  14.000   12.000       0.0000
  15.000   12.000       0.0000
  16.000   12.000       0.0000
  17.000   12.000       0.0000
  18.000   12.000       0.0000
  19.000   12.000       0.0000
  20.000   12.000       0.0000
  21.000   12.000       0.0000
  22.000   12.000       0.0000
  23.000   12.000       0.0000
  24.000   12.000       0.0000
  25.000   12.000       0.0000
  26.000   12.000       0.0000
  27.000   12.000       0.0000
  28.000   12.000       0.0000
  29.000   12.000       0.0000
  30.000   12.000       0.0000
  31.000   12.000       0.0000
  32.000   12.000       0.0000
  33.000   12.000       0.0000
  34.000   12.000       0.0000
  35.000   12.000       0.0000
   1.000   13.000       0.0000
   2.000   13.000       0.0000
   3.000   13.000       0.0000
   4.000   13.000       0.0000
   5.000   13.000       0.0000
   6.000   13.000       0.0000
   7.000   13.000       0.0000
   8.000   13.000       0.0000
   9.000   13.000       0.0000
  10.000   13.000       0.0000
  11.000   13.000       0.8246
  12.000   13.000       1.0000
  13.000   13.000       0.0000
  14.000   13.000       1.0000
  15.000   13.000       0.0000
  16.000   13.000       0.0000
  17.000   13.000       0.0000
  18.000   13.000       0.0000
  19.000   13.000       0.0000
  20.000   13.000       0.0000
  21.000   13.000       0.0000
  22.000   13.000       0.0000
  23.000   13.000       0.0000
  24.000   13.000       0.0000
  25.000   13.000       0.0000
  26.000   13.000       0.0000
  27.000   13.000       0.0000
  28.000   13.000       0.0000
  29.000   13.000       0.0000
  30.000   13.000       0.0000
  31.000   13.000       0.0000
  32.000   13.000       0.0000
  33.000   13.000       0.0000
  34.000   13.000       0.0000
  35.000   13.000       0.0000
   1.000   14.000       0.0000
   2.000   14.000       0.0000
   3.000   14.000       0.0000
   4.000   14.000       0.0000
   5.000   14.000       0.0000
   6.000   14.000       0.0000
   7.000   14.000       0.0000
   8.000   14.000       0.0000
   9.000   14.000       0.0000
  10.000   14.000       0.0000
  11.000   14.000       0.0000
  12.000   14.000       0.0000
  13.000   14.000       1.0000
  14.000   14.000       0.0000
  15.000   14.000       1.0000
  16.000   14.000       0.6764
  17.000   14.000       0.0000
  18.000   14.000       0.0000
  19.000   14.000       0.0000
  20.000   14.000       0.0000
  21.000   14.000       0.0000
  22.000   14.000       0.0000
  23.000   14.000       0.0000
  24.000   14.000       0.0000
  25.000   14.000       0.0000
  26.000   14.000       0.0000
  27.000   14.000       0.0000
  28.000   14.000       0.0000
  29.000   14.000       0.0000
  30.000   14.000       0.0000
  31.000   14.000       0.0000
  32.000   14.000       0.0000
  33.000   14.000       0.0000
  34.000   14.000       0.0000
  35.000   14.000       0.0000
   1.000   15.000       0.0000
   2.000   15.000       0.0000
   3.000   15.000       0.0000
   4.000   15.000       0.0000
   5.000   15.000       0.0000
   6.000   15.000       0.0000
   7.000   15.000       0.0000
   8.000   15.000       0.0000
   9.000   15.000       0.0000
  10.000   15.000       0.0000
  11.000   15.000       0.0000
  12.000   15.000       0.0000
  13.000   15.000       0.0000
  14.000   15.000       1.0000
  15.000   15.000       0.0000
  16.000   15.000       1.0000
  17.000   15.000       0.9046
  18.000   15.000       0.0000
  19.000   15.000       0.0000
  20.000   15.000       0.0000
  21.000   15.000       0.0000
  22.000   15.000       0.0000
  23.000   15.000       0.0000
  24.000   15.000       0.0000
  25.000   15.000       0.0000
  26.000   15.000       0.0000
  27.000   15.000       0.0000
  28.000   15.000       0.0000
  29.000   15.000       0.0000
  30.000   15.000       0.0000
  31.000   15.000       0.0000
  32.000   15.000       0.0000
  33.000   15.000       0.0000
  34.000   15.000       0.0000
  35.000   15.000       0.0000
   1.000   16.000       0.0000
   2.000   16.000       0.0000
   3.000   16.000       0.0000
   4.000   16.000       0.0000
   5.000   16.000       0.0000
   6.000   16.000       0.0000
   7.000   16.000       0.0000
   8.000   16.000       0.0000
   9.000   16.000       0.0000
  10.000   16.000       0.0000
  11.000   16.000       0.0000
  12.000   16.000       0.0000
  13.000   16.000       0.0000
  14.000   16.000       0.6764
  15.000   16.000       1.0000
  16.000   16.000       0.0000
  17.000   16.000       1.0000
  18.000   16.000       0.0000
  19.000   16.000       0.0000
  20.000   16.000       0.0574
  21.000   16.000       0.0306
  22.000   16.000       0.0000
  23.000   16.000       0.0000
  24.000   16.000       0.0000
  25.000   16.000       0.0000
  26.000   16.000       0.0000
  27.000   16.000       0.0000
  28.000   16.000       0.0000
  29.000   16.000       0.0000
  30.000   16.000       0.0000
  31.000   16.000       0.0000
  32.000   16.000       0.0000
  33.000   16.000       0.0000
  34.000   16.000       0.0000
  35.000   16.000       0.0000
   1.000   17.000       0.0000
   2.000   17.000       0.0000
   3.000   17.000       0.0000
   4.000   17.000       0.0000
   5.000   17.000       0.0000
   6.000   17.000       0.0000
   7.000   17.000       0.0000
   8.000   17.000       0.0000
   9.000   17.000       0.0000
  10.000   17.000       0.0000
  11.000   17.000       0.0000
  12.000   17.000       0.0000
  13.000   17.000       0.0000
  14.000   17.000       0.0000
  15.000   17.000       0.9046
  16.000   17.000       1.0000
  17.000   17.000       0.0000
  18.000   17.000       1.0000
  19.000   17.000       0.9428
  20.000   17.000       0.3135
  21.000   17.000       0.0928
  22.000   17.000       0.0000
  23.000   17.000       0.0000
  24.000   17.000       0.0000
  25.000   17.000       0.0000
  26.000   17.000       0.0000
  27.000   17.000       0.0000
  28.000   17.000       0.0000
  29.000   17.000       0.0000
  30.000   17.000       0.0000
  31.000   17.000       0.0000
  32.000   17.000       0.0000
  33.000   17.000       0.0000
  34.000   17.000       0.0000
  35.000   17.000       0.0000
   1.000   18.000       0.0000
   2.000   18.000       0.0000
   3.000   18.000       0.0000
   4.000   18.000       0.0000
   5.000   18.000       0.0000
   6.000   18.000       0.0000
   7.000   18.000       0.0000
   8.000   18.000       0.0000
   9.000   18.000       0.0000
  10.000   18.000       0.0000
  11.000   18.000       0.0000
  12.000   18.000       0.0000
  13.000   18.000       0.0000
  14.000   18.000       0.0000
  15.000   18.000       0.0000
  16.000   18.000       0.0000
  17.000   18.000       1.0000
  18.000   18.000       0.0000
  19.000   18.000       1.0000
  20.000   18.000       0.8478
  21.000   18.000       0.1381
  22.000   18.000       0.0000
  23.000   18.000       0.0000
  24.000   18.000       0.0000
  25.000   18.000       0.0000
  26.000   18.000       0.0000
  27.000   18.000       0.0000
  28.000   18.000       0.0000
  29.000   18.000       0.0000
  30.000   18.000       0.0000
  31.000   18.000       0.0000
  32.000   18.000       0.0000
  33.000   18.000       0.0000
  34.000   18.000       0.0000
  35.000   18.000       0.0000
   1.000   19.000       0.0000
   2.000   19.000       0.0000
   3.000   19.000       0.0000
   4.000   19.000       0.0000
   5.000   19.000       0.0000
   6.000   19.000       0.0000
   7.000   19.000       0.0000
   8.000   19.000       0.0000
   9.000   19.000       0.0000
  10.000   19.000       0.0000
  11.000   19.000       0.0000
  12.000   19.000       0.0000
  13.000   19.000       0.0000
  14.000   19.000       0.0000
  15.000   19.000       0.0000
  16.000   19.000       0.0000
  17.000   19.000       0.9428
  18.000   19.000       1.0000
  19.000   19.000       0.0000
  20.000   19.000       1.0000
  21.000   19.000       0.8301
  22.000   19.000       0.2458
  23.000   19.000       0.0000
  24.000   19.000       0.0000
  25.000   19.000       0.0000
  26.000   19.000       0.0000
  27.000   19.000       0.0000
  28.000   19.000       0.0000
  29.000   19.000       0.0000
  30.000   19.000       0.0000
  31.000   19.000       0.0000
  32.000   19.000       0.0000
  33.000   19.000       0.0000
  34.000   19.000       0.0000
  35.000   19.000       0.0000
   1.000   20.000       0.0000
   2.000   20.000       0.0000
   3.000   20.000       0.0000
   4.000   20.000       0.0000
   5.000   20.000       0.0000
   6.000   20.000       0.0000
   7.000   20.000       0.0000
   8.000   20.000       0.0000
   9.000   20.000       0.0000
  10.000   20.000       0.0000
  11.000   20.000       0.0000
  12.000   20.000       0.0000
  13.000   20.000       0.0000
  14.000   20.000       0.0000
  15.000   20.000       0.0000
  16.000   20.000       0.0574
  17.000   20.000       0.3135
  18.000   20.000       0.8478
  19.000   20.000       1.0000
  20.000   20.000       0.0000
  21.000   20.000       1.0000
  22.000   20.000       0.8808
  23.000   20.000       0.5760
  24.000   20.000       0.0000
  25.000   20.000       0.0000
  26.000   20.000       0.0000
  27.000   20.000       0.0000
  28.000   20.000       0.0000
  29.000   20.000       0.0000
  30.000   20.000       0.0000
  31.000   20.000       0.0000
  32.000   20.000       0.0000
  33.000   20.000       0.0000
  34.000   20.000       0.0000
  35.000   20.000       0.0000
   1.000   21.000       0.0000
   2.000   21.000       0.0000
   3.000   21.000       0.0000
   4.000   21.000       0.0000
   5.000   21.000       0.0000
   6.000   21.000       0.0000
   7.000   21.000       0.0000
   8.000   21.000       0.0000
   9.000   21.000       0.0000
  10.000   21.000       0.0000
  11.000   21.000       0.0000
  12.000   21.000       0.0000
  13.000   21.000       0.0000
  14.000   21.000       0.0000
  15.000   21.000       0.0000
  16.000   21.000       0.0306
  17.000   21.000       0.0928
  18.000   21.000       0.1381
  19.000   21.000       0.8301
  20.000   21.000       1.0000
  21.000   21.000       0.0000
  22.000   21.000       1.0000
  23.000   21.000       0.9731
  24.000   21.000       0.6608
  25.000   21.000       0.4802
  26.000   21.000       0.2878
  27.000   21.000       0.1154
  28.000   21.000       0.0000
  29.000   21.000       0.0000
  30.000   21.000       0.0000
  31.000   21.000       0.0000
  32.000   21.000       0.0000
  33.000   21.000       0.0000
  34.000   21.000       0.0000
  35.000   21.000       0.0000
   1.000   22.000       0.0000
   2.000   22.000       0.0000
   3.000   22.000       0.0000
   4.000   22.000       0.0000
   5.000   22.000       0.0000
   6.000   22.000       0.0000
   7.000   22.000       0.0000
   8.000   22.000       0.0000
   9.000   22.000       0.0000
  10.000   22.000       0.0000
  11.000   22.000       0.0000
  12.000   22.000       0.0000
  13.000   22.000       0.0000
  14.000   22.000       0.0000
  15.000   22.000       0.0000
  16.000   22.000       0.0000
  17.000   22.000       0.0000
  18.000   22.000       0.0000
  19.000   22.000       0.2458
  20.000   22.000       0.8808
  21.000   22.000       1.0000
  22.000   22.000       0.0000
  23.000   22.000       1.0000
  24.000   22.000       0.8313
  25.000   22.000       0.5642
  26.000   22.000       0.5713
  27.000   22.000       0.3247
  28.000   22.000       0.0000
  29.000   22.000       0.0000
  30.000   22.000       0.0000
  31.000   22.000       0.0000
  32.000   22.000       0.0000
  33.000   22.000       0.0000
  34.000   22.000       0.0000
  35.000   22.000       0.0000
   1.000   23.000       0.0000
   2.000   23.000       0.0000
   3.000   23.000       0.0000
   4.000   23.000       0.0000
   5.000   23.000       0.0000
   6.000   23.000       0.0000
   7.000   23.000       0.0000
   8.000   23.000       0.0000
   9.000   23.000       0.0000
  10.000   23.000       0.0000
  11.000   23.000       0.0000
  12.000   23.000       0.0000
  13.000   23.000       0.0000
  14.000   23.000       0.0000
  15.000   23.000       0.0000
  16.000   23.000       0.0000
  17.000   23.000       0.0000
  18.000   23.000       0.0000
  19.000   23.000       0.0000
  20.000   23.000       0.5760
  21.000   23.000       0.9731
  22.000   23.000       1.0000
  23.000   23.000       0.0000
  24.000   23.000       1.0000
  25.000   23.000       0.9744
  26.000   23.000       0.0000
  27.000   23.000       0.1962
  28.000   23.000       0.0000
  29.000   23.000       0.0000
  30.000   23.000       0.0000
  31.000   23.000       0.0000
  32.000   23.000       0.0000
  33.000   23.000       0.0000
  34.000   23.000       0.0000
  35.000   23.000       0.0000
   1.000   24.000       0.0000
   2.000   24.000       0.0000
   3.000   24.000       0.0000
   4.000   24.000       0.0000
   5.000   24.000       0.0000
   6.000   24.000       0.0000
   7.000   24.000       0.0000
   8.000   24.000       0.0000
   9.000   24.000       0.0000
  10.000   24.000       0.0000
  11.000   24.000       0.0000
  12.000   24.000       0.0000
  13.000   24.000       0.0000
  14.000   24.000       0.0000
  15.000   24.000       0.0000
  16.000   24.000       0.0000
  17.000   24.000       0.0000
  18.000   24.000       0.0000
  19.000   24.000       0.0000
  20.000   24.000       0.0000
  21.000   24.000       0.6608
  22.000   24.000       0.8313
  23.000   24.000       1.0000
  24.000   24.000       0.0000
  25.000   24.000       1.0000
  26.000   24.000       0.8725
  27.000   24.000       0.1159
  28.000   24.000       0.0000
  29.000   24.000       0.0000
  30.000   24.000       0.0000
  31.000   24.000       0.0000
  32.000   24.000       0.0000
  33.000   24.000       0.0000
  34.000   24.000       0.0000
  35.000   24.000       0.0000
   1.000   25.000       0.0000
   2.000   25.000       0.0000
   3.000   25.000       0.0000
   4.000   25.000       0.0000
   5.000   25.000       0.0000
   6.000   25.000       0.0000
   7.000   25.000       0.0000
   8.000   25.000       0.0000
   9.000   25.000       0.0000
  10.000   25.000       0.0000
  11.000   25.000       0.0000
  12.000   25.000       0.0000
  13.000   25.000       0.0000
  14.000   25.000       0.0000
  15.000   25.000       0.0000
  16.000   25.000       0.0000
  17.000   25.000       0.0000
  18.000   25.000       0.0000
  19.000   25.000       0.0000
  20.000   25.000       0.0000
  21.000   25.000       0.4802
  22.000   25.000       0.5642
  23.000   25.000       0.9744
  24.000   25.000       1.0000
  25.000   25.000       0.0000
  26.000   25.000       1.0000
  27.000   25.000       0.8769
  28.000   25.000       0.0000
  29.000   25.000       0.0000
  30.000   25.000       0.0000
  31.000   25.000       0.0000
  32.000   25.000       0.0000
  33.000   25.000       0.0000
  34.000   25.000       0.0000
  35.000   25.000       0.0000
   1.000   26.000       0.0000
   2.000   26.000       0.0000
   3.000   26.000       0.0000
   4.000   26.000       0.0000
   5.000   26.000       0.0000
   6.000   26.000       0.0000
   7.000   26.000       0.0000
   8.000   26.000       0.0000
   9.000   26.000       0.0000
  10.000   26.000       0.0000
  11.000   26.000       0.0000
  12.000   26.000       0.0000
  13.000   26.000       0.0000
  14.000   26.000       0.0000
  15.000   26.000       0.0000
  16.000   26.000       0.0000
  17.000   26.000       0.0000
  18.000   26.000       0.0000
  19.000   26.000       0.0000
  20.000   26.000       0.0000
  21.000   26.000       0.2878
  22.000   26.000       0.5713
  23.000   26.000       0.0000
  24.000   26.000       0.8725
  25.000   26.000       1.0000
  26.000   26.000       0.0000
  27.000   26.000       1.0000
  28.000   26.000       0.9225
  29.000   26.000       0.2752
  30.000   26.000       0.0000
  31.000   26.000       0.0000
  32.000   26.000       0.0000
  33.000   26.000       0.0000
  34.000   26.000       0.0000
  35.000   26.000       0.0000
   1.000   27.000       0.0000
   2.000   27.000       0.0000
   3.000   27.000       0.0000
   4.000   27.000       0.0000
   5.000   27.000       0.0000
   6.000   27.000       0.0000
   7.000   27.000       0.0000
   8.000   27.000       0.0000
   9.000   27.000       0.0000
  10.000   27.000       0.0000
  11.000   27.000       0.0000
  12.000   27.000       0.0000
  13.000   27.000       0.0000
  14.000   27.000       0.0000
  15.000   27.000       0.0000
  16.000   27.000       0.0000
  17.000   27.000       0.0000
  18.000   27.000       0.0000
  19.000   27.000       0.0000
  20.000   27.000       0.0000
  21.000   27.000       0.1154
  22.000   27.000       0.3247
  23.000   27.000       0.1962
  24.000   27.000       0.1159
  25.000   27.000       0.8769
  26.000   27.000       1.0000
  27.000   27.000       0.0000
  28.000   27.000       1.0000
  29.000   27.000       0.8344
  30.000   27.000       0.0000
  31.000   27.000       0.0000
  32.000   27.000       0.0000
  33.000   27.000       0.0000
  34.000   27.000       0.0000
  35.000   27.000       0.0000
   1.000   28.000       0.0000
   2.000   28.000       0.0000
   3.000   28.000       0.0000
   4.000   28.000       0.0000
   5.000   28.000       0.0000
   6.000   28.000       0.0000
   7.000   28.000       0.0000
   8.000   28.000       0.0000
   9.000   28.000       0.0000
  10.000   28.000       0.0000
  11.000   28.000       0.0000
  12.000   28.000       0.0000
  13.000   28.000       0.0000
  14.000   28.000       0.0000
  15.000   28.000       0.0000
  16.000   28.000       0.0000
  17.000   28.000       0.0000
  18.000   28.000       0.0000
  19.000   28.000       0.0000
  20.000   28.000       0.0000
  21.000   28.000       0.0000
  22.000   28.000       0.0000
  23.000   28.000       0.0000
  24.000   28.000       0.0000
  25.000   28.000       0.0000
  26.000   28.000       0.9225
  27.000   28.000       1.0000
  28.000   28.000       0.0000
  29.000   28.000       1.0000
  30.000   28.000       0.9507
  31.000   28.000       0.0000
  32.000   28.000       0.0000
  33.000   28.000       0.0000
  34.000   28.000       0.0000
  35.000   28.000       0.0000
   1.000   29.000       0.0000
   2.000   29.000       0.0000
   3.000   29.000       0.0000
   4.000   29.000       0.0000
   5.000   29.000       0.0000
   6.000   29.000       0.0000
   7.000   29.000       0.0000
   8.000   29.000       0.0000
   9.000   29.000       0.0000
  10.000   29.000       0.0000
  11.000   29.000       0.0000
  12.000   29.000       0.0000
  13.000   29.000       0.0000
  14.000   29.000       0.0000
  15.000   29.000       0.0000
  16.000   29.000       0.0000
  17.000   29.000       0.0000
  18.000   29.000       0.0000
  19.000   29.000       0.0000
  20.000   29.000       0.0000
  21.000   29.000       0.0000
  22.000   29.000       0.0000
  23.000   29.000       0.0000
  24.000   29.000       0.0000
  25.000   29.000       0.0000
  26.000   29.000       0.2752
  27.000   29.000       0.8344
  28.000   29.000       1.0000
  29.000   29.000       0.0000
  30.000   29.000       1.0000
  31.000   29.000       0.0000
  32.000   29.000       0.0000
  33.000   29.000       0.0000
  34.000   29.000       0.0000
  35.000   29.000       0.0000
   1.000   30.000       0.0000
   2.000   30.000       0.0000
   3.000   30.000       0.0000
   4.000   30.000       0.0000
   5.000   30.000       0.0000
   6.000   30.000       0.0000
   7.000   30.000       0.0000
   8.000   30.000       0.0000
   9.000   30.000       0.0000
  10.000   30.000       0.0000
  11.000   30.000       0.0000
  12.000   30.000       0.0000
  13.000   30.000       0.0000
  14.000   30.000       0.0000
  15.000   30.000       0.0000
  16.000   30.000       0.0000
  17.000   30.000       0.0000
  18.000   30.000       0.0000
  19.000   30.000       0.0000
  20.000   30.000       0.0000
  21.000   30.000       0.0000
  22.000   30.000       0.0000
  23.000   30.000       0.0000
  24.000   30.000       0.0000
  25.000   30.000       0.0000
  26.000   30.000       0.0000
  27.000   30.000       0.0000
  28.000   30.000       0.9507
  29.000   30.000       1.0000
  30.000   30.000       0.0000
  31.000   30.000       1.0000
  32.000   30.000       0.8184
  33.000   30.000       0.0000
  34.000   30.000       0.0000
  35.000   30.000       0.0000
   1.000   31.000       0.0000
   2.000   31.000       0.0000
   3.000   31.000       0.0000
   4.000   31.000       0.0000
   5.000   31.000       0.0000
   6.000   31.000       0.0000
   7.000   31.000       0.0000
   8.000   31.000       0.0000
   9.000   31.000       0.0000
  10.000   31.000       0.0000
  11.000   31.000       0.0000
  12.000   31.000       0.0000
  13.000   31.000       0.0000
  14.000   31.000       0.0000
  15.000   31.000       0.0000
  16.000   31.000       0.0000
  17.000   31.000       0.0000
  18.000   31.000       0.0000
  19.000   31.000       0.0000
  20.000   31.000       0.0000
  21.000   31.000       0.0000
  22.000   31.000       0.0000
  23.000   31.000       0.0000
  24.000   31.000       0.0000
  25.000   31.000       0.0000
  26.000   31.000       0.0000
  27.000   31.000       0.0000
  28.000   31.000       0.0000
  29.000   31.000       0.0000
  30.000   31.000       1.0000
  31.000   31.000       0.0000
  32.000   31.000       1.0000
  33.000   31.000       0.7374
  34.000   31.000       0.0000
  35.000   31.000       0.0000
   1.000   32.000       0.0000
   2.000   32.000       0.0000
   3.000   32.000       0.0000
   4.000   32.000       0.0000
   5.000   32.000       0.0000
   6.000   32.000       0.0000
   7.000   32.000       0.0000
   8.000   32.000       0.0000
   9.000   32.000       0.0000
  10.000   32.000       0.0000
  11.000   32.000       0.0000
  12.000   32.000       0.0000
  13.000   32.000       0.0000
  14.000   32.000       0.0000
  15.000   32.000       0.0000
  16.000   32.000       0.0000
  17.000   32.000       0.0000
  18.000   32.000       0.0000
  19.000   32.000       0.0000
  20.000   32.000       0.0000
  21.000   32.000       0.0000
  22.000   32.000       0.0000
  23.000   32.000       0.0000
  24.000   32.000       0.0000
  25.000   32.000       0.0000
  26.000   32.000       0.0000
  27.000   32.000       0.0000
  28.000   32.000       0.0000
  29.000   32.000       0.0000
  30.000   32.000       0.8184
  31.000   32.000       1.0000
  32.000   32.000       0.0000
  33.000   32.000       1.0000
  34.000   32.000       0.8311
  35.000   32.000       0.0000
   1.000   33.000       0.0000
   2.000   33.000       0.0000
   3.000   33.000       0.0000
   4.000   33.000       0.0000
   5.000   33.000       0.0000
   6.000   33.000       0.0000
   7.000   33.000       0.0000
   8.000   33.000       0.0000
   9.000   33.000       0.0000
  10.000   33.000       0.0000
  11.000   33.000       0.0000
  12.000   33.000       0.0000
  13.000   33.000       0.0000
  14.000   33.000       0.0000
  15.000   33.000       0.0000
  16.000   33.000       0.0000
  17.000   33.000       0.0000
  18.000   33.000       0.0000
  19.000   33.000       0.0000
  20.000   33.000       0.0000
  21.000   33.000       0.0000
  22.000   33.000       0.0000
  23.000   33.000       0.0000
  24.000   33.000       0.0000
  25.000   33.000       0.0000
  26.000   33.000       0.0000
  27.000   33.000       0.0000
  28.000   33.000       0.0000
  29.000   33.000       0.0000
  30.000   33.000       0.0000
  31.000   33.000       0.7374
  32.000   33.000       1.0000
  33.000   33.000       0.0000
  34.000   33.000       1.0000
  35.000   33.000       0.8656
   1.000   34.000       0.0000
   2.000   34.000       0.0000
   3.000   34.000       0.0000
   4.000   34.000       0.0000
   5.000   34.000       0.0000
   6.000   34.000       0.0000
   7.000   34.000       0.0000
   8.000   34.000       0.0000
   9.000   34.000       0.0000
  10.000   34.000       0.0000
  11.000   34.000       0.0000
  12.000   34.000       0.0000
  13.000   34.000       0.0000
  14.000   34.000       0.0000
  15.000   34.000       0.0000
  16.000   34.000       0.0000
  17.000   34.000       0.0000
  18.000   34.000       0.0000
  19.000   34.000       0.0000
  20.000   34.000       0.0000
  21.000   34.000       0.0000
  22.000   34.000       0.0000
  23.000   34.000       0.0000
  24.000   34.000       0.0000
  25.000   34.000       0.0000
  26.000   34.000       0.0000
  27.000   34.000       0.0000
  28.000   34.000       0.0000
  29.000   34.000       0.0000
  30.000   34.000       0.0000
  31.000   34.000       0.0000
  32.000   34.000       0.8311
  33.000   34.000       1.0000
  34.000   34.000       0.0000
  35.000   34.000       1.0000
   1.000   35.000       0.0000
   2.000   35.000       0.0000
   3.000   35.000       0.0000
   4.000   35.000       0.0000
   5.000   35.000       0.0000
   6.000   35.000       0.0000
   7.000   35.000       0.0000
   8.000   35.000       0.0000
   9.000   35.000       0.0000
  10.000   35.000       0.0000
  11.000   35.000       0.0000
  12.000   35.000       0.0000
  13.000   35.000       0.0000
  14.000   35.000       0.0000
  15.000   35.000       0.0000
  16.000   35.000       0.0000
  17.000   35.000       0.0000
  18.000   35.000       0.0000
  19.000   35.000       0.0000
  20.000   35.000       0.0000
  21.000   35.000       0.0000
  22.000   35.000       0.0000
  23.000   35.000       0.0000
  24.000   35.000       0.0000
  25.000   35.000       0.0000
  26.000   35.000       0.0000
  27.000   35.000       0.0000
  28.000   35.000       0.0000
  29.000   35.000       0.0000
  30.000   35.000       0.0000
  31.000   35.000       0.0000
  32.000   35.000       0.0000
  33.000   35.000       0.8656
  34.000   35.000       1.0000
  35.000   35.000       0.0000
