#Residue Residue Contacts_00005[nonnatmap]
   1.000    1.000        0.0000
   2.000    1.000        0.0000
   3.000    1.000        0.6574
   4.000    1.000        0.1169
   5.000    1.000        0.0025
   6.000    1.000        0.0001
   7.000    1.000        0.0172
   8.000    1.000        0.0742
   9.000    1.000        0.0896
  10.000    1.000        0.0537
  11.000    1.000        0.0780
  12.000    1.000        0.0864
  13.000    1.000        0.0022
  14.000    1.000        0.0028
  15.000    1.000        0.0021
  16.000    1.000        0.0096
  17.000    1.000        0.0093
  18.000    1.000        0.0047
  19.000    1.000        0.0011
  20.000    1.000        0.0006
  21.000    1.000        0.0102
  22.000    1.000        0.0067
  23.000    1.000        0.0011
  24.000    1.000        0.0000
  25.000    1.000        0.0000
  26.000    1.000        0.0000
  27.000    1.000        0.0000
  28.000    1.000        0.0000
  29.000    1.000        0.0000
  30.000    1.000        0.0000
  31.000    1.000        0.0000
  32.000    1.000        0.0000
  33.000    1.000        0.0000
  34.000    1.000        0.0000
  35.000    1.000        0.0001
   1.000    2.000        0.0000
   2.000    2.000        0.0000
   3.000    2.000        0.0000
   4.000    2.000        0.0000
   5.000    2.000        0.0826
   6.000    2.000        0.0248
   7.000    2.000        0.0514
   8.000    2.000        0.0518
   9.000    2.000        0.0858
  10.000    2.000        0.0455
  11.000    2.000        0.0954
  12.000    2.000        0.0105
  13.000    2.000        0.0073
  14.000    2.000        0.0125
  15.000    2.000        0.0062
  16.000    2.000        0.0146
  17.000    2.000        0.0156
  18.000    2.000        0.0044
  19.000    2.000        0.0000
  20.000    2.000        0.0009
  21.000    2.000        0.0019
  22.000    2.000        0.0010
  23.000    2.000        0.0000
  24.000    2.000        0.0000
  25.000    2.000        0.0000
  26.000    2.000        0.0000
  27.000    2.000        0.0000
  28.000    2.000        0.0000
  29.000    2.000        0.0000
  30.000    2.000        0.0000
  31.000    2.000        0.0000
  32.000    2.000        0.0000
  33.000    2.000        0.0000
  34.000    2.000        0.0000
  35.000    2.000        0.0000
   1.000    3.000        0.6574
   2.000    3.000        0.0000
   3.000    3.000        0.0000
   4.000    3.000        0.0000
   5.000    3.000        0.0000
   6.000    3.000        0.0752
   7.000    3.000        0.0522
   8.000    3.000        0.0527
   9.000    3.000        0.1501
  10.000    3.000        0.1444
  11.000    3.000        0.1226
  12.000    3.000        0.0351
  13.000    3.000        0.0161
  14.000    3.000        0.0006
  15.000    3.000        0.0003
  16.000    3.000        0.0115
  17.000    3.000        0.0048
  18.000    3.000        0.0046
  19.000    3.000        0.0001
  20.000    3.000        0.0033
  21.000    3.000        0.0049
  22.000    3.000        0.0095
  23.000    3.000        0.0000
  24.000    3.000        0.0000
  25.000    3.000        0.0000
  26.000    3.000        0.0000
  27.000    3.000        0.0000
  28.000    3.000        0.0000
  29.000    3.000        0.0000
  30.000    3.000        0.0000
  31.000    3.000        0.0000
  32.000    3.000        0.0000
  33.000    3.000        0.0000
  34.000    3.000        0.0000
  35.000    3.000        0.0005
   1.000    4.000        0.1169
   2.000    4.000        0.0000
   3.000    4.000        0.0000
   4.000    4.000        0.0000
   5.000    4.000        0.0000
   6.000    4.000        0.0000
   7.000    4.000        0.0000
   8.000    4.000        0.3020
   9.000    4.000        0.1977
  10.000    4.000        0.1637
  11.000    4.000        0.0000
  12.000    4.000        0.0089
  13.000    4.000        0.0240
  14.000    4.000        0.0004
  15.000    4.000        0.0002
  16.000    4.000        0.0063
  17.000    4.000        0.0014
  18.000    4.000        0.0002
  19.000    4.000        0.0000
  20.000    4.000        0.0027
  21.000    4.000        0.0002
  22.000    4.000        0.0000
  23.000    4.000        0.0000
  24.000    4.000        0.0000
  25.000    4.000        0.0000
  26.000    4.000        0.0000
  27.000    4.000        0.0000
  28.000    4.000        0.0000
  29.000    4.000        0.0000
  30.000    4.000        0.0000
  31.000    4.000        0.0000
  32.000    4.000        0.0000
  33.000    4.000        0.0000
  34.000    4.000        0.0000
  35.000    4.000        0.0004
   1.000    5.000        0.0025
   2.000    5.000        0.0826
   3.000    5.000        0.0000
   4.000    5.000        0.0000
   5.000    5.000        0.0000
   6.000    5.000        0.0000
   7.000    5.000        0.0000
   8.000    5.000        0.1051
   9.000    5.000        0.0634
  10.000    5.000        0.0140
  11.000    5.000        0.0012
  12.000    5.000        0.0006
  13.000    5.000        0.0025
  14.000    5.000        0.0000
  15.000    5.000        0.0000
  16.000    5.000        0.0000
  17.000    5.000        0.0000
  18.000    5.000        0.0000
  19.000    5.000        0.0003
  20.000    5.000        0.0236
  21.000    5.000        0.0172
  22.000    5.000        0.0013
  23.000    5.000        0.0000
  24.000    5.000        0.0000
  25.000    5.000        0.0000
  26.000    5.000        0.0000
  27.000    5.000        0.0000
  28.000    5.000        0.0000
  29.000    5.000        0.0000
  30.000    5.000        0.0000
  31.000    5.000        0.0000
  32.000    5.000        0.0000
  33.000    5.000        0.0000
  34.000    5.000        0.0000
  35.000    5.000        0.0000
   1.000    6.000        0.0001
   2.000    6.000        0.0248
   3.000    6.000        0.0752
   4.000    6.000        0.0000
   5.000    6.000        0.0000
   6.000    6.000        0.0000
   7.000    6.000        0.0000
   8.000    6.000        0.0000
   9.000    6.000        0.1181
  10.000    6.000        0.0160
  11.000    6.000        0.0017
  12.000    6.000        0.0067
  13.000    6.000        0.0002
  14.000    6.000        0.0000
  15.000    6.000        0.0000
  16.000    6.000        0.0000
  17.000    6.000        0.0000
  18.000    6.000        0.0001
  19.000    6.000        0.0059
  20.000    6.000        0.0254
  21.000    6.000        0.0012
  22.000    6.000        0.0000
  23.000    6.000        0.0000
  24.000    6.000        0.0000
  25.000    6.000        0.0000
  26.000    6.000        0.0000
  27.000    6.000        0.0000
  28.000    6.000        0.0000
  29.000    6.000        0.0000
  30.000    6.000        0.0000
  31.000    6.000        0.0000
  32.000    6.000        0.0000
  33.000    6.000        0.0000
  34.000    6.000        0.0000
  35.000    6.000        0.0000
   1.000    7.000        0.0172
   2.000    7.000        0.0514
   3.000    7.000        0.0522
   4.000    7.000        0.0000
   5.000    7.000        0.0000
   6.000    7.000        0.0000
   7.000    7.000        0.0000
   8.000    7.000        0.0000
   9.000    7.000        0.0000
  10.000    7.000        0.1194
  11.000    7.000        0.0045
  12.000    7.000        0.0003
  13.000    7.000        0.0000
  14.000    7.000        0.0000
  15.000    7.000        0.0000
  16.000    7.000        0.0000
  17.000    7.000        0.0000
  18.000    7.000        0.0000
  19.000    7.000        0.0000
  20.000    7.000        0.0000
  21.000    7.000        0.0000
  22.000    7.000        0.0000
  23.000    7.000        0.0000
  24.000    7.000        0.0000
  25.000    7.000        0.0000
  26.000    7.000        0.0042
  27.000    7.000        0.0103
  28.000    7.000        0.0096
  29.000    7.000        0.0000
  30.000    7.000        0.0000
  31.000    7.000        0.0000
  32.000    7.000        0.0000
  33.000    7.000        0.0000
  34.000    7.000        0.0000
  35.000    7.000        0.0000
   1.000    8.000        0.0742
   2.000    8.000        0.0518
   3.000    8.000        0.0527
   4.000    8.000        0.3020
   5.000    8.000        0.1051
   6.000    8.000        0.0000
   7.000    8.000        0.0000
   8.000    8.000        0.0000
   9.000    8.000        0.0000
  10.000    8.000        0.0000
  11.000    8.000        0.0000
  12.000    8.000        0.0034
  13.000    8.000        0.0000
  14.000    8.000        0.0002
  15.000    8.000        0.0000
  16.000    8.000        0.0000
  17.000    8.000        0.0000
  18.000    8.000        0.0000
  19.000    8.000        0.0000
  20.000    8.000        0.0000
  21.000    8.000        0.0000
  22.000    8.000        0.0000
  23.000    8.000        0.0000
  24.000    8.000        0.0000
  25.000    8.000        0.0000
  26.000    8.000        0.0104
  27.000    8.000        0.0070
  28.000    8.000        0.0001
  29.000    8.000        0.0000
  30.000    8.000        0.0000
  31.000    8.000        0.0000
  32.000    8.000        0.0000
  33.000    8.000        0.0000
  34.000    8.000        0.0000
  35.000    8.000        0.0000
   1.000    9.000        0.0896
   2.000    9.000        0.0858
   3.000    9.000        0.1501
   4.000    9.000        0.1977
   5.000    9.000        0.0634
   6.000    9.000        0.1181
   7.000    9.000        0.0000
   8.000    9.000        0.0000
   9.000    9.000        0.0000
  10.000    9.000        0.0000
  11.000    9.000        0.0000
  12.000    9.000        0.0050
  13.000    9.000        0.0000
  14.000    9.000        0.0004
  15.000    9.000        0.0000
  16.000    9.000        0.0000
  17.000    9.000        0.0000
  18.000    9.000        0.0001
  19.000    9.000        0.0000
  20.000    9.000        0.0000
  21.000    9.000        0.0000
  22.000    9.000        0.0001
  23.000    9.000        0.0000
  24.000    9.000        0.0000
  25.000    9.000        0.0000
  26.000    9.000        0.0003
  27.000    9.000        0.0000
  28.000    9.000        0.0000
  29.000    9.000        0.0000
  30.000    9.000        0.0000
  31.000    9.000        0.0000
  32.000    9.000        0.0000
  33.000    9.000        0.0000
  34.000    9.000        0.0000
  35.000    9.000        0.0000
   1.000   10.000        0.0537
   2.000   10.000        0.0455
   3.000   10.000        0.1444
   4.000   10.000        0.1637
   5.000   10.000        0.0140
   6.000   10.000        0.0160
   7.000   10.000        0.1194
   8.000   10.000        0.0000
   9.000   10.000        0.0000
  10.000   10.000        0.0000
  11.000   10.000        0.0000
  12.000   10.000        0.0000
  13.000   10.000        0.0000
  14.000   10.000        0.0000
  15.000   10.000        0.0002
  16.000   10.000        0.0000
  17.000   10.000        0.0000
  18.000   10.000        0.0000
  19.000   10.000        0.0000
  20.000   10.000        0.0000
  21.000   10.000        0.0000
  22.000   10.000        0.0000
  23.000   10.000        0.0000
  24.000   10.000        0.0012
  25.000   10.000        0.0082
  26.000   10.000        0.0026
  27.000   10.000        0.0000
  28.000   10.000        0.0000
  29.000   10.000        0.0000
  30.000   10.000        0.0000
  31.000   10.000        0.0000
  32.000   10.000        0.0000
  33.000   10.000        0.0000
  34.000   10.000        0.0000
  35.000   10.000        0.0000
   1.000   11.000        0.0780
   2.000   11.000        0.0954
   3.000   11.000        0.1226
   4.000   11.000        0.0000
   5.000   11.000        0.0012
   6.000   11.000        0.0017
   7.000   11.000        0.0045
   8.000   11.000        0.0000
   9.000   11.000        0.0000
  10.000   11.000        0.0000
  11.000   11.000        0.0000
  12.000   11.000        0.0000
  13.000   11.000        0.0000
  14.000   11.000        0.0983
  15.000   11.000        0.0032
  16.000   11.000        0.0000
  17.000   11.000        0.0000
  18.000   11.000        0.0000
  19.000   11.000        0.0000
  20.000   11.000        0.0000
  21.000   11.000        0.0000
  22.000   11.000        0.0000
  23.000   11.000        0.0000
  24.000   11.000        0.0000
  25.000   11.000        0.0046
  26.000   11.000        0.0002
  27.000   11.000        0.0034
  28.000   11.000        0.0003
  29.000   11.000        0.0002
  30.000   11.000        0.0001
  31.000   11.000        0.0000
  32.000   11.000        0.0000
  33.000   11.000        0.0000
  34.000   11.000        0.0000
  35.000   11.000        0.0004
   1.000   12.000        0.0864
   2.000   12.000        0.0105
   3.000   12.000        0.0351
   4.000   12.000        0.0089
   5.000   12.000        0.0006
   6.000   12.000        0.0067
   7.000   12.000        0.0003
   8.000   12.000        0.0034
   9.000   12.000        0.0050
  10.000   12.000        0.0000
  11.000   12.000        0.0000
  12.000   12.000        0.0000
  13.000   12.000        0.0000
  14.000   12.000        0.6527
  15.000   12.000        0.0465
  16.000   12.000        0.0001
  17.000   12.000        0.0000
  18.000   12.000        0.0000
  19.000   12.000        0.0000
  20.000   12.000        0.0000
  21.000   12.000        0.0001
  22.000   12.000        0.0000
  23.000   12.000        0.0000
  24.000   12.000        0.0000
  25.000   12.000        0.0094
  26.000   12.000        0.0018
  27.000   12.000        0.0071
  28.000   12.000        0.0027
  29.000   12.000        0.0026
  30.000   12.000        0.0100
  31.000   12.000        0.0000
  32.000   12.000        0.0000
  33.000   12.000        0.0000
  34.000   12.000        0.0000
  35.000   12.000        0.0008
   1.000   13.000        0.0022
   2.000   13.000        0.0073
   3.000   13.000        0.0161
   4.000   13.000        0.0240
   5.000   13.000        0.0025
   6.000   13.000        0.0002
   7.000   13.000        0.0000
   8.000   13.000        0.0000
   9.000   13.000        0.0000
  10.000   13.000        0.0000
  11.000   13.000        0.0000
  12.000   13.000        0.0000
  13.000   13.000        0.0000
  14.000   13.000        0.0000
  15.000   13.000        0.0000
  16.000   13.000        0.0203
  17.000   13.000        0.0011
  18.000   13.000        0.0000
  19.000   13.000        0.0000
  20.000   13.000        0.0071
  21.000   13.000        0.0068
  22.000   13.000        0.0011
  23.000   13.000        0.0000
  24.000   13.000        0.0058
  25.000   13.000        0.0000
  26.000   13.000        0.0049
  27.000   13.000        0.0429
  28.000   13.000        0.0379
  29.000   13.000        0.0199
  30.000   13.000        0.0155
  31.000   13.000        0.0000
  32.000   13.000        0.0000
  33.000   13.000        0.0000
  34.000   13.000        0.0000
  35.000   13.000        0.0002
   1.000   14.000        0.0028
   2.000   14.000        0.0125
   3.000   14.000        0.0006
   4.000   14.000        0.0004
   5.000   14.000        0.0000
   6.000   14.000        0.0000
   7.000   14.000        0.0000
   8.000   14.000        0.0002
   9.000   14.000        0.0004
  10.000   14.000        0.0000
  11.000   14.000        0.0983
  12.000   14.000        0.6527
  13.000   14.000        0.0000
  14.000   14.000        0.0000
  15.000   14.000        0.0000
  16.000   14.000        0.6679
  17.000   14.000        0.0250
  18.000   14.000        0.0051
  19.000   14.000        0.0001
  20.000   14.000        0.0200
  21.000   14.000        0.0073
  22.000   14.000        0.0008
  23.000   14.000        0.0000
  24.000   14.000        0.0012
  25.000   14.000        0.0303
  26.000   14.000        0.0007
  27.000   14.000        0.0018
  28.000   14.000        0.0008
  29.000   14.000        0.0042
  30.000   14.000        0.0002
  31.000   14.000        0.0000
  32.000   14.000        0.0000
  33.000   14.000        0.0000
  34.000   14.000        0.0000
  35.000   14.000        0.0000
   1.000   15.000        0.0021
   2.000   15.000        0.0062
   3.000   15.000        0.0003
   4.000   15.000        0.0002
   5.000   15.000        0.0000
   6.000   15.000        0.0000
   7.000   15.000        0.0000
   8.000   15.000        0.0000
   9.000   15.000        0.0000
  10.000   15.000        0.0002
  11.000   15.000        0.0032
  12.000   15.000        0.0465
  13.000   15.000        0.0000
  14.000   15.000        0.0000
  15.000   15.000        0.0000
  16.000   15.000        0.0000
  17.000   15.000        0.0000
  18.000   15.000        0.0904
  19.000   15.000        0.0479
  20.000   15.000        0.0404
  21.000   15.000        0.0000
  22.000   15.000        0.0050
  23.000   15.000        0.0002
  24.000   15.000        0.0338
  25.000   15.000        0.0722
  26.000   15.000        0.0065
  27.000   15.000        0.0056
  28.000   15.000        0.0001
  29.000   15.000        0.0074
  30.000   15.000        0.0028
  31.000   15.000        0.0002
  32.000   15.000        0.0000
  33.000   15.000        0.0000
  34.000   15.000        0.0000
  35.000   15.000        0.0001
   1.000   16.000        0.0096
   2.000   16.000        0.0146
   3.000   16.000        0.0115
   4.000   16.000        0.0063
   5.000   16.000        0.0000
   6.000   16.000        0.0000
   7.000   16.000        0.0000
   8.000   16.000        0.0000
   9.000   16.000        0.0000
  10.000   16.000        0.0000
  11.000   16.000        0.0000
  12.000   16.000        0.0001
  13.000   16.000        0.0203
  14.000   16.000        0.6679
  15.000   16.000        0.0000
  16.000   16.000        0.0000
  17.000   16.000        0.0000
  18.000   16.000        0.0000
  19.000   16.000        0.0722
  20.000   16.000        0.0000
  21.000   16.000        0.0000
  22.000   16.000        0.0018
  23.000   16.000        0.0005
  24.000   16.000        0.0031
  25.000   16.000        0.0156
  26.000   16.000        0.0020
  27.000   16.000        0.0018
  28.000   16.000        0.0000
  29.000   16.000        0.0311
  30.000   16.000        0.0164
  31.000   16.000        0.0120
  32.000   16.000        0.0000
  33.000   16.000        0.0000
  34.000   16.000        0.0000
  35.000   16.000        0.0000
   1.000   17.000        0.0093
   2.000   17.000        0.0156
   3.000   17.000        0.0048
   4.000   17.000        0.0014
   5.000   17.000        0.0000
   6.000   17.000        0.0000
   7.000   17.000        0.0000
   8.000   17.000        0.0000
   9.000   17.000        0.0000
  10.000   17.000        0.0000
  11.000   17.000        0.0000
  12.000   17.000        0.0000
  13.000   17.000        0.0011
  14.000   17.000        0.0250
  15.000   17.000        0.0000
  16.000   17.000        0.0000
  17.000   17.000        0.0000
  18.000   17.000        0.0000
  19.000   17.000        0.0000
  20.000   17.000        0.0000
  21.000   17.000        0.0000
  22.000   17.000        0.0142
  23.000   17.000        0.0049
  24.000   17.000        0.0128
  25.000   17.000        0.0300
  26.000   17.000        0.0144
  27.000   17.000        0.0064
  28.000   17.000        0.0014
  29.000   17.000        0.0248
  30.000   17.000        0.0000
  31.000   17.000        0.0000
  32.000   17.000        0.0000
  33.000   17.000        0.0000
  34.000   17.000        0.0000
  35.000   17.000        0.0000
   1.000   18.000        0.0047
   2.000   18.000        0.0044
   3.000   18.000        0.0046
   4.000   18.000        0.0002
   5.000   18.000        0.0000
   6.000   18.000        0.0001
   7.000   18.000        0.0000
   8.000   18.000        0.0000
   9.000   18.000        0.0001
  10.000   18.000        0.0000
  11.000   18.000        0.0000
  12.000   18.000        0.0000
  13.000   18.000        0.0000
  14.000   18.000        0.0051
  15.000   18.000        0.0904
  16.000   18.000        0.0000
  17.000   18.000        0.0000
  18.000   18.000        0.0000
  19.000   18.000        0.0000
  20.000   18.000        0.0000
  21.000   18.000        0.0000
  22.000   18.000        0.0548
  23.000   18.000        0.0222
  24.000   18.000        0.0142
  25.000   18.000        0.0092
  26.000   18.000        0.0055
  27.000   18.000        0.0065
  28.000   18.000        0.0101
  29.000   18.000        0.0385
  30.000   18.000        0.0010
  31.000   18.000        0.0000
  32.000   18.000        0.0000
  33.000   18.000        0.0000
  34.000   18.000        0.0000
  35.000   18.000        0.0000
   1.000   19.000        0.0011
   2.000   19.000        0.0000
   3.000   19.000        0.0001
   4.000   19.000        0.0000
   5.000   19.000        0.0003
   6.000   19.000        0.0059
   7.000   19.000        0.0000
   8.000   19.000        0.0000
   9.000   19.000        0.0000
  10.000   19.000        0.0000
  11.000   19.000        0.0000
  12.000   19.000        0.0000
  13.000   19.000        0.0000
  14.000   19.000        0.0001
  15.000   19.000        0.0479
  16.000   19.000        0.0722
  17.000   19.000        0.0000
  18.000   19.000        0.0000
  19.000   19.000        0.0000
  20.000   19.000        0.0000
  21.000   19.000        0.0000
  22.000   19.000        0.0000
  23.000   19.000        0.2550
  24.000   19.000        0.2612
  25.000   19.000        0.0771
  26.000   19.000        0.0252
  27.000   19.000        0.0169
  28.000   19.000        0.0016
  29.000   19.000        0.0060
  30.000   19.000        0.0000
  31.000   19.000        0.0000
  32.000   19.000        0.0000
  33.000   19.000        0.0000
  34.000   19.000        0.0000
  35.000   19.000        0.0000
   1.000   20.000        0.0006
   2.000   20.000        0.0009
   3.000   20.000        0.0033
   4.000   20.000        0.0027
   5.000   20.000        0.0236
   6.000   20.000        0.0254
   7.000   20.000        0.0000
   8.000   20.000        0.0000
   9.000   20.000        0.0000
  10.000   20.000        0.0000
  11.000   20.000        0.0000
  12.000   20.000        0.0000
  13.000   20.000        0.0071
  14.000   20.000        0.0200
  15.000   20.000        0.0404
  16.000   20.000        0.0000
  17.000   20.000        0.0000
  18.000   20.000        0.0000
  19.000   20.000        0.0000
  20.000   20.000        0.0000
  21.000   20.000        0.0000
  22.000   20.000        0.0000
  23.000   20.000        0.4376
  24.000   20.000        0.3492
  25.000   20.000        0.1505
  26.000   20.000        0.0670
  27.000   20.000        0.0126
  28.000   20.000        0.0082
  29.000   20.000        0.0011
  30.000   20.000        0.0052
  31.000   20.000        0.0014
  32.000   20.000        0.0018
  33.000   20.000        0.0000
  34.000   20.000        0.0000
  35.000   20.000        0.0001
   1.000   21.000        0.0102
   2.000   21.000        0.0019
   3.000   21.000        0.0049
   4.000   21.000        0.0002
   5.000   21.000        0.0172
   6.000   21.000        0.0012
   7.000   21.000        0.0000
   8.000   21.000        0.0000
   9.000   21.000        0.0000
  10.000   21.000        0.0000
  11.000   21.000        0.0000
  12.000   21.000        0.0001
  13.000   21.000        0.0068
  14.000   21.000        0.0073
  15.000   21.000        0.0000
  16.000   21.000        0.0000
  17.000   21.000        0.0000
  18.000   21.000        0.0000
  19.000   21.000        0.0000
  20.000   21.000        0.0000
  21.000   21.000        0.0000
  22.000   21.000        0.0000
  23.000   21.000        0.0000
  24.000   21.000        0.0000
  25.000   21.000        0.0000
  26.000   21.000        0.0000
  27.000   21.000        0.0217
  28.000   21.000        0.0315
  29.000   21.000        0.0136
  30.000   21.000        0.0162
  31.000   21.000        0.0010
  32.000   21.000        0.0002
  33.000   21.000        0.0000
  34.000   21.000        0.0000
  35.000   21.000        0.0000
   1.000   22.000        0.0067
   2.000   22.000        0.0010
   3.000   22.000        0.0095
   4.000   22.000        0.0000
   5.000   22.000        0.0013
   6.000   22.000        0.0000
   7.000   22.000        0.0000
   8.000   22.000        0.0000
   9.000   22.000        0.0001
  10.000   22.000        0.0000
  11.000   22.000        0.0000
  12.000   22.000        0.0000
  13.000   22.000        0.0011
  14.000   22.000        0.0008
  15.000   22.000        0.0050
  16.000   22.000        0.0018
  17.000   22.000        0.0142
  18.000   22.000        0.0548
  19.000   22.000        0.0000
  20.000   22.000        0.0000
  21.000   22.000        0.0000
  22.000   22.000        0.0000
  23.000   22.000        0.0000
  24.000   22.000        0.0000
  25.000   22.000        0.0000
  26.000   22.000        0.0000
  27.000   22.000        0.0000
  28.000   22.000        0.0829
  29.000   22.000        0.0662
  30.000   22.000        0.0238
  31.000   22.000        0.0000
  32.000   22.000        0.0000
  33.000   22.000        0.0000
  34.000   22.000        0.0000
  35.000   22.000        0.0000
   1.000   23.000        0.0011
   2.000   23.000        0.0000
   3.000   23.000        0.0000
   4.000   23.000        0.0000
   5.000   23.000        0.0000
   6.000   23.000        0.0000
   7.000   23.000        0.0000
   8.000   23.000        0.0000
   9.000   23.000        0.0000
  10.000   23.000        0.0000
  11.000   23.000        0.0000
  12.000   23.000        0.0000
  13.000   23.000        0.0000
  14.000   23.000        0.0000
  15.000   23.000        0.0002
  16.000   23.000        0.0005
  17.000   23.000        0.0049
  18.000   23.000        0.0222
  19.000   23.000        0.2550
  20.000   23.000        0.4376
  21.000   23.000        0.0000
  22.000   23.000        0.0000
  23.000   23.000        0.0000
  24.000   23.000        0.0000
  25.000   23.000        0.0000
  26.000   23.000        0.4718
  27.000   23.000        0.0000
  28.000   23.000        0.2151
  29.000   23.000        0.1021
  30.000   23.000        0.0340
  31.000   23.000        0.0008
  32.000   23.000        0.0000
  33.000   23.000        0.0000
  34.000   23.000        0.0000
  35.000   23.000        0.0000
   1.000   24.000        0.0000
   2.000   24.000        0.0000
   3.000   24.000        0.0000
   4.000   24.000        0.0000
   5.000   24.000        0.0000
   6.000   24.000        0.0000
   7.000   24.000        0.0000
   8.000   24.000        0.0000
   9.000   24.000        0.0000
  10.000   24.000        0.0012
  11.000   24.000        0.0000
  12.000   24.000        0.0000
  13.000   24.000        0.0058
  14.000   24.000        0.0012
  15.000   24.000        0.0338
  16.000   24.000        0.0031
  17.000   24.000        0.0128
  18.000   24.000        0.0142
  19.000   24.000        0.2612
  20.000   24.000        0.3492
  21.000   24.000        0.0000
  22.000   24.000        0.0000
  23.000   24.000        0.0000
  24.000   24.000        0.0000
  25.000   24.000        0.0000
  26.000   24.000        0.0000
  27.000   24.000        0.4888
  28.000   24.000        0.1010
  29.000   24.000        0.0865
  30.000   24.000        0.0051
  31.000   24.000        0.0013
  32.000   24.000        0.0000
  33.000   24.000        0.0000
  34.000   24.000        0.0000
  35.000   24.000        0.0000
   1.000   25.000        0.0000
   2.000   25.000        0.0000
   3.000   25.000        0.0000
   4.000   25.000        0.0000
   5.000   25.000        0.0000
   6.000   25.000        0.0000
   7.000   25.000        0.0000
   8.000   25.000        0.0000
   9.000   25.000        0.0000
  10.000   25.000        0.0082
  11.000   25.000        0.0046
  12.000   25.000        0.0094
  13.000   25.000        0.0000
  14.000   25.000        0.0303
  15.000   25.000        0.0722
  16.000   25.000        0.0156
  17.000   25.000        0.0300
  18.000   25.000        0.0092
  19.000   25.000        0.0771
  20.000   25.000        0.1505
  21.000   25.000        0.0000
  22.000   25.000        0.0000
  23.000   25.000        0.0000
  24.000   25.000        0.0000
  25.000   25.000        0.0000
  26.000   25.000        0.0000
  27.000   25.000        0.0000
  28.000   25.000        0.1032
  29.000   25.000        0.0849
  30.000   25.000        0.0455
  31.000   25.000        0.0154
  32.000   25.000        0.0011
  33.000   25.000        0.0000
  34.000   25.000        0.0000
  35.000   25.000        0.0000
   1.000   26.000        0.0000
   2.000   26.000        0.0000
   3.000   26.000        0.0000
   4.000   26.000        0.0000
   5.000   26.000        0.0000
   6.000   26.000        0.0000
   7.000   26.000        0.0042
   8.000   26.000        0.0104
   9.000   26.000        0.0003
  10.000   26.000        0.0026
  11.000   26.000        0.0002
  12.000   26.000        0.0018
  13.000   26.000        0.0049
  14.000   26.000        0.0007
  15.000   26.000        0.0065
  16.000   26.000        0.0020
  17.000   26.000        0.0144
  18.000   26.000        0.0055
  19.000   26.000        0.0252
  20.000   26.000        0.0670
  21.000   26.000        0.0000
  22.000   26.000        0.0000
  23.000   26.000        0.4718
  24.000   26.000        0.0000
  25.000   26.000        0.0000
  26.000   26.000        0.0000
  27.000   26.000        0.0000
  28.000   26.000        0.0000
  29.000   26.000        0.0000
  30.000   26.000        0.0036
  31.000   26.000        0.0000
  32.000   26.000        0.0028
  33.000   26.000        0.0000
  34.000   26.000        0.0000
  35.000   26.000        0.0010
   1.000   27.000        0.0000
   2.000   27.000        0.0000
   3.000   27.000        0.0000
   4.000   27.000        0.0000
   5.000   27.000        0.0000
   6.000   27.000        0.0000
   7.000   27.000        0.0103
   8.000   27.000        0.0070
   9.000   27.000        0.0000
  10.000   27.000        0.0000
  11.000   27.000        0.0034
  12.000   27.000        0.0071
  13.000   27.000        0.0429
  14.000   27.000        0.0018
  15.000   27.000        0.0056
  16.000   27.000        0.0018
  17.000   27.000        0.0064
  18.000   27.000        0.0065
  19.000   27.000        0.0169
  20.000   27.000        0.0126
  21.000   27.000        0.0217
  22.000   27.000        0.0000
  23.000   27.000        0.0000
  24.000   27.000        0.4888
  25.000   27.000        0.0000
  26.000   27.000        0.0000
  27.000   27.000        0.0000
  28.000   27.000        0.0000
  29.000   27.000        0.0000
  30.000   27.000        0.0000
  31.000   27.000        0.0001
  32.000   27.000        0.0000
  33.000   27.000        0.0000
  34.000   27.000        0.0008
  35.000   27.000        0.0154
   1.000   28.000        0.0000
   2.000   28.000        0.0000
   3.000   28.000        0.0000
   4.000   28.000        0.0000
   5.000   28.000        0.0000
   6.000   28.000        0.0000
   7.000   28.000        0.0096
   8.000   28.000        0.0001
   9.000   28.000        0.0000
  10.000   28.000        0.0000
  11.000   28.000        0.0003
  12.000   28.000        0.0027
  13.000   28.000        0.0379
  14.000   28.000        0.0008
  15.000   28.000        0.0001
  16.000   28.000        0.0000
  17.000   28.000        0.0014
  18.000   28.000        0.0101
  19.000   28.000        0.0016
  20.000   28.000        0.0082
  21.000   28.000        0.0315
  22.000   28.000        0.0829
  23.000   28.000        0.2151
  24.000   28.000        0.1010
  25.000   28.000        0.1032
  26.000   28.000        0.0000
  27.000   28.000        0.0000
  28.000   28.000        0.0000
  29.000   28.000        0.0000
  30.000   28.000        0.0000
  31.000   28.000        0.0614
  32.000   28.000        0.0026
  33.000   28.000        0.0020
  34.000   28.000        0.0037
  35.000   28.000        0.0207
   1.000   29.000        0.0000
   2.000   29.000        0.0000
   3.000   29.000        0.0000
   4.000   29.000        0.0000
   5.000   29.000        0.0000
   6.000   29.000        0.0000
   7.000   29.000        0.0000
   8.000   29.000        0.0000
   9.000   29.000        0.0000
  10.000   29.000        0.0000
  11.000   29.000        0.0002
  12.000   29.000        0.0026
  13.000   29.000        0.0199
  14.000   29.000        0.0042
  15.000   29.000        0.0074
  16.000   29.000        0.0311
  17.000   29.000        0.0248
  18.000   29.000        0.0385
  19.000   29.000        0.0060
  20.000   29.000        0.0011
  21.000   29.000        0.0136
  22.000   29.000        0.0662
  23.000   29.000        0.1021
  24.000   29.000        0.0865
  25.000   29.000        0.0849
  26.000   29.000        0.0000
  27.000   29.000        0.0000
  28.000   29.000        0.0000
  29.000   29.000        0.0000
  30.000   29.000        0.0000
  31.000   29.000        0.8534
  32.000   29.000        0.0605
  33.000   29.000        0.0172
  34.000   29.000        0.0156
  35.000   29.000        0.0328
   1.000   30.000        0.0000
   2.000   30.000        0.0000
   3.000   30.000        0.0000
   4.000   30.000        0.0000
   5.000   30.000        0.0000
   6.000   30.000        0.0000
   7.000   30.000        0.0000
   8.000   30.000        0.0000
   9.000   30.000        0.0000
  10.000   30.000        0.0000
  11.000   30.000        0.0001
  12.000   30.000        0.0100
  13.000   30.000        0.0155
  14.000   30.000        0.0002
  15.000   30.000        0.0028
  16.000   30.000        0.0164
  17.000   30.000        0.0000
  18.000   30.000        0.0010
  19.000   30.000        0.0000
  20.000   30.000        0.0052
  21.000   30.000        0.0162
  22.000   30.000        0.0238
  23.000   30.000        0.0340
  24.000   30.000        0.0051
  25.000   30.000        0.0455
  26.000   30.000        0.0036
  27.000   30.000        0.0000
  28.000   30.000        0.0000
  29.000   30.000        0.0000
  30.000   30.000        0.0000
  31.000   30.000        0.0000
  32.000   30.000        0.0000
  33.000   30.000        0.0764
  34.000   30.000        0.0270
  35.000   30.000        0.0234
   1.000   31.000        0.0000
   2.000   31.000        0.0000
   3.000   31.000        0.0000
   4.000   31.000        0.0000
   5.000   31.000        0.0000
   6.000   31.000        0.0000
   7.000   31.000        0.0000
   8.000   31.000        0.0000
   9.000   31.000        0.0000
  10.000   31.000        0.0000
  11.000   31.000        0.0000
  12.000   31.000        0.0000
  13.000   31.000        0.0000
  14.000   31.000        0.0000
  15.000   31.000        0.0002
  16.000   31.000        0.0120
  17.000   31.000        0.0000
  18.000   31.000        0.0000
  19.000   31.000        0.0000
  20.000   31.000        0.0014
  21.000   31.000        0.0010
  22.000   31.000        0.0000
  23.000   31.000        0.0008
  24.000   31.000        0.0013
  25.000   31.000        0.0154
  26.000   31.000        0.0000
  27.000   31.000        0.0001
  28.000   31.000        0.0614
  29.000   31.000        0.8534
  30.000   31.000        0.0000
  31.000   31.000        0.0000
  32.000   31.000        0.0000
  33.000   31.000        0.0000
  34.000   31.000        0.0146
  35.000   31.000        0.0024
   1.000   32.000        0.0000
   2.000   32.000        0.0000
   3.000   32.000        0.0000
   4.000   32.000        0.0000
   5.000   32.000        0.0000
   6.000   32.000        0.0000
   7.000   32.000        0.0000
   8.000   32.000        0.0000
   9.000   32.000        0.0000
  10.000   32.000        0.0000
  11.000   32.000        0.0000
  12.000   32.000        0.0000
  13.000   32.000        0.0000
  14.000   32.000        0.0000
  15.000   32.000        0.0000
  16.000   32.000        0.0000
  17.000   32.000        0.0000
  18.000   32.000        0.0000
  19.000   32.000        0.0000
  20.000   32.000        0.0018
  21.000   32.000        0.0002
  22.000   32.000        0.0000
  23.000   32.000        0.0000
  24.000   32.000        0.0000
  25.000   32.000        0.0011
  26.000   32.000        0.0028
  27.000   32.000        0.0000
  28.000   32.000        0.0026
  29.000   32.000        0.0605
  30.000   32.000        0.0000
  31.000   32.000        0.0000
  32.000   32.000        0.0000
  33.000   32.000        0.0000
  34.000   32.000        0.0000
  35.000   32.000        0.0546
   1.000   33.000        0.0000
   2.000   33.000        0.0000
   3.000   33.000        0.0000
   4.000   33.000        0.0000
   5.000   33.000        0.0000
   6.000   33.000        0.0000
   7.000   33.000        0.0000
   8.000   33.000        0.0000
   9.000   33.000        0.0000
  10.000   33.000        0.0000
  11.000   33.000        0.0000
  12.000   33.000        0.0000
  13.000   33.000        0.0000
  14.000   33.000        0.0000
  15.000   33.000        0.0000
  16.000   33.000        0.0000
  17.000   33.000        0.0000
  18.000   33.000        0.0000
  19.000   33.000        0.0000
  20.000   33.000        0.0000
  21.000   33.000        0.0000
  22.000   33.000        0.0000
  23.000   33.000        0.0000
  24.000   33.000        0.0000
  25.000   33.000        0.0000
  26.000   33.000        0.0000
  27.000   33.000        0.0000
  28.000   33.000        0.0020
  29.000   33.000        0.0172
  30.000   33.000        0.0764
  31.000   33.000        0.0000
  32.000   33.000        0.0000
  33.000   33.000        0.0000
  34.000   33.000        0.0000
  35.000   33.000        0.0000
   1.000   34.000        0.0000
   2.000   34.000        0.0000
   3.000   34.000        0.0000
   4.000   34.000        0.0000
   5.000   34.000        0.0000
   6.000   34.000        0.0000
   7.000   34.000        0.0000
   8.000   34.000        0.0000
   9.000   34.000        0.0000
  10.000   34.000        0.0000
  11.000   34.000        0.0000
  12.000   34.000        0.0000
  13.000   34.000        0.0000
  14.000   34.000        0.0000
  15.000   34.000        0.0000
  16.000   34.000        0.0000
  17.000   34.000        0.0000
  18.000   34.000        0.0000
  19.000   34.000        0.0000
  20.000   34.000        0.0000
  21.000   34.000        0.0000
  22.000   34.000        0.0000
  23.000   34.000        0.0000
  24.000   34.000        0.0000
  25.000   34.000        0.0000
  26.000   34.000        0.0000
  27.000   34.000        0.0008
  28.000   34.000        0.0037
  29.000   34.000        0.0156
  30.000   34.000        0.0270
  31.000   34.000        0.0146
  32.000   34.000        0.0000
  33.000   34.000        0.0000
  34.000   34.000        0.0000
  35.000   34.000        0.0000
   1.000   35.000        0.0001
   2.000   35.000        0.0000
   3.000   35.000        0.0005
   4.000   35.000        0.0004
   5.000   35.000        0.0000
   6.000   35.000        0.0000
   7.000   35.000        0.0000
   8.000   35.000        0.0000
   9.000   35.000        0.0000
  10.000   35.000        0.0000
  11.000   35.000        0.0004
  12.000   35.000        0.0008
  13.000   35.000        0.0002
  14.000   35.000        0.0000
  15.000   35.000        0.0001
  16.000   35.000        0.0000
  17.000   35.000        0.0000
  18.000   35.000        0.0000
  19.000   35.000        0.0000
  20.000   35.000        0.0001
  21.000   35.000        0.0000
  22.000   35.000        0.0000
  23.000   35.000        0.0000
  24.000   35.000        0.0000
  25.000   35.000        0.0000
  26.000   35.000        0.0010
  27.000   35.000        0.0154
  28.000   35.000        0.0207
  29.000   35.000        0.0328
  30.000   35.000        0.0234
  31.000   35.000        0.0024
  32.000   35.000        0.0546
  33.000   35.000        0.0000
  34.000   35.000        0.0000
  35.000   35.000        0.0000
