#Residue Residue Contacts_00004[nonnatmap]
   1.000    1.000       0.0000
   2.000    1.000       0.0000
   3.000    1.000       0.0000
   4.000    1.000       0.1011
   5.000    1.000       0.0584
   6.000    1.000       0.0368
   7.000    1.000       0.0313
   8.000    1.000       0.0418
   9.000    1.000       0.0182
  10.000    1.000       0.0404
  11.000    1.000       0.0363
  12.000    1.000       0.0356
  13.000    1.000       0.0069
  14.000    1.000       0.0007
  15.000    1.000       0.0002
  16.000    1.000       0.0000
  17.000    1.000       0.0000
  18.000    1.000       0.0057
  19.000    1.000       0.0050
  20.000    1.000       0.0057
  21.000    1.000       0.0190
  22.000    1.000       0.0726
  23.000    1.000       0.0643
  24.000    1.000       0.0573
  25.000    1.000       0.0584
  26.000    1.000       0.0526
  27.000    1.000       0.0518
  28.000    1.000       0.0487
  29.000    1.000       0.0216
  30.000    1.000       0.0104
  31.000    1.000       0.0137
  32.000    1.000       0.0321
  33.000    1.000       0.0253
  34.000    1.000       0.0319
  35.000    1.000       0.0266
   1.000    2.000       0.0000
   2.000    2.000       0.0000
   3.000    2.000       0.0000
   4.000    2.000       0.0000
   5.000    2.000       0.1681
   6.000    2.000       0.0200
   7.000    2.000       0.0017
   8.000    2.000       0.0211
   9.000    2.000       0.0520
  10.000    2.000       0.0520
  11.000    2.000       0.0338
  12.000    2.000       0.0015
  13.000    2.000       0.0058
  14.000    2.000       0.0000
  15.000    2.000       0.0000
  16.000    2.000       0.0001
  17.000    2.000       0.0000
  18.000    2.000       0.0040
  19.000    2.000       0.0032
  20.000    2.000       0.0003
  21.000    2.000       0.0022
  22.000    2.000       0.0052
  23.000    2.000       0.0045
  24.000    2.000       0.0194
  25.000    2.000       0.0014
  26.000    2.000       0.0510
  27.000    2.000       0.0522
  28.000    2.000       0.0500
  29.000    2.000       0.0634
  30.000    2.000       0.0068
  31.000    2.000       0.0027
  32.000    2.000       0.0348
  33.000    2.000       0.0320
  34.000    2.000       0.0383
  35.000    2.000       0.0292
   1.000    3.000       0.0000
   2.000    3.000       0.0000
   3.000    3.000       0.0000
   4.000    3.000       0.0000
   5.000    3.000       0.0000
   6.000    3.000       0.1545
   7.000    3.000       0.0085
   8.000    3.000       0.0196
   9.000    3.000       0.0000
  10.000    3.000       0.0000
  11.000    3.000       0.0000
  12.000    3.000       0.0001
  13.000    3.000       0.0061
  14.000    3.000       0.0000
  15.000    3.000       0.0000
  16.000    3.000       0.0000
  17.000    3.000       0.0000
  18.000    3.000       0.0009
  19.000    3.000       0.0052
  20.000    3.000       0.0194
  21.000    3.000       0.0052
  22.000    3.000       0.0118
  23.000    3.000       0.0164
  24.000    3.000       0.0440
  25.000    3.000       0.0350
  26.000    3.000       0.0438
  27.000    3.000       0.0498
  28.000    3.000       0.0006
  29.000    3.000       0.0005
  30.000    3.000       0.0003
  31.000    3.000       0.0016
  32.000    3.000       0.0482
  33.000    3.000       0.0183
  34.000    3.000       0.0154
  35.000    3.000       0.0004
   1.000    4.000       0.1011
   2.000    4.000       0.0000
   3.000    4.000       0.0000
   4.000    4.000       0.0000
   5.000    4.000       0.0000
   6.000    4.000       0.0000
   7.000    4.000       0.0000
   8.000    4.000       0.0405
   9.000    4.000       0.0000
  10.000    4.000       0.0094
  11.000    4.000       0.0000
  12.000    4.000       0.0000
  13.000    4.000       0.0000
  14.000    4.000       0.0000
  15.000    4.000       0.0000
  16.000    4.000       0.0000
  17.000    4.000       0.0000
  18.000    4.000       0.0000
  19.000    4.000       0.0002
  20.000    4.000       0.0186
  21.000    4.000       0.0004
  22.000    4.000       0.0006
  23.000    4.000       0.0019
  24.000    4.000       0.0188
  25.000    4.000       0.0096
  26.000    4.000       0.0008
  27.000    4.000       0.0151
  28.000    4.000       0.0003
  29.000    4.000       0.0004
  30.000    4.000       0.0844
  31.000    4.000       0.0733
  32.000    4.000       0.0619
  33.000    4.000       0.0120
  34.000    4.000       0.0017
  35.000    4.000       0.0022
   1.000    5.000       0.0584
   2.000    5.000       0.1681
   3.000    5.000       0.0000
   4.000    5.000       0.0000
   5.000    5.000       0.0000
   6.000    5.000       0.0000
   7.000    5.000       0.0000
   8.000    5.000       0.1816
   9.000    5.000       0.0848
  10.000    5.000       0.0702
  11.000    5.000       0.0698
  12.000    5.000       0.0126
  13.000    5.000       0.0000
  14.000    5.000       0.0000
  15.000    5.000       0.0000
  16.000    5.000       0.0000
  17.000    5.000       0.0000
  18.000    5.000       0.0000
  19.000    5.000       0.0162
  20.000    5.000       0.0210
  21.000    5.000       0.0000
  22.000    5.000       0.0000
  23.000    5.000       0.0007
  24.000    5.000       0.0295
  25.000    5.000       0.0002
  26.000    5.000       0.0005
  27.000    5.000       0.0000
  28.000    5.000       0.0000
  29.000    5.000       0.0010
  30.000    5.000       0.0765
  31.000    5.000       0.0740
  32.000    5.000       0.0758
  33.000    5.000       0.0128
  34.000    5.000       0.0014
  35.000    5.000       0.0040
   1.000    6.000       0.0368
   2.000    6.000       0.0200
   3.000    6.000       0.1545
   4.000    6.000       0.0000
   5.000    6.000       0.0000
   6.000    6.000       0.0000
   7.000    6.000       0.0000
   8.000    6.000       0.0000
   9.000    6.000       0.0000
  10.000    6.000       0.0152
  11.000    6.000       0.0154
  12.000    6.000       0.0001
  13.000    6.000       0.0004
  14.000    6.000       0.0000
  15.000    6.000       0.0008
  16.000    6.000       0.0000
  17.000    6.000       0.0000
  18.000    6.000       0.0011
  19.000    6.000       0.0101
  20.000    6.000       0.0066
  21.000    6.000       0.0000
  22.000    6.000       0.0000
  23.000    6.000       0.0016
  24.000    6.000       0.0023
  25.000    6.000       0.0256
  26.000    6.000       0.0492
  27.000    6.000       0.0020
  28.000    6.000       0.0002
  29.000    6.000       0.0012
  30.000    6.000       0.0764
  31.000    6.000       0.0710
  32.000    6.000       0.0356
  33.000    6.000       0.0069
  34.000    6.000       0.0088
  35.000    6.000       0.0000
   1.000    7.000       0.0313
   2.000    7.000       0.0017
   3.000    7.000       0.0085
   4.000    7.000       0.0000
   5.000    7.000       0.0000
   6.000    7.000       0.0000
   7.000    7.000       0.0000
   8.000    7.000       0.0000
   9.000    7.000       0.0000
  10.000    7.000       0.0147
  11.000    7.000       0.0274
  12.000    7.000       0.0059
  13.000    7.000       0.0000
  14.000    7.000       0.0000
  15.000    7.000       0.0001
  16.000    7.000       0.0004
  17.000    7.000       0.0007
  18.000    7.000       0.0069
  19.000    7.000       0.0175
  20.000    7.000       0.0092
  21.000    7.000       0.0001
  22.000    7.000       0.0000
  23.000    7.000       0.0096
  24.000    7.000       0.0354
  25.000    7.000       0.0298
  26.000    7.000       0.0414
  27.000    7.000       0.0000
  28.000    7.000       0.0000
  29.000    7.000       0.0402
  30.000    7.000       0.0421
  31.000    7.000       0.0000
  32.000    7.000       0.0064
  33.000    7.000       0.0001
  34.000    7.000       0.0073
  35.000    7.000       0.0010
   1.000    8.000       0.0418
   2.000    8.000       0.0211
   3.000    8.000       0.0196
   4.000    8.000       0.0405
   5.000    8.000       0.1816
   6.000    8.000       0.0000
   7.000    8.000       0.0000
   8.000    8.000       0.0000
   9.000    8.000       0.0000
  10.000    8.000       0.0000
  11.000    8.000       0.0000
  12.000    8.000       0.0330
  13.000    8.000       0.0412
  14.000    8.000       0.0105
  15.000    8.000       0.0027
  16.000    8.000       0.0022
  17.000    8.000       0.0075
  18.000    8.000       0.0130
  19.000    8.000       0.0156
  20.000    8.000       0.0115
  21.000    8.000       0.0001
  22.000    8.000       0.0009
  23.000    8.000       0.0555
  24.000    8.000       0.0710
  25.000    8.000       0.0354
  26.000    8.000       0.0650
  27.000    8.000       0.0279
  28.000    8.000       0.0442
  29.000    8.000       0.0568
  30.000    8.000       0.0563
  31.000    8.000       0.0002
  32.000    8.000       0.0000
  33.000    8.000       0.0028
  34.000    8.000       0.0100
  35.000    8.000       0.0099
   1.000    9.000       0.0182
   2.000    9.000       0.0520
   3.000    9.000       0.0000
   4.000    9.000       0.0000
   5.000    9.000       0.0848
   6.000    9.000       0.0000
   7.000    9.000       0.0000
   8.000    9.000       0.0000
   9.000    9.000       0.0000
  10.000    9.000       0.0000
  11.000    9.000       0.0000
  12.000    9.000       0.0053
  13.000    9.000       0.0135
  14.000    9.000       0.0052
  15.000    9.000       0.0002
  16.000    9.000       0.0037
  17.000    9.000       0.0154
  18.000    9.000       0.0038
  19.000    9.000       0.0189
  20.000    9.000       0.0274
  21.000    9.000       0.0078
  22.000    9.000       0.0004
  23.000    9.000       0.0566
  24.000    9.000       0.0150
  25.000    9.000       0.0016
  26.000    9.000       0.0162
  27.000    9.000       0.0450
  28.000    9.000       0.0664
  29.000    9.000       0.0594
  30.000    9.000       0.0515
  31.000    9.000       0.0085
  32.000    9.000       0.0000
  33.000    9.000       0.0000
  34.000    9.000       0.0000
  35.000    9.000       0.0006
   1.000   10.000       0.0404
   2.000   10.000       0.0520
   3.000   10.000       0.0000
   4.000   10.000       0.0094
   5.000   10.000       0.0702
   6.000   10.000       0.0152
   7.000   10.000       0.0147
   8.000   10.000       0.0000
   9.000   10.000       0.0000
  10.000   10.000       0.0000
  11.000   10.000       0.0000
  12.000   10.000       0.0000
  13.000   10.000       0.2581
  14.000   10.000       0.1900
  15.000   10.000       0.0388
  16.000   10.000       0.0653
  17.000   10.000       0.0290
  18.000   10.000       0.0094
  19.000   10.000       0.0100
  20.000   10.000       0.0049
  21.000   10.000       0.0110
  22.000   10.000       0.0000
  23.000   10.000       0.0242
  24.000   10.000       0.0462
  25.000   10.000       0.0032
  26.000   10.000       0.0011
  27.000   10.000       0.0161
  28.000   10.000       0.0286
  29.000   10.000       0.0048
  30.000   10.000       0.0037
  31.000   10.000       0.0001
  32.000   10.000       0.0000
  33.000   10.000       0.0000
  34.000   10.000       0.0000
  35.000   10.000       0.0044
   1.000   11.000       0.0363
   2.000   11.000       0.0338
   3.000   11.000       0.0000
   4.000   11.000       0.0000
   5.000   11.000       0.0698
   6.000   11.000       0.0154
   7.000   11.000       0.0274
   8.000   11.000       0.0000
   9.000   11.000       0.0000
  10.000   11.000       0.0000
  11.000   11.000       0.0000
  12.000   11.000       0.0000
  13.000   11.000       0.0000
  14.000   11.000       0.2996
  15.000   11.000       0.0063
  16.000   11.000       0.0047
  17.000   11.000       0.0120
  18.000   11.000       0.0000
  19.000   11.000       0.0000
  20.000   11.000       0.0034
  21.000   11.000       0.0074
  22.000   11.000       0.0000
  23.000   11.000       0.0285
  24.000   11.000       0.0066
  25.000   11.000       0.0004
  26.000   11.000       0.0000
  27.000   11.000       0.0110
  28.000   11.000       0.0182
  29.000   11.000       0.0010
  30.000   11.000       0.0000
  31.000   11.000       0.0000
  32.000   11.000       0.0000
  33.000   11.000       0.0000
  34.000   11.000       0.0000
  35.000   11.000       0.0000
   1.000   12.000       0.0356
   2.000   12.000       0.0015
   3.000   12.000       0.0001
   4.000   12.000       0.0000
   5.000   12.000       0.0126
   6.000   12.000       0.0001
   7.000   12.000       0.0059
   8.000   12.000       0.0330
   9.000   12.000       0.0053
  10.000   12.000       0.0000
  11.000   12.000       0.0000
  12.000   12.000       0.0000
  13.000   12.000       0.0000
  14.000   12.000       0.8733
  15.000   12.000       0.0912
  16.000   12.000       0.0001
  17.000   12.000       0.0014
  18.000   12.000       0.0000
  19.000   12.000       0.0000
  20.000   12.000       0.0001
  21.000   12.000       0.0002
  22.000   12.000       0.0000
  23.000   12.000       0.0245
  24.000   12.000       0.0328
  25.000   12.000       0.0153
  26.000   12.000       0.0000
  27.000   12.000       0.0002
  28.000   12.000       0.0000
  29.000   12.000       0.0001
  30.000   12.000       0.0000
  31.000   12.000       0.0000
  32.000   12.000       0.0000
  33.000   12.000       0.0000
  34.000   12.000       0.0000
  35.000   12.000       0.0000
   1.000   13.000       0.0069
   2.000   13.000       0.0058
   3.000   13.000       0.0061
   4.000   13.000       0.0000
   5.000   13.000       0.0000
   6.000   13.000       0.0004
   7.000   13.000       0.0000
   8.000   13.000       0.0412
   9.000   13.000       0.0135
  10.000   13.000       0.2581
  11.000   13.000       0.0000
  12.000   13.000       0.0000
  13.000   13.000       0.0000
  14.000   13.000       0.0000
  15.000   13.000       0.7860
  16.000   13.000       0.0255
  17.000   13.000       0.0013
  18.000   13.000       0.0000
  19.000   13.000       0.0000
  20.000   13.000       0.0011
  21.000   13.000       0.0178
  22.000   13.000       0.0000
  23.000   13.000       0.0008
  24.000   13.000       0.0801
  25.000   13.000       0.1178
  26.000   13.000       0.0023
  27.000   13.000       0.0018
  28.000   13.000       0.0000
  29.000   13.000       0.0049
  30.000   13.000       0.0011
  31.000   13.000       0.0000
  32.000   13.000       0.0000
  33.000   13.000       0.0000
  34.000   13.000       0.0000
  35.000   13.000       0.0000
   1.000   14.000       0.0007
   2.000   14.000       0.0000
   3.000   14.000       0.0000
   4.000   14.000       0.0000
   5.000   14.000       0.0000
   6.000   14.000       0.0000
   7.000   14.000       0.0000
   8.000   14.000       0.0105
   9.000   14.000       0.0052
  10.000   14.000       0.1900
  11.000   14.000       0.2996
  12.000   14.000       0.8733
  13.000   14.000       0.0000
  14.000   14.000       0.0000
  15.000   14.000       0.0000
  16.000   14.000       0.0000
  17.000   14.000       0.0120
  18.000   14.000       0.0002
  19.000   14.000       0.0002
  20.000   14.000       0.0242
  21.000   14.000       0.0054
  22.000   14.000       0.0000
  23.000   14.000       0.0058
  24.000   14.000       0.0161
  25.000   14.000       0.0642
  26.000   14.000       0.0000
  27.000   14.000       0.0013
  28.000   14.000       0.0000
  29.000   14.000       0.0003
  30.000   14.000       0.0000
  31.000   14.000       0.0000
  32.000   14.000       0.0000
  33.000   14.000       0.0000
  34.000   14.000       0.0000
  35.000   14.000       0.0000
   1.000   15.000       0.0002
   2.000   15.000       0.0000
   3.000   15.000       0.0000
   4.000   15.000       0.0000
   5.000   15.000       0.0000
   6.000   15.000       0.0008
   7.000   15.000       0.0001
   8.000   15.000       0.0027
   9.000   15.000       0.0002
  10.000   15.000       0.0388
  11.000   15.000       0.0063
  12.000   15.000       0.0912
  13.000   15.000       0.7860
  14.000   15.000       0.0000
  15.000   15.000       0.0000
  16.000   15.000       0.0000
  17.000   15.000       0.0000
  18.000   15.000       0.0657
  19.000   15.000       0.0276
  20.000   15.000       0.1313
  21.000   15.000       0.1208
  22.000   15.000       0.0080
  23.000   15.000       0.0273
  24.000   15.000       0.0490
  25.000   15.000       0.0334
  26.000   15.000       0.0010
  27.000   15.000       0.0016
  28.000   15.000       0.0000
  29.000   15.000       0.0001
  30.000   15.000       0.0000
  31.000   15.000       0.0000
  32.000   15.000       0.0000
  33.000   15.000       0.0000
  34.000   15.000       0.0000
  35.000   15.000       0.0000
   1.000   16.000       0.0000
   2.000   16.000       0.0001
   3.000   16.000       0.0000
   4.000   16.000       0.0000
   5.000   16.000       0.0000
   6.000   16.000       0.0000
   7.000   16.000       0.0004
   8.000   16.000       0.0022
   9.000   16.000       0.0037
  10.000   16.000       0.0653
  11.000   16.000       0.0047
  12.000   16.000       0.0001
  13.000   16.000       0.0255
  14.000   16.000       0.0000
  15.000   16.000       0.0000
  16.000   16.000       0.0000
  17.000   16.000       0.0000
  18.000   16.000       0.7889
  19.000   16.000       0.1604
  20.000   16.000       0.0000
  21.000   16.000       0.0000
  22.000   16.000       0.0002
  23.000   16.000       0.0014
  24.000   16.000       0.0004
  25.000   16.000       0.0030
  26.000   16.000       0.0000
  27.000   16.000       0.0014
  28.000   16.000       0.0000
  29.000   16.000       0.0000
  30.000   16.000       0.0000
  31.000   16.000       0.0000
  32.000   16.000       0.0000
  33.000   16.000       0.0000
  34.000   16.000       0.0000
  35.000   16.000       0.0000
   1.000   17.000       0.0000
   2.000   17.000       0.0000
   3.000   17.000       0.0000
   4.000   17.000       0.0000
   5.000   17.000       0.0000
   6.000   17.000       0.0000
   7.000   17.000       0.0007
   8.000   17.000       0.0075
   9.000   17.000       0.0154
  10.000   17.000       0.0290
  11.000   17.000       0.0120
  12.000   17.000       0.0014
  13.000   17.000       0.0013
  14.000   17.000       0.0120
  15.000   17.000       0.0000
  16.000   17.000       0.0000
  17.000   17.000       0.0000
  18.000   17.000       0.0000
  19.000   17.000       0.0000
  20.000   17.000       0.0000
  21.000   17.000       0.0000
  22.000   17.000       0.0164
  23.000   17.000       0.0263
  24.000   17.000       0.0153
  25.000   17.000       0.0036
  26.000   17.000       0.0003
  27.000   17.000       0.0022
  28.000   17.000       0.0000
  29.000   17.000       0.0013
  30.000   17.000       0.0016
  31.000   17.000       0.0002
  32.000   17.000       0.0000
  33.000   17.000       0.0000
  34.000   17.000       0.0000
  35.000   17.000       0.0000
   1.000   18.000       0.0057
   2.000   18.000       0.0040
   3.000   18.000       0.0009
   4.000   18.000       0.0000
   5.000   18.000       0.0000
   6.000   18.000       0.0011
   7.000   18.000       0.0069
   8.000   18.000       0.0130
   9.000   18.000       0.0038
  10.000   18.000       0.0094
  11.000   18.000       0.0000
  12.000   18.000       0.0000
  13.000   18.000       0.0000
  14.000   18.000       0.0002
  15.000   18.000       0.0657
  16.000   18.000       0.7889
  17.000   18.000       0.0000
  18.000   18.000       0.0000
  19.000   18.000       0.0000
  20.000   18.000       0.0000
  21.000   18.000       0.0000
  22.000   18.000       0.0298
  23.000   18.000       0.0290
  24.000   18.000       0.0104
  25.000   18.000       0.0001
  26.000   18.000       0.0006
  27.000   18.000       0.0094
  28.000   18.000       0.0008
  29.000   18.000       0.0012
  30.000   18.000       0.0016
  31.000   18.000       0.0000
  32.000   18.000       0.0000
  33.000   18.000       0.0000
  34.000   18.000       0.0000
  35.000   18.000       0.0001
   1.000   19.000       0.0050
   2.000   19.000       0.0032
   3.000   19.000       0.0052
   4.000   19.000       0.0002
   5.000   19.000       0.0162
   6.000   19.000       0.0101
   7.000   19.000       0.0175
   8.000   19.000       0.0156
   9.000   19.000       0.0189
  10.000   19.000       0.0100
  11.000   19.000       0.0000
  12.000   19.000       0.0000
  13.000   19.000       0.0000
  14.000   19.000       0.0002
  15.000   19.000       0.0276
  16.000   19.000       0.1604
  17.000   19.000       0.0000
  18.000   19.000       0.0000
  19.000   19.000       0.0000
  20.000   19.000       0.0000
  21.000   19.000       0.0000
  22.000   19.000       0.0000
  23.000   19.000       0.2298
  24.000   19.000       0.1420
  25.000   19.000       0.0092
  26.000   19.000       0.0007
  27.000   19.000       0.0378
  28.000   19.000       0.0230
  29.000   19.000       0.0036
  30.000   19.000       0.0022
  31.000   19.000       0.0000
  32.000   19.000       0.0001
  33.000   19.000       0.0000
  34.000   19.000       0.0000
  35.000   19.000       0.0020
   1.000   20.000       0.0057
   2.000   20.000       0.0003
   3.000   20.000       0.0194
   4.000   20.000       0.0186
   5.000   20.000       0.0210
   6.000   20.000       0.0066
   7.000   20.000       0.0092
   8.000   20.000       0.0115
   9.000   20.000       0.0274
  10.000   20.000       0.0049
  11.000   20.000       0.0034
  12.000   20.000       0.0001
  13.000   20.000       0.0011
  14.000   20.000       0.0242
  15.000   20.000       0.1313
  16.000   20.000       0.0000
  17.000   20.000       0.0000
  18.000   20.000       0.0000
  19.000   20.000       0.0000
  20.000   20.000       0.0000
  21.000   20.000       0.0000
  22.000   20.000       0.0000
  23.000   20.000       0.0000
  24.000   20.000       0.5359
  25.000   20.000       0.2116
  26.000   20.000       0.0942
  27.000   20.000       0.0909
  28.000   20.000       0.0393
  29.000   20.000       0.0008
  30.000   20.000       0.0001
  31.000   20.000       0.0000
  32.000   20.000       0.0000
  33.000   20.000       0.0000
  34.000   20.000       0.0003
  35.000   20.000       0.0016
   1.000   21.000       0.0190
   2.000   21.000       0.0022
   3.000   21.000       0.0052
   4.000   21.000       0.0004
   5.000   21.000       0.0000
   6.000   21.000       0.0000
   7.000   21.000       0.0001
   8.000   21.000       0.0001
   9.000   21.000       0.0078
  10.000   21.000       0.0110
  11.000   21.000       0.0074
  12.000   21.000       0.0002
  13.000   21.000       0.0178
  14.000   21.000       0.0054
  15.000   21.000       0.1208
  16.000   21.000       0.0000
  17.000   21.000       0.0000
  18.000   21.000       0.0000
  19.000   21.000       0.0000
  20.000   21.000       0.0000
  21.000   21.000       0.0000
  22.000   21.000       0.0000
  23.000   21.000       0.0000
  24.000   21.000       0.0000
  25.000   21.000       0.0000
  26.000   21.000       0.0000
  27.000   21.000       0.0000
  28.000   21.000       0.0741
  29.000   21.000       0.0000
  30.000   21.000       0.0000
  31.000   21.000       0.0000
  32.000   21.000       0.0000
  33.000   21.000       0.0000
  34.000   21.000       0.0000
  35.000   21.000       0.0000
   1.000   22.000       0.0726
   2.000   22.000       0.0052
   3.000   22.000       0.0118
   4.000   22.000       0.0006
   5.000   22.000       0.0000
   6.000   22.000       0.0000
   7.000   22.000       0.0000
   8.000   22.000       0.0009
   9.000   22.000       0.0004
  10.000   22.000       0.0000
  11.000   22.000       0.0000
  12.000   22.000       0.0000
  13.000   22.000       0.0000
  14.000   22.000       0.0000
  15.000   22.000       0.0080
  16.000   22.000       0.0002
  17.000   22.000       0.0164
  18.000   22.000       0.0298
  19.000   22.000       0.0000
  20.000   22.000       0.0000
  21.000   22.000       0.0000
  22.000   22.000       0.0000
  23.000   22.000       0.0000
  24.000   22.000       0.0000
  25.000   22.000       0.0000
  26.000   22.000       0.0000
  27.000   22.000       0.0000
  28.000   22.000       0.1642
  29.000   22.000       0.0202
  30.000   22.000       0.0034
  31.000   22.000       0.0000
  32.000   22.000       0.0000
  33.000   22.000       0.0000
  34.000   22.000       0.0000
  35.000   22.000       0.0000
   1.000   23.000       0.0643
   2.000   23.000       0.0045
   3.000   23.000       0.0164
   4.000   23.000       0.0019
   5.000   23.000       0.0007
   6.000   23.000       0.0016
   7.000   23.000       0.0096
   8.000   23.000       0.0555
   9.000   23.000       0.0566
  10.000   23.000       0.0242
  11.000   23.000       0.0285
  12.000   23.000       0.0245
  13.000   23.000       0.0008
  14.000   23.000       0.0058
  15.000   23.000       0.0273
  16.000   23.000       0.0014
  17.000   23.000       0.0263
  18.000   23.000       0.0290
  19.000   23.000       0.2298
  20.000   23.000       0.0000
  21.000   23.000       0.0000
  22.000   23.000       0.0000
  23.000   23.000       0.0000
  24.000   23.000       0.0000
  25.000   23.000       0.0000
  26.000   23.000       0.6241
  27.000   23.000       0.0000
  28.000   23.000       0.1220
  29.000   23.000       0.0315
  30.000   23.000       0.0233
  31.000   23.000       0.0014
  32.000   23.000       0.0000
  33.000   23.000       0.0000
  34.000   23.000       0.0000
  35.000   23.000       0.0000
   1.000   24.000       0.0573
   2.000   24.000       0.0194
   3.000   24.000       0.0440
   4.000   24.000       0.0188
   5.000   24.000       0.0295
   6.000   24.000       0.0023
   7.000   24.000       0.0354
   8.000   24.000       0.0710
   9.000   24.000       0.0150
  10.000   24.000       0.0462
  11.000   24.000       0.0066
  12.000   24.000       0.0328
  13.000   24.000       0.0801
  14.000   24.000       0.0161
  15.000   24.000       0.0490
  16.000   24.000       0.0004
  17.000   24.000       0.0153
  18.000   24.000       0.0104
  19.000   24.000       0.1420
  20.000   24.000       0.5359
  21.000   24.000       0.0000
  22.000   24.000       0.0000
  23.000   24.000       0.0000
  24.000   24.000       0.0000
  25.000   24.000       0.0000
  26.000   24.000       0.0000
  27.000   24.000       0.0000
  28.000   24.000       0.0017
  29.000   24.000       0.0007
  30.000   24.000       0.0011
  31.000   24.000       0.0000
  32.000   24.000       0.0000
  33.000   24.000       0.0000
  34.000   24.000       0.0000
  35.000   24.000       0.0000
   1.000   25.000       0.0584
   2.000   25.000       0.0014
   3.000   25.000       0.0350
   4.000   25.000       0.0096
   5.000   25.000       0.0002
   6.000   25.000       0.0256
   7.000   25.000       0.0298
   8.000   25.000       0.0354
   9.000   25.000       0.0016
  10.000   25.000       0.0032
  11.000   25.000       0.0004
  12.000   25.000       0.0153
  13.000   25.000       0.1178
  14.000   25.000       0.0642
  15.000   25.000       0.0334
  16.000   25.000       0.0030
  17.000   25.000       0.0036
  18.000   25.000       0.0001
  19.000   25.000       0.0092
  20.000   25.000       0.2116
  21.000   25.000       0.0000
  22.000   25.000       0.0000
  23.000   25.000       0.0000
  24.000   25.000       0.0000
  25.000   25.000       0.0000
  26.000   25.000       0.0000
  27.000   25.000       0.0000
  28.000   25.000       0.0002
  29.000   25.000       0.0049
  30.000   25.000       0.0000
  31.000   25.000       0.0000
  32.000   25.000       0.0000
  33.000   25.000       0.0000
  34.000   25.000       0.0000
  35.000   25.000       0.0000
   1.000   26.000       0.0526
   2.000   26.000       0.0510
   3.000   26.000       0.0438
   4.000   26.000       0.0008
   5.000   26.000       0.0005
   6.000   26.000       0.0492
   7.000   26.000       0.0414
   8.000   26.000       0.0650
   9.000   26.000       0.0162
  10.000   26.000       0.0011
  11.000   26.000       0.0000
  12.000   26.000       0.0000
  13.000   26.000       0.0023
  14.000   26.000       0.0000
  15.000   26.000       0.0010
  16.000   26.000       0.0000
  17.000   26.000       0.0003
  18.000   26.000       0.0006
  19.000   26.000       0.0007
  20.000   26.000       0.0942
  21.000   26.000       0.0000
  22.000   26.000       0.0000
  23.000   26.000       0.6241
  24.000   26.000       0.0000
  25.000   26.000       0.0000
  26.000   26.000       0.0000
  27.000   26.000       0.0000
  28.000   26.000       0.0000
  29.000   26.000       0.0000
  30.000   26.000       0.0084
  31.000   26.000       0.0000
  32.000   26.000       0.0000
  33.000   26.000       0.0000
  34.000   26.000       0.0000
  35.000   26.000       0.0000
   1.000   27.000       0.0518
   2.000   27.000       0.0522
   3.000   27.000       0.0498
   4.000   27.000       0.0151
   5.000   27.000       0.0000
   6.000   27.000       0.0020
   7.000   27.000       0.0000
   8.000   27.000       0.0279
   9.000   27.000       0.0450
  10.000   27.000       0.0161
  11.000   27.000       0.0110
  12.000   27.000       0.0002
  13.000   27.000       0.0018
  14.000   27.000       0.0013
  15.000   27.000       0.0016
  16.000   27.000       0.0014
  17.000   27.000       0.0022
  18.000   27.000       0.0094
  19.000   27.000       0.0378
  20.000   27.000       0.0909
  21.000   27.000       0.0000
  22.000   27.000       0.0000
  23.000   27.000       0.0000
  24.000   27.000       0.0000
  25.000   27.000       0.0000
  26.000   27.000       0.0000
  27.000   27.000       0.0000
  28.000   27.000       0.0000
  29.000   27.000       0.0000
  30.000   27.000       0.0000
  31.000   27.000       0.0000
  32.000   27.000       0.0000
  33.000   27.000       0.0000
  34.000   27.000       0.0000
  35.000   27.000       0.0001
   1.000   28.000       0.0487
   2.000   28.000       0.0500
   3.000   28.000       0.0006
   4.000   28.000       0.0003
   5.000   28.000       0.0000
   6.000   28.000       0.0002
   7.000   28.000       0.0000
   8.000   28.000       0.0442
   9.000   28.000       0.0664
  10.000   28.000       0.0286
  11.000   28.000       0.0182
  12.000   28.000       0.0000
  13.000   28.000       0.0000
  14.000   28.000       0.0000
  15.000   28.000       0.0000
  16.000   28.000       0.0000
  17.000   28.000       0.0000
  18.000   28.000       0.0008
  19.000   28.000       0.0230
  20.000   28.000       0.0393
  21.000   28.000       0.0741
  22.000   28.000       0.1642
  23.000   28.000       0.1220
  24.000   28.000       0.0017
  25.000   28.000       0.0002
  26.000   28.000       0.0000
  27.000   28.000       0.0000
  28.000   28.000       0.0000
  29.000   28.000       0.0000
  30.000   28.000       0.0000
  31.000   28.000       0.0470
  32.000   28.000       0.0016
  33.000   28.000       0.0000
  34.000   28.000       0.0007
  35.000   28.000       0.0067
   1.000   29.000       0.0216
   2.000   29.000       0.0634
   3.000   29.000       0.0005
   4.000   29.000       0.0004
   5.000   29.000       0.0010
   6.000   29.000       0.0012
   7.000   29.000       0.0402
   8.000   29.000       0.0568
   9.000   29.000       0.0594
  10.000   29.000       0.0048
  11.000   29.000       0.0010
  12.000   29.000       0.0001
  13.000   29.000       0.0049
  14.000   29.000       0.0003
  15.000   29.000       0.0001
  16.000   29.000       0.0000
  17.000   29.000       0.0013
  18.000   29.000       0.0012
  19.000   29.000       0.0036
  20.000   29.000       0.0008
  21.000   29.000       0.0000
  22.000   29.000       0.0202
  23.000   29.000       0.0315
  24.000   29.000       0.0007
  25.000   29.000       0.0049
  26.000   29.000       0.0000
  27.000   29.000       0.0000
  28.000   29.000       0.0000
  29.000   29.000       0.0000
  30.000   29.000       0.0000
  31.000   29.000       0.8495
  32.000   29.000       0.0484
  33.000   29.000       0.0428
  34.000   29.000       0.0476
  35.000   29.000       0.0122
   1.000   30.000       0.0104
   2.000   30.000       0.0068
   3.000   30.000       0.0003
   4.000   30.000       0.0844
   5.000   30.000       0.0765
   6.000   30.000       0.0764
   7.000   30.000       0.0421
   8.000   30.000       0.0563
   9.000   30.000       0.0515
  10.000   30.000       0.0037
  11.000   30.000       0.0000
  12.000   30.000       0.0000
  13.000   30.000       0.0011
  14.000   30.000       0.0000
  15.000   30.000       0.0000
  16.000   30.000       0.0000
  17.000   30.000       0.0016
  18.000   30.000       0.0016
  19.000   30.000       0.0022
  20.000   30.000       0.0001
  21.000   30.000       0.0000
  22.000   30.000       0.0034
  23.000   30.000       0.0233
  24.000   30.000       0.0011
  25.000   30.000       0.0000
  26.000   30.000       0.0084
  27.000   30.000       0.0000
  28.000   30.000       0.0000
  29.000   30.000       0.0000
  30.000   30.000       0.0000
  31.000   30.000       0.0000
  32.000   30.000       0.0000
  33.000   30.000       0.1231
  34.000   30.000       0.0674
  35.000   30.000       0.0136
   1.000   31.000       0.0137
   2.000   31.000       0.0027
   3.000   31.000       0.0016
   4.000   31.000       0.0733
   5.000   31.000       0.0740
   6.000   31.000       0.0710
   7.000   31.000       0.0000
   8.000   31.000       0.0002
   9.000   31.000       0.0085
  10.000   31.000       0.0001
  11.000   31.000       0.0000
  12.000   31.000       0.0000
  13.000   31.000       0.0000
  14.000   31.000       0.0000
  15.000   31.000       0.0000
  16.000   31.000       0.0000
  17.000   31.000       0.0002
  18.000   31.000       0.0000
  19.000   31.000       0.0000
  20.000   31.000       0.0000
  21.000   31.000       0.0000
  22.000   31.000       0.0000
  23.000   31.000       0.0014
  24.000   31.000       0.0000
  25.000   31.000       0.0000
  26.000   31.000       0.0000
  27.000   31.000       0.0000
  28.000   31.000       0.0470
  29.000   31.000       0.8495
  30.000   31.000       0.0000
  31.000   31.000       0.0000
  32.000   31.000       0.0000
  33.000   31.000       0.0000
  34.000   31.000       0.0747
  35.000   31.000       0.0069
   1.000   32.000       0.0321
   2.000   32.000       0.0348
   3.000   32.000       0.0482
   4.000   32.000       0.0619
   5.000   32.000       0.0758
   6.000   32.000       0.0356
   7.000   32.000       0.0064
   8.000   32.000       0.0000
   9.000   32.000       0.0000
  10.000   32.000       0.0000
  11.000   32.000       0.0000
  12.000   32.000       0.0000
  13.000   32.000       0.0000
  14.000   32.000       0.0000
  15.000   32.000       0.0000
  16.000   32.000       0.0000
  17.000   32.000       0.0000
  18.000   32.000       0.0000
  19.000   32.000       0.0001
  20.000   32.000       0.0000
  21.000   32.000       0.0000
  22.000   32.000       0.0000
  23.000   32.000       0.0000
  24.000   32.000       0.0000
  25.000   32.000       0.0000
  26.000   32.000       0.0000
  27.000   32.000       0.0000
  28.000   32.000       0.0016
  29.000   32.000       0.0484
  30.000   32.000       0.0000
  31.000   32.000       0.0000
  32.000   32.000       0.0000
  33.000   32.000       0.0000
  34.000   32.000       0.0000
  35.000   32.000       0.0945
   1.000   33.000       0.0253
   2.000   33.000       0.0320
   3.000   33.000       0.0183
   4.000   33.000       0.0120
   5.000   33.000       0.0128
   6.000   33.000       0.0069
   7.000   33.000       0.0001
   8.000   33.000       0.0028
   9.000   33.000       0.0000
  10.000   33.000       0.0000
  11.000   33.000       0.0000
  12.000   33.000       0.0000
  13.000   33.000       0.0000
  14.000   33.000       0.0000
  15.000   33.000       0.0000
  16.000   33.000       0.0000
  17.000   33.000       0.0000
  18.000   33.000       0.0000
  19.000   33.000       0.0000
  20.000   33.000       0.0000
  21.000   33.000       0.0000
  22.000   33.000       0.0000
  23.000   33.000       0.0000
  24.000   33.000       0.0000
  25.000   33.000       0.0000
  26.000   33.000       0.0000
  27.000   33.000       0.0000
  28.000   33.000       0.0000
  29.000   33.000       0.0428
  30.000   33.000       0.1231
  31.000   33.000       0.0000
  32.000   33.000       0.0000
  33.000   33.000       0.0000
  34.000   33.000       0.0000
  35.000   33.000       0.0000
   1.000   34.000       0.0319
   2.000   34.000       0.0383
   3.000   34.000       0.0154
   4.000   34.000       0.0017
   5.000   34.000       0.0014
   6.000   34.000       0.0088
   7.000   34.000       0.0073
   8.000   34.000       0.0100
   9.000   34.000       0.0000
  10.000   34.000       0.0000
  11.000   34.000       0.0000
  12.000   34.000       0.0000
  13.000   34.000       0.0000
  14.000   34.000       0.0000
  15.000   34.000       0.0000
  16.000   34.000       0.0000
  17.000   34.000       0.0000
  18.000   34.000       0.0000
  19.000   34.000       0.0000
  20.000   34.000       0.0003
  21.000   34.000       0.0000
  22.000   34.000       0.0000
  23.000   34.000       0.0000
  24.000   34.000       0.0000
  25.000   34.000       0.0000
  26.000   34.000       0.0000
  27.000   34.000       0.0000
  28.000   34.000       0.0007
  29.000   34.000       0.0476
  30.000   34.000       0.0674
  31.000   34.000       0.0747
  32.000   34.000       0.0000
  33.000   34.000       0.0000
  34.000   34.000       0.0000
  35.000   34.000       0.0000
   1.000   35.000       0.0266
   2.000   35.000       0.0292
   3.000   35.000       0.0004
   4.000   35.000       0.0022
   5.000   35.000       0.0040
   6.000   35.000       0.0000
   7.000   35.000       0.0010
   8.000   35.000       0.0099
   9.000   35.000       0.0006
  10.000   35.000       0.0044
  11.000   35.000       0.0000
  12.000   35.000       0.0000
  13.000   35.000       0.0000
  14.000   35.000       0.0000
  15.000   35.000       0.0000
  16.000   35.000       0.0000
  17.000   35.000       0.0000
  18.000   35.000       0.0001
  19.000   35.000       0.0020
  20.000   35.000       0.0016
  21.000   35.000       0.0000
  22.000   35.000       0.0000
  23.000   35.000       0.0000
  24.000   35.000       0.0000
  25.000   35.000       0.0000
  26.000   35.000       0.0000
  27.000   35.000       0.0001
  28.000   35.000       0.0067
  29.000   35.000       0.0122
  30.000   35.000       0.0136
  31.000   35.000       0.0069
  32.000   35.000       0.0945
  33.000   35.000       0.0000
  34.000   35.000       0.0000
  35.000   35.000       0.0000
