#Residue Residue Contacts_00001[nonnatmap]
   1.000    1.000        0.0000
   2.000    1.000        0.0000
   3.000    1.000        0.0000
   4.000    1.000        0.1550
   5.000    1.000        0.1090
   6.000    1.000        0.0822
   7.000    1.000        0.0244
   8.000    1.000        0.0517
   9.000    1.000        0.0271
  10.000    1.000        0.0456
  11.000    1.000        0.1048
  12.000    1.000        0.1168
  13.000    1.000        0.0065
  14.000    1.000        0.0047
  15.000    1.000        0.0074
  16.000    1.000        0.0000
  17.000    1.000        0.0004
  18.000    1.000        0.0121
  19.000    1.000        0.0002
  20.000    1.000        0.0000
  21.000    1.000        0.0006
  22.000    1.000        0.0000
  23.000    1.000        0.0000
  24.000    1.000        0.0000
  25.000    1.000        0.0000
  26.000    1.000        0.0000
  27.000    1.000        0.0000
  28.000    1.000        0.0000
  29.000    1.000        0.0000
  30.000    1.000        0.0000
  31.000    1.000        0.0000
  32.000    1.000        0.0000
  33.000    1.000        0.0000
  34.000    1.000        0.0000
  35.000    1.000        0.0000
   1.000    2.000        0.0000
   2.000    2.000        0.0000
   3.000    2.000        0.0000
   4.000    2.000        0.0000
   5.000    2.000        0.2382
   6.000    2.000        0.1840
   7.000    2.000        0.0897
   8.000    2.000        0.0545
   9.000    2.000        0.0214
  10.000    2.000        0.0305
  11.000    2.000        0.0000
  12.000    2.000        0.0082
  13.000    2.000        0.0086
  14.000    2.000        0.0002
  15.000    2.000        0.0007
  16.000    2.000        0.0000
  17.000    2.000        0.0000
  18.000    2.000        0.0000
  19.000    2.000        0.0000
  20.000    2.000        0.0000
  21.000    2.000        0.0000
  22.000    2.000        0.0000
  23.000    2.000        0.0000
  24.000    2.000        0.0000
  25.000    2.000        0.0000
  26.000    2.000        0.0000
  27.000    2.000        0.0000
  28.000    2.000        0.0000
  29.000    2.000        0.0000
  30.000    2.000        0.0000
  31.000    2.000        0.0001
  32.000    2.000        0.0000
  33.000    2.000        0.0000
  34.000    2.000        0.0000
  35.000    2.000        0.0000
   1.000    3.000        0.0000
   2.000    3.000        0.0000
   3.000    3.000        0.0000
   4.000    3.000        0.0000
   5.000    3.000        0.0000
   6.000    3.000        0.2639
   7.000    3.000        0.2352
   8.000    3.000        0.0632
   9.000    3.000        0.0276
  10.000    3.000        0.0526
  11.000    3.000        0.0000
  12.000    3.000        0.0042
  13.000    3.000        0.0207
  14.000    3.000        0.0000
  15.000    3.000        0.0024
  16.000    3.000        0.0000
  17.000    3.000        0.0000
  18.000    3.000        0.0000
  19.000    3.000        0.0000
  20.000    3.000        0.0000
  21.000    3.000        0.0000
  22.000    3.000        0.0000
  23.000    3.000        0.0000
  24.000    3.000        0.0000
  25.000    3.000        0.0000
  26.000    3.000        0.0000
  27.000    3.000        0.0000
  28.000    3.000        0.0000
  29.000    3.000        0.0000
  30.000    3.000        0.0000
  31.000    3.000        0.0000
  32.000    3.000        0.0000
  33.000    3.000        0.0000
  34.000    3.000        0.0000
  35.000    3.000        0.0000
   1.000    4.000        0.1550
   2.000    4.000        0.0000
   3.000    4.000        0.0000
   4.000    4.000        0.0000
   5.000    4.000        0.0000
   6.000    4.000        0.0000
   7.000    4.000        0.0000
   8.000    4.000        0.0000
   9.000    4.000        0.0000
  10.000    4.000        0.0000
  11.000    4.000        0.0000
  12.000    4.000        0.0176
  13.000    4.000        0.0394
  14.000    4.000        0.0006
  15.000    4.000        0.0018
  16.000    4.000        0.0000
  17.000    4.000        0.0000
  18.000    4.000        0.0000
  19.000    4.000        0.0000
  20.000    4.000        0.0000
  21.000    4.000        0.0000
  22.000    4.000        0.0000
  23.000    4.000        0.0000
  24.000    4.000        0.0000
  25.000    4.000        0.0000
  26.000    4.000        0.0000
  27.000    4.000        0.0000
  28.000    4.000        0.0000
  29.000    4.000        0.0000
  30.000    4.000        0.0000
  31.000    4.000        0.0000
  32.000    4.000        0.0000
  33.000    4.000        0.0000
  34.000    4.000        0.0000
  35.000    4.000        0.0000
   1.000    5.000        0.1090
   2.000    5.000        0.2382
   3.000    5.000        0.0000
   4.000    5.000        0.0000
   5.000    5.000        0.0000
   6.000    5.000        0.0000
   7.000    5.000        0.0000
   8.000    5.000        0.0000
   9.000    5.000        0.1814
  10.000    5.000        0.0482
  11.000    5.000        0.0209
  12.000    5.000        0.0029
  13.000    5.000        0.0051
  14.000    5.000        0.0000
  15.000    5.000        0.0001
  16.000    5.000        0.0000
  17.000    5.000        0.0000
  18.000    5.000        0.0000
  19.000    5.000        0.0000
  20.000    5.000        0.0000
  21.000    5.000        0.0000
  22.000    5.000        0.0000
  23.000    5.000        0.0000
  24.000    5.000        0.0000
  25.000    5.000        0.0000
  26.000    5.000        0.0000
  27.000    5.000        0.0000
  28.000    5.000        0.0000
  29.000    5.000        0.0000
  30.000    5.000        0.0000
  31.000    5.000        0.0000
  32.000    5.000        0.0000
  33.000    5.000        0.0000
  34.000    5.000        0.0000
  35.000    5.000        0.0000
   1.000    6.000        0.0822
   2.000    6.000        0.1840
   3.000    6.000        0.2639
   4.000    6.000        0.0000
   5.000    6.000        0.0000
   6.000    6.000        0.0000
   7.000    6.000        0.0000
   8.000    6.000        0.0000
   9.000    6.000        0.0000
  10.000    6.000        0.0934
  11.000    6.000        0.0476
  12.000    6.000        0.0022
  13.000    6.000        0.0000
  14.000    6.000        0.0000
  15.000    6.000        0.0000
  16.000    6.000        0.0000
  17.000    6.000        0.0000
  18.000    6.000        0.0000
  19.000    6.000        0.0000
  20.000    6.000        0.0000
  21.000    6.000        0.0000
  22.000    6.000        0.0000
  23.000    6.000        0.0000
  24.000    6.000        0.0000
  25.000    6.000        0.0000
  26.000    6.000        0.0000
  27.000    6.000        0.0000
  28.000    6.000        0.0000
  29.000    6.000        0.0000
  30.000    6.000        0.0000
  31.000    6.000        0.0000
  32.000    6.000        0.0000
  33.000    6.000        0.0000
  34.000    6.000        0.0000
  35.000    6.000        0.0000
   1.000    7.000        0.0244
   2.000    7.000        0.0897
   3.000    7.000        0.2352
   4.000    7.000        0.0000
   5.000    7.000        0.0000
   6.000    7.000        0.0000
   7.000    7.000        0.0000
   8.000    7.000        0.0000
   9.000    7.000        0.0000
  10.000    7.000        0.2289
  11.000    7.000        0.0792
  12.000    7.000        0.0348
  13.000    7.000        0.0123
  14.000    7.000        0.0000
  15.000    7.000        0.0000
  16.000    7.000        0.0000
  17.000    7.000        0.0000
  18.000    7.000        0.0000
  19.000    7.000        0.0000
  20.000    7.000        0.0000
  21.000    7.000        0.0000
  22.000    7.000        0.0000
  23.000    7.000        0.0000
  24.000    7.000        0.0000
  25.000    7.000        0.0000
  26.000    7.000        0.0000
  27.000    7.000        0.0000
  28.000    7.000        0.0000
  29.000    7.000        0.0000
  30.000    7.000        0.0000
  31.000    7.000        0.0000
  32.000    7.000        0.0000
  33.000    7.000        0.0000
  34.000    7.000        0.0000
  35.000    7.000        0.0000
   1.000    8.000        0.0517
   2.000    8.000        0.0545
   3.000    8.000        0.0632
   4.000    8.000        0.0000
   5.000    8.000        0.0000
   6.000    8.000        0.0000
   7.000    8.000        0.0000
   8.000    8.000        0.0000
   9.000    8.000        0.0000
  10.000    8.000        0.0000
  11.000    8.000        0.0000
  12.000    8.000        0.0000
  13.000    8.000        0.0371
  14.000    8.000        0.0103
  15.000    8.000        0.0097
  16.000    8.000        0.0000
  17.000    8.000        0.0000
  18.000    8.000        0.0000
  19.000    8.000        0.0000
  20.000    8.000        0.0000
  21.000    8.000        0.0000
  22.000    8.000        0.0000
  23.000    8.000        0.0000
  24.000    8.000        0.0001
  25.000    8.000        0.0000
  26.000    8.000        0.0000
  27.000    8.000        0.0000
  28.000    8.000        0.0000
  29.000    8.000        0.0000
  30.000    8.000        0.0000
  31.000    8.000        0.0000
  32.000    8.000        0.0000
  33.000    8.000        0.0000
  34.000    8.000        0.0000
  35.000    8.000        0.0000
   1.000    9.000        0.0271
   2.000    9.000        0.0214
   3.000    9.000        0.0276
   4.000    9.000        0.0000
   5.000    9.000        0.1814
   6.000    9.000        0.0000
   7.000    9.000        0.0000
   8.000    9.000        0.0000
   9.000    9.000        0.0000
  10.000    9.000        0.0000
  11.000    9.000        0.0000
  12.000    9.000        0.0236
  13.000    9.000        0.0008
  14.000    9.000        0.0023
  15.000    9.000        0.0009
  16.000    9.000        0.0000
  17.000    9.000        0.0000
  18.000    9.000        0.0000
  19.000    9.000        0.0000
  20.000    9.000        0.0000
  21.000    9.000        0.0002
  22.000    9.000        0.0000
  23.000    9.000        0.0000
  24.000    9.000        0.0000
  25.000    9.000        0.0000
  26.000    9.000        0.0000
  27.000    9.000        0.0000
  28.000    9.000        0.0000
  29.000    9.000        0.0000
  30.000    9.000        0.0000
  31.000    9.000        0.0000
  32.000    9.000        0.0000
  33.000    9.000        0.0000
  34.000    9.000        0.0000
  35.000    9.000        0.0000
   1.000   10.000        0.0456
   2.000   10.000        0.0305
   3.000   10.000        0.0526
   4.000   10.000        0.0000
   5.000   10.000        0.0482
   6.000   10.000        0.0934
   7.000   10.000        0.2289
   8.000   10.000        0.0000
   9.000   10.000        0.0000
  10.000   10.000        0.0000
  11.000   10.000        0.0000
  12.000   10.000        0.8068
  13.000   10.000        0.2656
  14.000   10.000        0.0000
  15.000   10.000        0.0050
  16.000   10.000        0.0002
  17.000   10.000        0.0004
  18.000   10.000        0.0000
  19.000   10.000        0.0000
  20.000   10.000        0.0000
  21.000   10.000        0.0027
  22.000   10.000        0.0000
  23.000   10.000        0.0000
  24.000   10.000        0.0006
  25.000   10.000        0.0000
  26.000   10.000        0.0000
  27.000   10.000        0.0000
  28.000   10.000        0.0000
  29.000   10.000        0.0000
  30.000   10.000        0.0000
  31.000   10.000        0.0000
  32.000   10.000        0.0000
  33.000   10.000        0.0000
  34.000   10.000        0.0000
  35.000   10.000        0.0000
   1.000   11.000        0.1048
   2.000   11.000        0.0000
   3.000   11.000        0.0000
   4.000   11.000        0.0000
   5.000   11.000        0.0209
   6.000   11.000        0.0476
   7.000   11.000        0.0792
   8.000   11.000        0.0000
   9.000   11.000        0.0000
  10.000   11.000        0.0000
  11.000   11.000        0.0000
  12.000   11.000        0.0000
  13.000   11.000        0.0000
  14.000   11.000        0.0000
  15.000   11.000        0.0011
  16.000   11.000        0.0000
  17.000   11.000        0.0000
  18.000   11.000        0.0000
  19.000   11.000        0.0000
  20.000   11.000        0.0000
  21.000   11.000        0.0000
  22.000   11.000        0.0000
  23.000   11.000        0.0000
  24.000   11.000        0.0000
  25.000   11.000        0.0000
  26.000   11.000        0.0000
  27.000   11.000        0.0000
  28.000   11.000        0.0000
  29.000   11.000        0.0000
  30.000   11.000        0.0000
  31.000   11.000        0.0000
  32.000   11.000        0.0000
  33.000   11.000        0.0000
  34.000   11.000        0.0000
  35.000   11.000        0.0000
   1.000   12.000        0.1168
   2.000   12.000        0.0082
   3.000   12.000        0.0042
   4.000   12.000        0.0176
   5.000   12.000        0.0029
   6.000   12.000        0.0022
   7.000   12.000        0.0348
   8.000   12.000        0.0000
   9.000   12.000        0.0236
  10.000   12.000        0.8068
  11.000   12.000        0.0000
  12.000   12.000        0.0000
  13.000   12.000        0.0000
  14.000   12.000        0.0000
  15.000   12.000        0.0066
  16.000   12.000        0.0018
  17.000   12.000        0.0000
  18.000   12.000        0.0000
  19.000   12.000        0.0000
  20.000   12.000        0.0000
  21.000   12.000        0.0000
  22.000   12.000        0.0000
  23.000   12.000        0.0000
  24.000   12.000        0.0000
  25.000   12.000        0.0000
  26.000   12.000        0.0000
  27.000   12.000        0.0000
  28.000   12.000        0.0000
  29.000   12.000        0.0000
  30.000   12.000        0.0000
  31.000   12.000        0.0000
  32.000   12.000        0.0000
  33.000   12.000        0.0000
  34.000   12.000        0.0000
  35.000   12.000        0.0000
   1.000   13.000        0.0065
   2.000   13.000        0.0086
   3.000   13.000        0.0207
   4.000   13.000        0.0394
   5.000   13.000        0.0051
   6.000   13.000        0.0000
   7.000   13.000        0.0123
   8.000   13.000        0.0371
   9.000   13.000        0.0008
  10.000   13.000        0.2656
  11.000   13.000        0.0000
  12.000   13.000        0.0000
  13.000   13.000        0.0000
  14.000   13.000        0.0000
  15.000   13.000        0.0000
  16.000   13.000        0.0205
  17.000   13.000        0.0034
  18.000   13.000        0.0065
  19.000   13.000        0.0000
  20.000   13.000        0.0000
  21.000   13.000        0.0018
  22.000   13.000        0.0002
  23.000   13.000        0.0000
  24.000   13.000        0.0044
  25.000   13.000        0.0000
  26.000   13.000        0.0005
  27.000   13.000        0.0000
  28.000   13.000        0.0000
  29.000   13.000        0.0000
  30.000   13.000        0.0000
  31.000   13.000        0.0000
  32.000   13.000        0.0000
  33.000   13.000        0.0000
  34.000   13.000        0.0000
  35.000   13.000        0.0000
   1.000   14.000        0.0047
   2.000   14.000        0.0002
   3.000   14.000        0.0000
   4.000   14.000        0.0006
   5.000   14.000        0.0000
   6.000   14.000        0.0000
   7.000   14.000        0.0000
   8.000   14.000        0.0103
   9.000   14.000        0.0023
  10.000   14.000        0.0000
  11.000   14.000        0.0000
  12.000   14.000        0.0000
  13.000   14.000        0.0000
  14.000   14.000        0.0000
  15.000   14.000        0.0000
  16.000   14.000        0.0000
  17.000   14.000        0.1615
  18.000   14.000        0.1043
  19.000   14.000        0.0037
  20.000   14.000        0.0012
  21.000   14.000        0.0372
  22.000   14.000        0.0006
  23.000   14.000        0.0000
  24.000   14.000        0.0000
  25.000   14.000        0.0028
  26.000   14.000        0.0000
  27.000   14.000        0.0000
  28.000   14.000        0.0000
  29.000   14.000        0.0000
  30.000   14.000        0.0000
  31.000   14.000        0.0000
  32.000   14.000        0.0000
  33.000   14.000        0.0000
  34.000   14.000        0.0000
  35.000   14.000        0.0000
   1.000   15.000        0.0074
   2.000   15.000        0.0007
   3.000   15.000        0.0024
   4.000   15.000        0.0018
   5.000   15.000        0.0001
   6.000   15.000        0.0000
   7.000   15.000        0.0000
   8.000   15.000        0.0097
   9.000   15.000        0.0009
  10.000   15.000        0.0050
  11.000   15.000        0.0011
  12.000   15.000        0.0066
  13.000   15.000        0.0000
  14.000   15.000        0.0000
  15.000   15.000        0.0000
  16.000   15.000        0.0000
  17.000   15.000        0.0000
  18.000   15.000        0.2870
  19.000   15.000        0.1156
  20.000   15.000        0.0740
  21.000   15.000        0.0000
  22.000   15.000        0.0000
  23.000   15.000        0.0000
  24.000   15.000        0.0021
  25.000   15.000        0.0133
  26.000   15.000        0.0011
  27.000   15.000        0.0000
  28.000   15.000        0.0000
  29.000   15.000        0.0001
  30.000   15.000        0.0000
  31.000   15.000        0.0000
  32.000   15.000        0.0000
  33.000   15.000        0.0000
  34.000   15.000        0.0000
  35.000   15.000        0.0000
   1.000   16.000        0.0000
   2.000   16.000        0.0000
   3.000   16.000        0.0000
   4.000   16.000        0.0000
   5.000   16.000        0.0000
   6.000   16.000        0.0000
   7.000   16.000        0.0000
   8.000   16.000        0.0000
   9.000   16.000        0.0000
  10.000   16.000        0.0002
  11.000   16.000        0.0000
  12.000   16.000        0.0018
  13.000   16.000        0.0205
  14.000   16.000        0.0000
  15.000   16.000        0.0000
  16.000   16.000        0.0000
  17.000   16.000        0.0000
  18.000   16.000        0.0000
  19.000   16.000        0.2181
  20.000   16.000        0.3128
  21.000   16.000        0.0000
  22.000   16.000        0.0008
  23.000   16.000        0.0000
  24.000   16.000        0.0000
  25.000   16.000        0.0031
  26.000   16.000        0.0000
  27.000   16.000        0.0000
  28.000   16.000        0.0000
  29.000   16.000        0.0000
  30.000   16.000        0.0000
  31.000   16.000        0.0000
  32.000   16.000        0.0000
  33.000   16.000        0.0000
  34.000   16.000        0.0000
  35.000   16.000        0.0000
   1.000   17.000        0.0004
   2.000   17.000        0.0000
   3.000   17.000        0.0000
   4.000   17.000        0.0000
   5.000   17.000        0.0000
   6.000   17.000        0.0000
   7.000   17.000        0.0000
   8.000   17.000        0.0000
   9.000   17.000        0.0000
  10.000   17.000        0.0004
  11.000   17.000        0.0000
  12.000   17.000        0.0000
  13.000   17.000        0.0034
  14.000   17.000        0.1615
  15.000   17.000        0.0000
  16.000   17.000        0.0000
  17.000   17.000        0.0000
  18.000   17.000        0.0000
  19.000   17.000        0.9451
  20.000   17.000        0.6988
  21.000   17.000        0.0000
  22.000   17.000        0.0212
  23.000   17.000        0.0022
  24.000   17.000        0.0054
  25.000   17.000        0.0002
  26.000   17.000        0.0000
  27.000   17.000        0.0000
  28.000   17.000        0.0000
  29.000   17.000        0.0000
  30.000   17.000        0.0000
  31.000   17.000        0.0000
  32.000   17.000        0.0000
  33.000   17.000        0.0000
  34.000   17.000        0.0000
  35.000   17.000        0.0000
   1.000   18.000        0.0121
   2.000   18.000        0.0000
   3.000   18.000        0.0000
   4.000   18.000        0.0000
   5.000   18.000        0.0000
   6.000   18.000        0.0000
   7.000   18.000        0.0000
   8.000   18.000        0.0000
   9.000   18.000        0.0000
  10.000   18.000        0.0000
  11.000   18.000        0.0000
  12.000   18.000        0.0000
  13.000   18.000        0.0065
  14.000   18.000        0.1043
  15.000   18.000        0.2870
  16.000   18.000        0.0000
  17.000   18.000        0.0000
  18.000   18.000        0.0000
  19.000   18.000        0.0000
  20.000   18.000        0.0000
  21.000   18.000        0.0000
  22.000   18.000        0.0000
  23.000   18.000        0.0122
  24.000   18.000        0.0001
  25.000   18.000        0.0000
  26.000   18.000        0.0017
  27.000   18.000        0.0014
  28.000   18.000        0.0009
  29.000   18.000        0.0000
  30.000   18.000        0.0000
  31.000   18.000        0.0000
  32.000   18.000        0.0000
  33.000   18.000        0.0001
  34.000   18.000        0.0000
  35.000   18.000        0.0000
   1.000   19.000        0.0002
   2.000   19.000        0.0000
   3.000   19.000        0.0000
   4.000   19.000        0.0000
   5.000   19.000        0.0000
   6.000   19.000        0.0000
   7.000   19.000        0.0000
   8.000   19.000        0.0000
   9.000   19.000        0.0000
  10.000   19.000        0.0000
  11.000   19.000        0.0000
  12.000   19.000        0.0000
  13.000   19.000        0.0000
  14.000   19.000        0.0037
  15.000   19.000        0.1156
  16.000   19.000        0.2181
  17.000   19.000        0.9451
  18.000   19.000        0.0000
  19.000   19.000        0.0000
  20.000   19.000        0.0000
  21.000   19.000        0.0000
  22.000   19.000        0.0000
  23.000   19.000        0.0000
  24.000   19.000        0.0660
  25.000   19.000        0.0017
  26.000   19.000        0.0000
  27.000   19.000        0.0028
  28.000   19.000        0.0002
  29.000   19.000        0.0000
  30.000   19.000        0.0003
  31.000   19.000        0.0000
  32.000   19.000        0.0000
  33.000   19.000        0.0000
  34.000   19.000        0.0000
  35.000   19.000        0.0000
   1.000   20.000        0.0000
   2.000   20.000        0.0000
   3.000   20.000        0.0000
   4.000   20.000        0.0000
   5.000   20.000        0.0000
   6.000   20.000        0.0000
   7.000   20.000        0.0000
   8.000   20.000        0.0000
   9.000   20.000        0.0000
  10.000   20.000        0.0000
  11.000   20.000        0.0000
  12.000   20.000        0.0000
  13.000   20.000        0.0000
  14.000   20.000        0.0012
  15.000   20.000        0.0740
  16.000   20.000        0.3128
  17.000   20.000        0.6988
  18.000   20.000        0.0000
  19.000   20.000        0.0000
  20.000   20.000        0.0000
  21.000   20.000        0.0000
  22.000   20.000        0.0000
  23.000   20.000        0.0000
  24.000   20.000        0.6563
  25.000   20.000        0.0392
  26.000   20.000        0.0005
  27.000   20.000        0.0042
  28.000   20.000        0.0000
  29.000   20.000        0.0000
  30.000   20.000        0.0000
  31.000   20.000        0.0000
  32.000   20.000        0.0000
  33.000   20.000        0.0000
  34.000   20.000        0.0000
  35.000   20.000        0.0000
   1.000   21.000        0.0006
   2.000   21.000        0.0000
   3.000   21.000        0.0000
   4.000   21.000        0.0000
   5.000   21.000        0.0000
   6.000   21.000        0.0000
   7.000   21.000        0.0000
   8.000   21.000        0.0000
   9.000   21.000        0.0002
  10.000   21.000        0.0027
  11.000   21.000        0.0000
  12.000   21.000        0.0000
  13.000   21.000        0.0018
  14.000   21.000        0.0372
  15.000   21.000        0.0000
  16.000   21.000        0.0000
  17.000   21.000        0.0000
  18.000   21.000        0.0000
  19.000   21.000        0.0000
  20.000   21.000        0.0000
  21.000   21.000        0.0000
  22.000   21.000        0.0000
  23.000   21.000        0.0000
  24.000   21.000        0.8824
  25.000   21.000        0.4528
  26.000   21.000        0.0811
  27.000   21.000        0.0015
  28.000   21.000        0.0010
  29.000   21.000        0.0002
  30.000   21.000        0.0000
  31.000   21.000        0.0000
  32.000   21.000        0.0000
  33.000   21.000        0.0000
  34.000   21.000        0.0000
  35.000   21.000        0.0000
   1.000   22.000        0.0000
   2.000   22.000        0.0000
   3.000   22.000        0.0000
   4.000   22.000        0.0000
   5.000   22.000        0.0000
   6.000   22.000        0.0000
   7.000   22.000        0.0000
   8.000   22.000        0.0000
   9.000   22.000        0.0000
  10.000   22.000        0.0000
  11.000   22.000        0.0000
  12.000   22.000        0.0000
  13.000   22.000        0.0002
  14.000   22.000        0.0006
  15.000   22.000        0.0000
  16.000   22.000        0.0008
  17.000   22.000        0.0212
  18.000   22.000        0.0000
  19.000   22.000        0.0000
  20.000   22.000        0.0000
  21.000   22.000        0.0000
  22.000   22.000        0.0000
  23.000   22.000        0.0000
  24.000   22.000        0.0000
  25.000   22.000        0.0000
  26.000   22.000        0.0000
  27.000   22.000        0.1390
  28.000   22.000        0.0026
  29.000   22.000        0.0023
  30.000   22.000        0.0000
  31.000   22.000        0.0000
  32.000   22.000        0.0000
  33.000   22.000        0.0000
  34.000   22.000        0.0000
  35.000   22.000        0.0000
   1.000   23.000        0.0000
   2.000   23.000        0.0000
   3.000   23.000        0.0000
   4.000   23.000        0.0000
   5.000   23.000        0.0000
   6.000   23.000        0.0000
   7.000   23.000        0.0000
   8.000   23.000        0.0000
   9.000   23.000        0.0000
  10.000   23.000        0.0000
  11.000   23.000        0.0000
  12.000   23.000        0.0000
  13.000   23.000        0.0000
  14.000   23.000        0.0000
  15.000   23.000        0.0000
  16.000   23.000        0.0000
  17.000   23.000        0.0022
  18.000   23.000        0.0122
  19.000   23.000        0.0000
  20.000   23.000        0.0000
  21.000   23.000        0.0000
  22.000   23.000        0.0000
  23.000   23.000        0.0000
  24.000   23.000        0.0000
  25.000   23.000        0.0000
  26.000   23.000        0.0000
  27.000   23.000        0.0000
  28.000   23.000        0.0089
  29.000   23.000        0.0018
  30.000   23.000        0.0000
  31.000   23.000        0.0000
  32.000   23.000        0.0000
  33.000   23.000        0.0000
  34.000   23.000        0.0000
  35.000   23.000        0.0000
   1.000   24.000        0.0000
   2.000   24.000        0.0000
   3.000   24.000        0.0000
   4.000   24.000        0.0000
   5.000   24.000        0.0000
   6.000   24.000        0.0000
   7.000   24.000        0.0000
   8.000   24.000        0.0001
   9.000   24.000        0.0000
  10.000   24.000        0.0006
  11.000   24.000        0.0000
  12.000   24.000        0.0000
  13.000   24.000        0.0044
  14.000   24.000        0.0000
  15.000   24.000        0.0021
  16.000   24.000        0.0000
  17.000   24.000        0.0054
  18.000   24.000        0.0001
  19.000   24.000        0.0660
  20.000   24.000        0.6563
  21.000   24.000        0.8824
  22.000   24.000        0.0000
  23.000   24.000        0.0000
  24.000   24.000        0.0000
  25.000   24.000        0.0000
  26.000   24.000        0.0000
  27.000   24.000        0.0000
  28.000   24.000        0.1237
  29.000   24.000        0.0163
  30.000   24.000        0.0035
  31.000   24.000        0.0000
  32.000   24.000        0.0000
  33.000   24.000        0.0000
  34.000   24.000        0.0000
  35.000   24.000        0.0000
   1.000   25.000        0.0000
   2.000   25.000        0.0000
   3.000   25.000        0.0000
   4.000   25.000        0.0000
   5.000   25.000        0.0000
   6.000   25.000        0.0000
   7.000   25.000        0.0000
   8.000   25.000        0.0000
   9.000   25.000        0.0000
  10.000   25.000        0.0000
  11.000   25.000        0.0000
  12.000   25.000        0.0000
  13.000   25.000        0.0000
  14.000   25.000        0.0028
  15.000   25.000        0.0133
  16.000   25.000        0.0031
  17.000   25.000        0.0002
  18.000   25.000        0.0000
  19.000   25.000        0.0017
  20.000   25.000        0.0392
  21.000   25.000        0.4528
  22.000   25.000        0.0000
  23.000   25.000        0.0000
  24.000   25.000        0.0000
  25.000   25.000        0.0000
  26.000   25.000        0.0000
  27.000   25.000        0.0000
  28.000   25.000        0.2030
  29.000   25.000        0.0742
  30.000   25.000        0.0338
  31.000   25.000        0.0000
  32.000   25.000        0.0000
  33.000   25.000        0.0000
  34.000   25.000        0.0000
  35.000   25.000        0.0001
   1.000   26.000        0.0000
   2.000   26.000        0.0000
   3.000   26.000        0.0000
   4.000   26.000        0.0000
   5.000   26.000        0.0000
   6.000   26.000        0.0000
   7.000   26.000        0.0000
   8.000   26.000        0.0000
   9.000   26.000        0.0000
  10.000   26.000        0.0000
  11.000   26.000        0.0000
  12.000   26.000        0.0000
  13.000   26.000        0.0005
  14.000   26.000        0.0000
  15.000   26.000        0.0011
  16.000   26.000        0.0000
  17.000   26.000        0.0000
  18.000   26.000        0.0017
  19.000   26.000        0.0000
  20.000   26.000        0.0005
  21.000   26.000        0.0811
  22.000   26.000        0.0000
  23.000   26.000        0.0000
  24.000   26.000        0.0000
  25.000   26.000        0.0000
  26.000   26.000        0.0000
  27.000   26.000        0.0000
  28.000   26.000        0.0000
  29.000   26.000        0.0895
  30.000   26.000        0.0018
  31.000   26.000        0.0000
  32.000   26.000        0.0000
  33.000   26.000        0.0000
  34.000   26.000        0.0003
  35.000   26.000        0.0032
   1.000   27.000        0.0000
   2.000   27.000        0.0000
   3.000   27.000        0.0000
   4.000   27.000        0.0000
   5.000   27.000        0.0000
   6.000   27.000        0.0000
   7.000   27.000        0.0000
   8.000   27.000        0.0000
   9.000   27.000        0.0000
  10.000   27.000        0.0000
  11.000   27.000        0.0000
  12.000   27.000        0.0000
  13.000   27.000        0.0000
  14.000   27.000        0.0000
  15.000   27.000        0.0000
  16.000   27.000        0.0000
  17.000   27.000        0.0000
  18.000   27.000        0.0014
  19.000   27.000        0.0028
  20.000   27.000        0.0042
  21.000   27.000        0.0015
  22.000   27.000        0.1390
  23.000   27.000        0.0000
  24.000   27.000        0.0000
  25.000   27.000        0.0000
  26.000   27.000        0.0000
  27.000   27.000        0.0000
  28.000   27.000        0.0000
  29.000   27.000        0.0000
  30.000   27.000        0.0000
  31.000   27.000        0.0006
  32.000   27.000        0.0022
  33.000   27.000        0.0021
  34.000   27.000        0.0000
  35.000   27.000        0.0002
   1.000   28.000        0.0000
   2.000   28.000        0.0000
   3.000   28.000        0.0000
   4.000   28.000        0.0000
   5.000   28.000        0.0000
   6.000   28.000        0.0000
   7.000   28.000        0.0000
   8.000   28.000        0.0000
   9.000   28.000        0.0000
  10.000   28.000        0.0000
  11.000   28.000        0.0000
  12.000   28.000        0.0000
  13.000   28.000        0.0000
  14.000   28.000        0.0000
  15.000   28.000        0.0000
  16.000   28.000        0.0000
  17.000   28.000        0.0000
  18.000   28.000        0.0009
  19.000   28.000        0.0002
  20.000   28.000        0.0000
  21.000   28.000        0.0010
  22.000   28.000        0.0026
  23.000   28.000        0.0089
  24.000   28.000        0.1237
  25.000   28.000        0.2030
  26.000   28.000        0.0000
  27.000   28.000        0.0000
  28.000   28.000        0.0000
  29.000   28.000        0.0000
  30.000   28.000        0.0000
  31.000   28.000        0.0000
  32.000   28.000        0.1840
  33.000   28.000        0.1645
  34.000   28.000        0.0040
  35.000   28.000        0.0056
   1.000   29.000        0.0000
   2.000   29.000        0.0000
   3.000   29.000        0.0000
   4.000   29.000        0.0000
   5.000   29.000        0.0000
   6.000   29.000        0.0000
   7.000   29.000        0.0000
   8.000   29.000        0.0000
   9.000   29.000        0.0000
  10.000   29.000        0.0000
  11.000   29.000        0.0000
  12.000   29.000        0.0000
  13.000   29.000        0.0000
  14.000   29.000        0.0000
  15.000   29.000        0.0001
  16.000   29.000        0.0000
  17.000   29.000        0.0000
  18.000   29.000        0.0000
  19.000   29.000        0.0000
  20.000   29.000        0.0000
  21.000   29.000        0.0002
  22.000   29.000        0.0023
  23.000   29.000        0.0018
  24.000   29.000        0.0163
  25.000   29.000        0.0742
  26.000   29.000        0.0895
  27.000   29.000        0.0000
  28.000   29.000        0.0000
  29.000   29.000        0.0000
  30.000   29.000        0.0000
  31.000   29.000        0.0000
  32.000   29.000        0.4361
  33.000   29.000        0.1944
  34.000   29.000        0.0089
  35.000   29.000        0.0013
   1.000   30.000        0.0000
   2.000   30.000        0.0000
   3.000   30.000        0.0000
   4.000   30.000        0.0000
   5.000   30.000        0.0000
   6.000   30.000        0.0000
   7.000   30.000        0.0000
   8.000   30.000        0.0000
   9.000   30.000        0.0000
  10.000   30.000        0.0000
  11.000   30.000        0.0000
  12.000   30.000        0.0000
  13.000   30.000        0.0000
  14.000   30.000        0.0000
  15.000   30.000        0.0000
  16.000   30.000        0.0000
  17.000   30.000        0.0000
  18.000   30.000        0.0000
  19.000   30.000        0.0003
  20.000   30.000        0.0000
  21.000   30.000        0.0000
  22.000   30.000        0.0000
  23.000   30.000        0.0000
  24.000   30.000        0.0035
  25.000   30.000        0.0338
  26.000   30.000        0.0018
  27.000   30.000        0.0000
  28.000   30.000        0.0000
  29.000   30.000        0.0000
  30.000   30.000        0.0000
  31.000   30.000        0.0000
  32.000   30.000        0.0000
  33.000   30.000        0.0000
  34.000   30.000        0.0000
  35.000   30.000        0.0112
   1.000   31.000        0.0000
   2.000   31.000        0.0001
   3.000   31.000        0.0000
   4.000   31.000        0.0000
   5.000   31.000        0.0000
   6.000   31.000        0.0000
   7.000   31.000        0.0000
   8.000   31.000        0.0000
   9.000   31.000        0.0000
  10.000   31.000        0.0000
  11.000   31.000        0.0000
  12.000   31.000        0.0000
  13.000   31.000        0.0000
  14.000   31.000        0.0000
  15.000   31.000        0.0000
  16.000   31.000        0.0000
  17.000   31.000        0.0000
  18.000   31.000        0.0000
  19.000   31.000        0.0000
  20.000   31.000        0.0000
  21.000   31.000        0.0000
  22.000   31.000        0.0000
  23.000   31.000        0.0000
  24.000   31.000        0.0000
  25.000   31.000        0.0000
  26.000   31.000        0.0000
  27.000   31.000        0.0006
  28.000   31.000        0.0000
  29.000   31.000        0.0000
  30.000   31.000        0.0000
  31.000   31.000        0.0000
  32.000   31.000        0.0000
  33.000   31.000        0.0000
  34.000   31.000        0.0000
  35.000   31.000        0.0334
   1.000   32.000        0.0000
   2.000   32.000        0.0000
   3.000   32.000        0.0000
   4.000   32.000        0.0000
   5.000   32.000        0.0000
   6.000   32.000        0.0000
   7.000   32.000        0.0000
   8.000   32.000        0.0000
   9.000   32.000        0.0000
  10.000   32.000        0.0000
  11.000   32.000        0.0000
  12.000   32.000        0.0000
  13.000   32.000        0.0000
  14.000   32.000        0.0000
  15.000   32.000        0.0000
  16.000   32.000        0.0000
  17.000   32.000        0.0000
  18.000   32.000        0.0000
  19.000   32.000        0.0000
  20.000   32.000        0.0000
  21.000   32.000        0.0000
  22.000   32.000        0.0000
  23.000   32.000        0.0000
  24.000   32.000        0.0000
  25.000   32.000        0.0000
  26.000   32.000        0.0000
  27.000   32.000        0.0022
  28.000   32.000        0.1840
  29.000   32.000        0.4361
  30.000   32.000        0.0000
  31.000   32.000        0.0000
  32.000   32.000        0.0000
  33.000   32.000        0.0000
  34.000   32.000        0.0000
  35.000   32.000        0.0644
   1.000   33.000        0.0000
   2.000   33.000        0.0000
   3.000   33.000        0.0000
   4.000   33.000        0.0000
   5.000   33.000        0.0000
   6.000   33.000        0.0000
   7.000   33.000        0.0000
   8.000   33.000        0.0000
   9.000   33.000        0.0000
  10.000   33.000        0.0000
  11.000   33.000        0.0000
  12.000   33.000        0.0000
  13.000   33.000        0.0000
  14.000   33.000        0.0000
  15.000   33.000        0.0000
  16.000   33.000        0.0000
  17.000   33.000        0.0000
  18.000   33.000        0.0001
  19.000   33.000        0.0000
  20.000   33.000        0.0000
  21.000   33.000        0.0000
  22.000   33.000        0.0000
  23.000   33.000        0.0000
  24.000   33.000        0.0000
  25.000   33.000        0.0000
  26.000   33.000        0.0000
  27.000   33.000        0.0021
  28.000   33.000        0.1645
  29.000   33.000        0.1944
  30.000   33.000        0.0000
  31.000   33.000        0.0000
  32.000   33.000        0.0000
  33.000   33.000        0.0000
  34.000   33.000        0.0000
  35.000   33.000        0.6711
   1.000   34.000        0.0000
   2.000   34.000        0.0000
   3.000   34.000        0.0000
   4.000   34.000        0.0000
   5.000   34.000        0.0000
   6.000   34.000        0.0000
   7.000   34.000        0.0000
   8.000   34.000        0.0000
   9.000   34.000        0.0000
  10.000   34.000        0.0000
  11.000   34.000        0.0000
  12.000   34.000        0.0000
  13.000   34.000        0.0000
  14.000   34.000        0.0000
  15.000   34.000        0.0000
  16.000   34.000        0.0000
  17.000   34.000        0.0000
  18.000   34.000        0.0000
  19.000   34.000        0.0000
  20.000   34.000        0.0000
  21.000   34.000        0.0000
  22.000   34.000        0.0000
  23.000   34.000        0.0000
  24.000   34.000        0.0000
  25.000   34.000        0.0000
  26.000   34.000        0.0003
  27.000   34.000        0.0000
  28.000   34.000        0.0040
  29.000   34.000        0.0089
  30.000   34.000        0.0000
  31.000   34.000        0.0000
  32.000   34.000        0.0000
  33.000   34.000        0.0000
  34.000   34.000        0.0000
  35.000   34.000        0.0000
   1.000   35.000        0.0000
   2.000   35.000        0.0000
   3.000   35.000        0.0000
   4.000   35.000        0.0000
   5.000   35.000        0.0000
   6.000   35.000        0.0000
   7.000   35.000        0.0000
   8.000   35.000        0.0000
   9.000   35.000        0.0000
  10.000   35.000        0.0000
  11.000   35.000        0.0000
  12.000   35.000        0.0000
  13.000   35.000        0.0000
  14.000   35.000        0.0000
  15.000   35.000        0.0000
  16.000   35.000        0.0000
  17.000   35.000        0.0000
  18.000   35.000        0.0000
  19.000   35.000        0.0000
  20.000   35.000        0.0000
  21.000   35.000        0.0000
  22.000   35.000        0.0000
  23.000   35.000        0.0000
  24.000   35.000        0.0000
  25.000   35.000        0.0001
  26.000   35.000        0.0032
  27.000   35.000        0.0002
  28.000   35.000        0.0056
  29.000   35.000        0.0013
  30.000   35.000        0.0112
  31.000   35.000        0.0334
  32.000   35.000        0.0644
  33.000   35.000        0.6711
  34.000   35.000        0.0000
  35.000   35.000        0.0000
