#Residue Residue Contacts_00004[nonnatmap]
   1.000    1.000       0.0000
   2.000    1.000       0.0000
   3.000    1.000       0.0000
   4.000    1.000       0.0000
   5.000    1.000       0.0117
   6.000    1.000       0.1929
   7.000    1.000       0.0251
   8.000    1.000       0.0028
   9.000    1.000       0.0121
  10.000    1.000       0.0384
  11.000    1.000       0.0290
  12.000    1.000       0.0486
  13.000    1.000       0.0000
  14.000    1.000       0.0000
  15.000    1.000       0.0000
  16.000    1.000       0.0000
  17.000    1.000       0.0000
  18.000    1.000       0.0000
  19.000    1.000       0.0000
  20.000    1.000       0.0020
  21.000    1.000       0.0000
  22.000    1.000       0.0000
  23.000    1.000       0.0202
  24.000    1.000       0.0793
  25.000    1.000       0.0776
  26.000    1.000       0.0106
  27.000    1.000       0.0422
  28.000    1.000       0.0004
  29.000    1.000       0.0005
  30.000    1.000       0.0007
  31.000    1.000       0.0179
  32.000    1.000       0.0161
  33.000    1.000       0.0045
  34.000    1.000       0.0047
  35.000    1.000       0.0058
   1.000    2.000       0.0000
   2.000    2.000       0.0000
   3.000    2.000       0.0000
   4.000    2.000       0.0000
   5.000    2.000       0.1946
   6.000    2.000       0.1492
   7.000    2.000       0.0402
   8.000    2.000       0.0004
   9.000    2.000       0.0013
  10.000    2.000       0.0027
  11.000    2.000       0.0342
  12.000    2.000       0.0087
  13.000    2.000       0.0001
  14.000    2.000       0.0000
  15.000    2.000       0.0000
  16.000    2.000       0.0006
  17.000    2.000       0.0000
  18.000    2.000       0.0000
  19.000    2.000       0.0000
  20.000    2.000       0.0041
  21.000    2.000       0.0000
  22.000    2.000       0.0002
  23.000    2.000       0.0223
  24.000    2.000       0.1050
  25.000    2.000       0.1806
  26.000    2.000       0.0129
  27.000    2.000       0.0332
  28.000    2.000       0.0082
  29.000    2.000       0.0187
  30.000    2.000       0.0210
  31.000    2.000       0.0228
  32.000    2.000       0.0181
  33.000    2.000       0.0018
  34.000    2.000       0.0016
  35.000    2.000       0.0018
   1.000    3.000       0.0000
   2.000    3.000       0.0000
   3.000    3.000       0.0000
   4.000    3.000       0.0000
   5.000    3.000       0.0000
   6.000    3.000       0.4530
   7.000    3.000       0.1377
   8.000    3.000       0.0962
   9.000    3.000       0.1884
  10.000    3.000       0.1510
  11.000    3.000       0.2215
  12.000    3.000       0.0053
  13.000    3.000       0.0000
  14.000    3.000       0.0004
  15.000    3.000       0.0002
  16.000    3.000       0.0000
  17.000    3.000       0.0000
  18.000    3.000       0.0000
  19.000    3.000       0.0000
  20.000    3.000       0.0000
  21.000    3.000       0.1466
  22.000    3.000       0.0813
  23.000    3.000       0.0036
  24.000    3.000       0.1732
  25.000    3.000       0.1579
  26.000    3.000       0.0046
  27.000    3.000       0.0003
  28.000    3.000       0.0000
  29.000    3.000       0.0191
  30.000    3.000       0.0206
  31.000    3.000       0.0194
  32.000    3.000       0.0025
  33.000    3.000       0.0000
  34.000    3.000       0.0000
  35.000    3.000       0.0018
   1.000    4.000       0.0000
   2.000    4.000       0.0000
   3.000    4.000       0.0000
   4.000    4.000       0.0000
   5.000    4.000       0.0000
   6.000    4.000       0.8662
   7.000    4.000       0.3439
   8.000    4.000       0.3106
   9.000    4.000       0.4100
  10.000    4.000       0.1134
  11.000    4.000       0.0695
  12.000    4.000       0.0001
  13.000    4.000       0.0001
  14.000    4.000       0.0002
  15.000    4.000       0.0011
  16.000    4.000       0.0001
  17.000    4.000       0.0012
  18.000    4.000       0.0000
  19.000    4.000       0.0000
  20.000    4.000       0.0412
  21.000    4.000       0.1711
  22.000    4.000       0.0014
  23.000    4.000       0.0018
  24.000    4.000       0.1876
  25.000    4.000       0.0736
  26.000    4.000       0.0110
  27.000    4.000       0.0085
  28.000    4.000       0.0124
  29.000    4.000       0.0235
  30.000    4.000       0.0250
  31.000    4.000       0.0076
  32.000    4.000       0.0000
  33.000    4.000       0.0000
  34.000    4.000       0.0000
  35.000    4.000       0.0000
   1.000    5.000       0.0117
   2.000    5.000       0.1946
   3.000    5.000       0.0000
   4.000    5.000       0.0000
   5.000    5.000       0.0000
   6.000    5.000       0.0000
   7.000    5.000       0.8235
   8.000    5.000       0.3904
   9.000    5.000       0.3896
  10.000    5.000       0.1847
  11.000    5.000       0.0849
  12.000    5.000       0.0018
  13.000    5.000       0.0510
  14.000    5.000       0.0020
  15.000    5.000       0.0031
  16.000    5.000       0.0001
  17.000    5.000       0.0001
  18.000    5.000       0.0027
  19.000    5.000       0.0000
  20.000    5.000       0.0014
  21.000    5.000       0.1434
  22.000    5.000       0.0068
  23.000    5.000       0.0008
  24.000    5.000       0.0008
  25.000    5.000       0.0576
  26.000    5.000       0.0068
  27.000    5.000       0.0000
  28.000    5.000       0.0000
  29.000    5.000       0.0013
  30.000    5.000       0.0022
  31.000    5.000       0.0067
  32.000    5.000       0.0000
  33.000    5.000       0.0001
  34.000    5.000       0.0000
  35.000    5.000       0.0000
   1.000    6.000       0.1929
   2.000    6.000       0.1492
   3.000    6.000       0.4530
   4.000    6.000       0.8662
   5.000    6.000       0.0000
   6.000    6.000       0.0000
   7.000    6.000       0.0000
   8.000    6.000       0.0000
   9.000    6.000       0.4829
  10.000    6.000       0.1818
  11.000    6.000       0.2352
  12.000    6.000       0.0055
  13.000    6.000       0.0000
  14.000    6.000       0.0000
  15.000    6.000       0.0000
  16.000    6.000       0.0000
  17.000    6.000       0.0000
  18.000    6.000       0.0000
  19.000    6.000       0.0000
  20.000    6.000       0.0000
  21.000    6.000       0.0000
  22.000    6.000       0.0000
  23.000    6.000       0.0000
  24.000    6.000       0.0000
  25.000    6.000       0.0000
  26.000    6.000       0.0002
  27.000    6.000       0.0024
  28.000    6.000       0.0036
  29.000    6.000       0.1228
  30.000    6.000       0.1128
  31.000    6.000       0.0577
  32.000    6.000       0.0002
  33.000    6.000       0.0000
  34.000    6.000       0.0000
  35.000    6.000       0.0000
   1.000    7.000       0.0251
   2.000    7.000       0.0402
   3.000    7.000       0.1377
   4.000    7.000       0.3439
   5.000    7.000       0.8235
   6.000    7.000       0.0000
   7.000    7.000       0.0000
   8.000    7.000       0.0000
   9.000    7.000       0.0000
  10.000    7.000       0.0744
  11.000    7.000       0.0000
  12.000    7.000       0.1652
  13.000    7.000       0.0135
  14.000    7.000       0.0000
  15.000    7.000       0.0000
  16.000    7.000       0.0000
  17.000    7.000       0.0000
  18.000    7.000       0.0000
  19.000    7.000       0.0000
  20.000    7.000       0.0000
  21.000    7.000       0.0000
  22.000    7.000       0.0000
  23.000    7.000       0.0004
  24.000    7.000       0.0121
  25.000    7.000       0.0003
  26.000    7.000       0.0008
  27.000    7.000       0.0500
  28.000    7.000       0.0639
  29.000    7.000       0.1538
  30.000    7.000       0.0344
  31.000    7.000       0.0075
  32.000    7.000       0.0004
  33.000    7.000       0.0000
  34.000    7.000       0.0000
  35.000    7.000       0.0000
   1.000    8.000       0.0028
   2.000    8.000       0.0004
   3.000    8.000       0.0962
   4.000    8.000       0.3106
   5.000    8.000       0.3904
   6.000    8.000       0.0000
   7.000    8.000       0.0000
   8.000    8.000       0.0000
   9.000    8.000       0.0000
  10.000    8.000       0.0000
  11.000    8.000       0.0000
  12.000    8.000       0.2119
  13.000    8.000       0.1440
  14.000    8.000       0.0230
  15.000    8.000       0.0028
  16.000    8.000       0.0008
  17.000    8.000       0.0000
  18.000    8.000       0.0001
  19.000    8.000       0.0002
  20.000    8.000       0.0005
  21.000    8.000       0.0001
  22.000    8.000       0.0000
  23.000    8.000       0.0160
  24.000    8.000       0.0307
  25.000    8.000       0.0085
  26.000    8.000       0.0254
  27.000    8.000       0.1213
  28.000    8.000       0.1772
  29.000    8.000       0.1522
  30.000    8.000       0.1266
  31.000    8.000       0.0027
  32.000    8.000       0.0006
  33.000    8.000       0.0000
  34.000    8.000       0.0000
  35.000    8.000       0.0000
   1.000    9.000       0.0121
   2.000    9.000       0.0013
   3.000    9.000       0.1884
   4.000    9.000       0.4100
   5.000    9.000       0.3896
   6.000    9.000       0.4829
   7.000    9.000       0.0000
   8.000    9.000       0.0000
   9.000    9.000       0.0000
  10.000    9.000       0.0000
  11.000    9.000       0.0000
  12.000    9.000       0.1608
  13.000    9.000       0.1550
  14.000    9.000       0.0034
  15.000    9.000       0.0010
  16.000    9.000       0.0048
  17.000    9.000       0.0001
  18.000    9.000       0.0004
  19.000    9.000       0.0005
  20.000    9.000       0.0016
  21.000    9.000       0.0015
  22.000    9.000       0.0000
  23.000    9.000       0.0266
  24.000    9.000       0.0199
  25.000    9.000       0.0836
  26.000    9.000       0.0243
  27.000    9.000       0.0306
  28.000    9.000       0.1585
  29.000    9.000       0.1254
  30.000    9.000       0.1309
  31.000    9.000       0.0023
  32.000    9.000       0.0010
  33.000    9.000       0.0000
  34.000    9.000       0.0000
  35.000    9.000       0.0000
   1.000   10.000       0.0384
   2.000   10.000       0.0027
   3.000   10.000       0.1510
   4.000   10.000       0.1134
   5.000   10.000       0.1847
   6.000   10.000       0.1818
   7.000   10.000       0.0744
   8.000   10.000       0.0000
   9.000   10.000       0.0000
  10.000   10.000       0.0000
  11.000   10.000       0.0000
  12.000   10.000       0.0000
  13.000   10.000       0.0000
  14.000   10.000       0.0000
  15.000   10.000       0.0296
  16.000   10.000       0.0017
  17.000   10.000       0.0000
  18.000   10.000       0.0013
  19.000   10.000       0.0063
  20.000   10.000       0.0504
  21.000   10.000       0.0432
  22.000   10.000       0.0000
  23.000   10.000       0.0196
  24.000   10.000       0.0241
  25.000   10.000       0.0258
  26.000   10.000       0.0100
  27.000   10.000       0.0001
  28.000   10.000       0.0049
  29.000   10.000       0.0001
  30.000   10.000       0.0048
  31.000   10.000       0.0000
  32.000   10.000       0.0000
  33.000   10.000       0.0000
  34.000   10.000       0.0000
  35.000   10.000       0.0000
   1.000   11.000       0.0290
   2.000   11.000       0.0342
   3.000   11.000       0.2215
   4.000   11.000       0.0695
   5.000   11.000       0.0849
   6.000   11.000       0.2352
   7.000   11.000       0.0000
   8.000   11.000       0.0000
   9.000   11.000       0.0000
  10.000   11.000       0.0000
  11.000   11.000       0.0000
  12.000   11.000       0.0000
  13.000   11.000       0.0000
  14.000   11.000       0.0761
  15.000   11.000       0.0000
  16.000   11.000       0.0000
  17.000   11.000       0.0000
  18.000   11.000       0.0000
  19.000   11.000       0.0000
  20.000   11.000       0.0000
  21.000   11.000       0.0000
  22.000   11.000       0.0000
  23.000   11.000       0.0000
  24.000   11.000       0.0000
  25.000   11.000       0.0000
  26.000   11.000       0.0000
  27.000   11.000       0.0000
  28.000   11.000       0.0000
  29.000   11.000       0.0000
  30.000   11.000       0.0078
  31.000   11.000       0.0003
  32.000   11.000       0.0000
  33.000   11.000       0.0000
  34.000   11.000       0.0000
  35.000   11.000       0.0000
   1.000   12.000       0.0486
   2.000   12.000       0.0087
   3.000   12.000       0.0053
   4.000   12.000       0.0001
   5.000   12.000       0.0018
   6.000   12.000       0.0055
   7.000   12.000       0.1652
   8.000   12.000       0.2119
   9.000   12.000       0.1608
  10.000   12.000       0.0000
  11.000   12.000       0.0000
  12.000   12.000       0.0000
  13.000   12.000       0.0000
  14.000   12.000       0.5878
  15.000   12.000       0.0000
  16.000   12.000       0.0000
  17.000   12.000       0.0002
  18.000   12.000       0.0000
  19.000   12.000       0.0000
  20.000   12.000       0.0003
  21.000   12.000       0.0002
  22.000   12.000       0.0000
  23.000   12.000       0.0000
  24.000   12.000       0.0062
  25.000   12.000       0.0000
  26.000   12.000       0.0000
  27.000   12.000       0.0000
  28.000   12.000       0.0042
  29.000   12.000       0.0014
  30.000   12.000       0.0027
  31.000   12.000       0.0000
  32.000   12.000       0.0000
  33.000   12.000       0.0000
  34.000   12.000       0.0000
  35.000   12.000       0.0004
   1.000   13.000       0.0000
   2.000   13.000       0.0001
   3.000   13.000       0.0000
   4.000   13.000       0.0001
   5.000   13.000       0.0510
   6.000   13.000       0.0000
   7.000   13.000       0.0135
   8.000   13.000       0.1440
   9.000   13.000       0.1550
  10.000   13.000       0.0000
  11.000   13.000       0.0000
  12.000   13.000       0.0000
  13.000   13.000       0.0000
  14.000   13.000       0.0000
  15.000   13.000       0.0000
  16.000   13.000       0.0001
  17.000   13.000       0.1287
  18.000   13.000       0.0096
  19.000   13.000       0.0006
  20.000   13.000       0.1272
  21.000   13.000       0.0592
  22.000   13.000       0.0000
  23.000   13.000       0.0094
  24.000   13.000       0.0996
  25.000   13.000       0.0000
  26.000   13.000       0.0004
  27.000   13.000       0.0040
  28.000   13.000       0.0300
  29.000   13.000       0.0099
  30.000   13.000       0.0001
  31.000   13.000       0.0000
  32.000   13.000       0.0000
  33.000   13.000       0.0000
  34.000   13.000       0.0000
  35.000   13.000       0.0014
   1.000   14.000       0.0000
   2.000   14.000       0.0000
   3.000   14.000       0.0004
   4.000   14.000       0.0002
   5.000   14.000       0.0020
   6.000   14.000       0.0000
   7.000   14.000       0.0000
   8.000   14.000       0.0230
   9.000   14.000       0.0034
  10.000   14.000       0.0000
  11.000   14.000       0.0761
  12.000   14.000       0.5878
  13.000   14.000       0.0000
  14.000   14.000       0.0000
  15.000   14.000       0.0000
  16.000   14.000       0.0000
  17.000   14.000       0.2626
  18.000   14.000       0.0843
  19.000   14.000       0.0008
  20.000   14.000       0.1364
  21.000   14.000       0.0550
  22.000   14.000       0.0000
  23.000   14.000       0.0000
  24.000   14.000       0.0158
  25.000   14.000       0.0048
  26.000   14.000       0.0000
  27.000   14.000       0.0000
  28.000   14.000       0.0000
  29.000   14.000       0.0005
  30.000   14.000       0.0000
  31.000   14.000       0.0000
  32.000   14.000       0.0000
  33.000   14.000       0.0000
  34.000   14.000       0.0000
  35.000   14.000       0.0000
   1.000   15.000       0.0000
   2.000   15.000       0.0000
   3.000   15.000       0.0002
   4.000   15.000       0.0011
   5.000   15.000       0.0031
   6.000   15.000       0.0000
   7.000   15.000       0.0000
   8.000   15.000       0.0028
   9.000   15.000       0.0010
  10.000   15.000       0.0296
  11.000   15.000       0.0000
  12.000   15.000       0.0000
  13.000   15.000       0.0000
  14.000   15.000       0.0000
  15.000   15.000       0.0000
  16.000   15.000       0.0000
  17.000   15.000       0.0000
  18.000   15.000       0.3150
  19.000   15.000       0.0385
  20.000   15.000       0.5431
  21.000   15.000       0.5008
  22.000   15.000       0.0000
  23.000   15.000       0.0000
  24.000   15.000       0.0945
  25.000   15.000       0.0743
  26.000   15.000       0.0001
  27.000   15.000       0.0000
  28.000   15.000       0.0000
  29.000   15.000       0.0014
  30.000   15.000       0.0002
  31.000   15.000       0.0000
  32.000   15.000       0.0000
  33.000   15.000       0.0000
  34.000   15.000       0.0000
  35.000   15.000       0.0000
   1.000   16.000       0.0000
   2.000   16.000       0.0006
   3.000   16.000       0.0000
   4.000   16.000       0.0001
   5.000   16.000       0.0001
   6.000   16.000       0.0000
   7.000   16.000       0.0000
   8.000   16.000       0.0008
   9.000   16.000       0.0048
  10.000   16.000       0.0017
  11.000   16.000       0.0000
  12.000   16.000       0.0000
  13.000   16.000       0.0001
  14.000   16.000       0.0000
  15.000   16.000       0.0000
  16.000   16.000       0.0000
  17.000   16.000       0.0000
  18.000   16.000       0.0000
  19.000   16.000       0.0702
  20.000   16.000       0.0000
  21.000   16.000       0.1088
  22.000   16.000       0.0000
  23.000   16.000       0.0000
  24.000   16.000       0.0000
  25.000   16.000       0.0000
  26.000   16.000       0.0000
  27.000   16.000       0.0000
  28.000   16.000       0.0000
  29.000   16.000       0.0096
  30.000   16.000       0.0000
  31.000   16.000       0.0061
  32.000   16.000       0.0033
  33.000   16.000       0.0002
  34.000   16.000       0.0001
  35.000   16.000       0.0001
   1.000   17.000       0.0000
   2.000   17.000       0.0000
   3.000   17.000       0.0000
   4.000   17.000       0.0012
   5.000   17.000       0.0001
   6.000   17.000       0.0000
   7.000   17.000       0.0000
   8.000   17.000       0.0000
   9.000   17.000       0.0001
  10.000   17.000       0.0000
  11.000   17.000       0.0000
  12.000   17.000       0.0002
  13.000   17.000       0.1287
  14.000   17.000       0.2626
  15.000   17.000       0.0000
  16.000   17.000       0.0000
  17.000   17.000       0.0000
  18.000   17.000       0.0000
  19.000   17.000       0.0000
  20.000   17.000       0.0000
  21.000   17.000       0.0000
  22.000   17.000       0.0000
  23.000   17.000       0.0000
  24.000   17.000       0.0000
  25.000   17.000       0.0000
  26.000   17.000       0.0000
  27.000   17.000       0.0000
  28.000   17.000       0.0000
  29.000   17.000       0.0006
  30.000   17.000       0.0000
  31.000   17.000       0.0000
  32.000   17.000       0.0000
  33.000   17.000       0.0000
  34.000   17.000       0.0000
  35.000   17.000       0.0000
   1.000   18.000       0.0000
   2.000   18.000       0.0000
   3.000   18.000       0.0000
   4.000   18.000       0.0000
   5.000   18.000       0.0027
   6.000   18.000       0.0000
   7.000   18.000       0.0000
   8.000   18.000       0.0001
   9.000   18.000       0.0004
  10.000   18.000       0.0013
  11.000   18.000       0.0000
  12.000   18.000       0.0000
  13.000   18.000       0.0096
  14.000   18.000       0.0843
  15.000   18.000       0.3150
  16.000   18.000       0.0000
  17.000   18.000       0.0000
  18.000   18.000       0.0000
  19.000   18.000       0.0000
  20.000   18.000       0.0000
  21.000   18.000       0.0000
  22.000   18.000       0.7037
  23.000   18.000       0.0075
  24.000   18.000       0.0000
  25.000   18.000       0.0000
  26.000   18.000       0.0000
  27.000   18.000       0.0000
  28.000   18.000       0.0000
  29.000   18.000       0.0000
  30.000   18.000       0.0000
  31.000   18.000       0.0000
  32.000   18.000       0.0000
  33.000   18.000       0.0000
  34.000   18.000       0.0000
  35.000   18.000       0.0000
   1.000   19.000       0.0000
   2.000   19.000       0.0000
   3.000   19.000       0.0000
   4.000   19.000       0.0000
   5.000   19.000       0.0000
   6.000   19.000       0.0000
   7.000   19.000       0.0000
   8.000   19.000       0.0002
   9.000   19.000       0.0005
  10.000   19.000       0.0063
  11.000   19.000       0.0000
  12.000   19.000       0.0000
  13.000   19.000       0.0006
  14.000   19.000       0.0008
  15.000   19.000       0.0385
  16.000   19.000       0.0702
  17.000   19.000       0.0000
  18.000   19.000       0.0000
  19.000   19.000       0.0000
  20.000   19.000       0.0000
  21.000   19.000       0.0000
  22.000   19.000       0.0000
  23.000   19.000       0.6971
  24.000   19.000       0.0018
  25.000   19.000       0.0000
  26.000   19.000       0.0000
  27.000   19.000       0.0000
  28.000   19.000       0.0000
  29.000   19.000       0.0411
  30.000   19.000       0.0365
  31.000   19.000       0.0200
  32.000   19.000       0.0046
  33.000   19.000       0.0000
  34.000   19.000       0.0000
  35.000   19.000       0.0000
   1.000   20.000       0.0020
   2.000   20.000       0.0041
   3.000   20.000       0.0000
   4.000   20.000       0.0412
   5.000   20.000       0.0014
   6.000   20.000       0.0000
   7.000   20.000       0.0000
   8.000   20.000       0.0005
   9.000   20.000       0.0016
  10.000   20.000       0.0504
  11.000   20.000       0.0000
  12.000   20.000       0.0003
  13.000   20.000       0.1272
  14.000   20.000       0.1364
  15.000   20.000       0.5431
  16.000   20.000       0.0000
  17.000   20.000       0.0000
  18.000   20.000       0.0000
  19.000   20.000       0.0000
  20.000   20.000       0.0000
  21.000   20.000       0.0000
  22.000   20.000       0.0000
  23.000   20.000       0.0000
  24.000   20.000       0.8362
  25.000   20.000       0.0773
  26.000   20.000       0.0013
  27.000   20.000       0.0355
  28.000   20.000       0.0402
  29.000   20.000       0.0565
  30.000   20.000       0.0371
  31.000   20.000       0.0094
  32.000   20.000       0.0040
  33.000   20.000       0.0000
  34.000   20.000       0.0000
  35.000   20.000       0.0000
   1.000   21.000       0.0000
   2.000   21.000       0.0000
   3.000   21.000       0.1466
   4.000   21.000       0.1711
   5.000   21.000       0.1434
   6.000   21.000       0.0000
   7.000   21.000       0.0000
   8.000   21.000       0.0001
   9.000   21.000       0.0015
  10.000   21.000       0.0432
  11.000   21.000       0.0000
  12.000   21.000       0.0002
  13.000   21.000       0.0592
  14.000   21.000       0.0550
  15.000   21.000       0.5008
  16.000   21.000       0.1088
  17.000   21.000       0.0000
  18.000   21.000       0.0000
  19.000   21.000       0.0000
  20.000   21.000       0.0000
  21.000   21.000       0.0000
  22.000   21.000       0.0000
  23.000   21.000       0.0000
  24.000   21.000       0.0000
  25.000   21.000       0.0000
  26.000   21.000       0.0000
  27.000   21.000       0.0633
  28.000   21.000       0.0000
  29.000   21.000       0.0000
  30.000   21.000       0.0032
  31.000   21.000       0.0000
  32.000   21.000       0.0000
  33.000   21.000       0.0000
  34.000   21.000       0.0000
  35.000   21.000       0.0000
   1.000   22.000       0.0000
   2.000   22.000       0.0002
   3.000   22.000       0.0813
   4.000   22.000       0.0014
   5.000   22.000       0.0068
   6.000   22.000       0.0000
   7.000   22.000       0.0000
   8.000   22.000       0.0000
   9.000   22.000       0.0000
  10.000   22.000       0.0000
  11.000   22.000       0.0000
  12.000   22.000       0.0000
  13.000   22.000       0.0000
  14.000   22.000       0.0000
  15.000   22.000       0.0000
  16.000   22.000       0.0000
  17.000   22.000       0.0000
  18.000   22.000       0.7037
  19.000   22.000       0.0000
  20.000   22.000       0.0000
  21.000   22.000       0.0000
  22.000   22.000       0.0000
  23.000   22.000       0.0000
  24.000   22.000       0.0000
  25.000   22.000       0.0000
  26.000   22.000       0.0000
  27.000   22.000       0.0000
  28.000   22.000       0.0857
  29.000   22.000       0.0292
  30.000   22.000       0.0134
  31.000   22.000       0.0000
  32.000   22.000       0.0000
  33.000   22.000       0.0000
  34.000   22.000       0.0000
  35.000   22.000       0.0000
   1.000   23.000       0.0202
   2.000   23.000       0.0223
   3.000   23.000       0.0036
   4.000   23.000       0.0018
   5.000   23.000       0.0008
   6.000   23.000       0.0000
   7.000   23.000       0.0004
   8.000   23.000       0.0160
   9.000   23.000       0.0266
  10.000   23.000       0.0196
  11.000   23.000       0.0000
  12.000   23.000       0.0000
  13.000   23.000       0.0094
  14.000   23.000       0.0000
  15.000   23.000       0.0000
  16.000   23.000       0.0000
  17.000   23.000       0.0000
  18.000   23.000       0.0075
  19.000   23.000       0.6971
  20.000   23.000       0.0000
  21.000   23.000       0.0000
  22.000   23.000       0.0000
  23.000   23.000       0.0000
  24.000   23.000       0.0000
  25.000   23.000       0.0000
  26.000   23.000       0.0000
  27.000   23.000       0.0000
  28.000   23.000       0.3044
  29.000   23.000       0.1928
  30.000   23.000       0.1294
  31.000   23.000       0.0013
  32.000   23.000       0.0036
  33.000   23.000       0.0000
  34.000   23.000       0.0000
  35.000   23.000       0.0000
   1.000   24.000       0.0793
   2.000   24.000       0.1050
   3.000   24.000       0.1732
   4.000   24.000       0.1876
   5.000   24.000       0.0008
   6.000   24.000       0.0000
   7.000   24.000       0.0121
   8.000   24.000       0.0307
   9.000   24.000       0.0199
  10.000   24.000       0.0241
  11.000   24.000       0.0000
  12.000   24.000       0.0062
  13.000   24.000       0.0996
  14.000   24.000       0.0158
  15.000   24.000       0.0945
  16.000   24.000       0.0000
  17.000   24.000       0.0000
  18.000   24.000       0.0000
  19.000   24.000       0.0018
  20.000   24.000       0.8362
  21.000   24.000       0.0000
  22.000   24.000       0.0000
  23.000   24.000       0.0000
  24.000   24.000       0.0000
  25.000   24.000       0.0000
  26.000   24.000       0.0000
  27.000   24.000       0.0000
  28.000   24.000       0.4233
  29.000   24.000       0.0409
  30.000   24.000       0.0110
  31.000   24.000       0.0000
  32.000   24.000       0.0000
  33.000   24.000       0.0000
  34.000   24.000       0.0000
  35.000   24.000       0.0000
   1.000   25.000       0.0776
   2.000   25.000       0.1806
   3.000   25.000       0.1579
   4.000   25.000       0.0736
   5.000   25.000       0.0576
   6.000   25.000       0.0000
   7.000   25.000       0.0003
   8.000   25.000       0.0085
   9.000   25.000       0.0836
  10.000   25.000       0.0258
  11.000   25.000       0.0000
  12.000   25.000       0.0000
  13.000   25.000       0.0000
  14.000   25.000       0.0048
  15.000   25.000       0.0743
  16.000   25.000       0.0000
  17.000   25.000       0.0000
  18.000   25.000       0.0000
  19.000   25.000       0.0000
  20.000   25.000       0.0773
  21.000   25.000       0.0000
  22.000   25.000       0.0000
  23.000   25.000       0.0000
  24.000   25.000       0.0000
  25.000   25.000       0.0000
  26.000   25.000       0.0000
  27.000   25.000       0.0000
  28.000   25.000       0.3762
  29.000   25.000       0.0018
  30.000   25.000       0.0001
  31.000   25.000       0.0001
  32.000   25.000       0.0000
  33.000   25.000       0.0000
  34.000   25.000       0.0000
  35.000   25.000       0.0000
   1.000   26.000       0.0106
   2.000   26.000       0.0129
   3.000   26.000       0.0046
   4.000   26.000       0.0110
   5.000   26.000       0.0068
   6.000   26.000       0.0002
   7.000   26.000       0.0008
   8.000   26.000       0.0254
   9.000   26.000       0.0243
  10.000   26.000       0.0100
  11.000   26.000       0.0000
  12.000   26.000       0.0000
  13.000   26.000       0.0004
  14.000   26.000       0.0000
  15.000   26.000       0.0001
  16.000   26.000       0.0000
  17.000   26.000       0.0000
  18.000   26.000       0.0000
  19.000   26.000       0.0000
  20.000   26.000       0.0013
  21.000   26.000       0.0000
  22.000   26.000       0.0000
  23.000   26.000       0.0000
  24.000   26.000       0.0000
  25.000   26.000       0.0000
  26.000   26.000       0.0000
  27.000   26.000       0.0000
  28.000   26.000       0.0000
  29.000   26.000       0.0000
  30.000   26.000       0.0020
  31.000   26.000       0.0674
  32.000   26.000       0.0049
  33.000   26.000       0.0000
  34.000   26.000       0.0000
  35.000   26.000       0.0017
   1.000   27.000       0.0422
   2.000   27.000       0.0332
   3.000   27.000       0.0003
   4.000   27.000       0.0085
   5.000   27.000       0.0000
   6.000   27.000       0.0024
   7.000   27.000       0.0500
   8.000   27.000       0.1213
   9.000   27.000       0.0306
  10.000   27.000       0.0001
  11.000   27.000       0.0000
  12.000   27.000       0.0000
  13.000   27.000       0.0040
  14.000   27.000       0.0000
  15.000   27.000       0.0000
  16.000   27.000       0.0000
  17.000   27.000       0.0000
  18.000   27.000       0.0000
  19.000   27.000       0.0000
  20.000   27.000       0.0355
  21.000   27.000       0.0633
  22.000   27.000       0.0000
  23.000   27.000       0.0000
  24.000   27.000       0.0000
  25.000   27.000       0.0000
  26.000   27.000       0.0000
  27.000   27.000       0.0000
  28.000   27.000       0.0000
  29.000   27.000       0.0000
  30.000   27.000       0.0000
  31.000   27.000       0.1084
  32.000   27.000       0.1514
  33.000   27.000       0.0008
  34.000   27.000       0.0000
  35.000   27.000       0.0001
   1.000   28.000       0.0004
   2.000   28.000       0.0082
   3.000   28.000       0.0000
   4.000   28.000       0.0124
   5.000   28.000       0.0000
   6.000   28.000       0.0036
   7.000   28.000       0.0639
   8.000   28.000       0.1772
   9.000   28.000       0.1585
  10.000   28.000       0.0049
  11.000   28.000       0.0000
  12.000   28.000       0.0042
  13.000   28.000       0.0300
  14.000   28.000       0.0000
  15.000   28.000       0.0000
  16.000   28.000       0.0000
  17.000   28.000       0.0000
  18.000   28.000       0.0000
  19.000   28.000       0.0000
  20.000   28.000       0.0402
  21.000   28.000       0.0000
  22.000   28.000       0.0857
  23.000   28.000       0.3044
  24.000   28.000       0.4233
  25.000   28.000       0.3762
  26.000   28.000       0.0000
  27.000   28.000       0.0000
  28.000   28.000       0.0000
  29.000   28.000       0.0000
  30.000   28.000       0.0000
  31.000   28.000       0.2018
  32.000   28.000       0.1737
  33.000   28.000       0.0047
  34.000   28.000       0.0024
  35.000   28.000       0.0129
   1.000   29.000       0.0005
   2.000   29.000       0.0187
   3.000   29.000       0.0191
   4.000   29.000       0.0235
   5.000   29.000       0.0013
   6.000   29.000       0.1228
   7.000   29.000       0.1538
   8.000   29.000       0.1522
   9.000   29.000       0.1254
  10.000   29.000       0.0001
  11.000   29.000       0.0000
  12.000   29.000       0.0014
  13.000   29.000       0.0099
  14.000   29.000       0.0005
  15.000   29.000       0.0014
  16.000   29.000       0.0096
  17.000   29.000       0.0006
  18.000   29.000       0.0000
  19.000   29.000       0.0411
  20.000   29.000       0.0565
  21.000   29.000       0.0000
  22.000   29.000       0.0292
  23.000   29.000       0.1928
  24.000   29.000       0.0409
  25.000   29.000       0.0018
  26.000   29.000       0.0000
  27.000   29.000       0.0000
  28.000   29.000       0.0000
  29.000   29.000       0.0000
  30.000   29.000       0.0000
  31.000   29.000       0.0000
  32.000   29.000       0.3511
  33.000   29.000       0.1722
  34.000   29.000       0.0727
  35.000   29.000       0.0103
   1.000   30.000       0.0007
   2.000   30.000       0.0210
   3.000   30.000       0.0206
   4.000   30.000       0.0250
   5.000   30.000       0.0022
   6.000   30.000       0.1128
   7.000   30.000       0.0344
   8.000   30.000       0.1266
   9.000   30.000       0.1309
  10.000   30.000       0.0048
  11.000   30.000       0.0078
  12.000   30.000       0.0027
  13.000   30.000       0.0001
  14.000   30.000       0.0000
  15.000   30.000       0.0002
  16.000   30.000       0.0000
  17.000   30.000       0.0000
  18.000   30.000       0.0000
  19.000   30.000       0.0365
  20.000   30.000       0.0371
  21.000   30.000       0.0032
  22.000   30.000       0.0134
  23.000   30.000       0.1294
  24.000   30.000       0.0110
  25.000   30.000       0.0001
  26.000   30.000       0.0020
  27.000   30.000       0.0000
  28.000   30.000       0.0000
  29.000   30.000       0.0000
  30.000   30.000       0.0000
  31.000   30.000       0.0000
  32.000   30.000       0.7946
  33.000   30.000       0.2135
  34.000   30.000       0.1354
  35.000   30.000       0.0764
   1.000   31.000       0.0179
   2.000   31.000       0.0228
   3.000   31.000       0.0194
   4.000   31.000       0.0076
   5.000   31.000       0.0067
   6.000   31.000       0.0577
   7.000   31.000       0.0075
   8.000   31.000       0.0027
   9.000   31.000       0.0023
  10.000   31.000       0.0000
  11.000   31.000       0.0003
  12.000   31.000       0.0000
  13.000   31.000       0.0000
  14.000   31.000       0.0000
  15.000   31.000       0.0000
  16.000   31.000       0.0061
  17.000   31.000       0.0000
  18.000   31.000       0.0000
  19.000   31.000       0.0200
  20.000   31.000       0.0094
  21.000   31.000       0.0000
  22.000   31.000       0.0000
  23.000   31.000       0.0013
  24.000   31.000       0.0000
  25.000   31.000       0.0001
  26.000   31.000       0.0674
  27.000   31.000       0.1084
  28.000   31.000       0.2018
  29.000   31.000       0.0000
  30.000   31.000       0.0000
  31.000   31.000       0.0000
  32.000   31.000       0.0000
  33.000   31.000       0.0000
  34.000   31.000       0.1183
  35.000   31.000       0.0183
   1.000   32.000       0.0161
   2.000   32.000       0.0181
   3.000   32.000       0.0025
   4.000   32.000       0.0000
   5.000   32.000       0.0000
   6.000   32.000       0.0002
   7.000   32.000       0.0004
   8.000   32.000       0.0006
   9.000   32.000       0.0010
  10.000   32.000       0.0000
  11.000   32.000       0.0000
  12.000   32.000       0.0000
  13.000   32.000       0.0000
  14.000   32.000       0.0000
  15.000   32.000       0.0000
  16.000   32.000       0.0033
  17.000   32.000       0.0000
  18.000   32.000       0.0000
  19.000   32.000       0.0046
  20.000   32.000       0.0040
  21.000   32.000       0.0000
  22.000   32.000       0.0000
  23.000   32.000       0.0036
  24.000   32.000       0.0000
  25.000   32.000       0.0000
  26.000   32.000       0.0049
  27.000   32.000       0.1514
  28.000   32.000       0.1737
  29.000   32.000       0.3511
  30.000   32.000       0.7946
  31.000   32.000       0.0000
  32.000   32.000       0.0000
  33.000   32.000       0.0000
  34.000   32.000       0.6952
  35.000   32.000       0.0535
   1.000   33.000       0.0045
   2.000   33.000       0.0018
   3.000   33.000       0.0000
   4.000   33.000       0.0000
   5.000   33.000       0.0001
   6.000   33.000       0.0000
   7.000   33.000       0.0000
   8.000   33.000       0.0000
   9.000   33.000       0.0000
  10.000   33.000       0.0000
  11.000   33.000       0.0000
  12.000   33.000       0.0000
  13.000   33.000       0.0000
  14.000   33.000       0.0000
  15.000   33.000       0.0000
  16.000   33.000       0.0002
  17.000   33.000       0.0000
  18.000   33.000       0.0000
  19.000   33.000       0.0000
  20.000   33.000       0.0000
  21.000   33.000       0.0000
  22.000   33.000       0.0000
  23.000   33.000       0.0000
  24.000   33.000       0.0000
  25.000   33.000       0.0000
  26.000   33.000       0.0000
  27.000   33.000       0.0008
  28.000   33.000       0.0047
  29.000   33.000       0.1722
  30.000   33.000       0.2135
  31.000   33.000       0.0000
  32.000   33.000       0.0000
  33.000   33.000       0.0000
  34.000   33.000       0.0000
  35.000   33.000       0.0000
   1.000   34.000       0.0047
   2.000   34.000       0.0016
   3.000   34.000       0.0000
   4.000   34.000       0.0000
   5.000   34.000       0.0000
   6.000   34.000       0.0000
   7.000   34.000       0.0000
   8.000   34.000       0.0000
   9.000   34.000       0.0000
  10.000   34.000       0.0000
  11.000   34.000       0.0000
  12.000   34.000       0.0000
  13.000   34.000       0.0000
  14.000   34.000       0.0000
  15.000   34.000       0.0000
  16.000   34.000       0.0001
  17.000   34.000       0.0000
  18.000   34.000       0.0000
  19.000   34.000       0.0000
  20.000   34.000       0.0000
  21.000   34.000       0.0000
  22.000   34.000       0.0000
  23.000   34.000       0.0000
  24.000   34.000       0.0000
  25.000   34.000       0.0000
  26.000   34.000       0.0000
  27.000   34.000       0.0000
  28.000   34.000       0.0024
  29.000   34.000       0.0727
  30.000   34.000       0.1354
  31.000   34.000       0.1183
  32.000   34.000       0.6952
  33.000   34.000       0.0000
  34.000   34.000       0.0000
  35.000   34.000       0.0000
   1.000   35.000       0.0058
   2.000   35.000       0.0018
   3.000   35.000       0.0018
   4.000   35.000       0.0000
   5.000   35.000       0.0000
   6.000   35.000       0.0000
   7.000   35.000       0.0000
   8.000   35.000       0.0000
   9.000   35.000       0.0000
  10.000   35.000       0.0000
  11.000   35.000       0.0000
  12.000   35.000       0.0004
  13.000   35.000       0.0014
  14.000   35.000       0.0000
  15.000   35.000       0.0000
  16.000   35.000       0.0001
  17.000   35.000       0.0000
  18.000   35.000       0.0000
  19.000   35.000       0.0000
  20.000   35.000       0.0000
  21.000   35.000       0.0000
  22.000   35.000       0.0000
  23.000   35.000       0.0000
  24.000   35.000       0.0000
  25.000   35.000       0.0000
  26.000   35.000       0.0017
  27.000   35.000       0.0001
  28.000   35.000       0.0129
  29.000   35.000       0.0103
  30.000   35.000       0.0764
  31.000   35.000       0.0183
  32.000   35.000       0.0535
  33.000   35.000       0.0000
  34.000   35.000       0.0000
  35.000   35.000       0.0000
